"trap.station","type.of.hits","hit_type_plant","Species","Sp_Pin_Hits","Treatment","Block","Date"
"1A","1st","","bracharia.lacnantha",NA,"C","N","20090617"
"1A","1st","","lintonia.nutans",NA,"C","N","20090617"
"1A","1st","","pennisetum.mezianum",NA,"C","N","20090617"
"1A","1st","","pennisetum.straminium",NA,"C","N","20090617"
"1A","1st","","themeda.triandra",NA,"C","N","20090617"
"1A","1st","","bare",2,"C","N","20090617"
"1A","1st","","x_2",NA,"C","N","20090617"
"1A","1st","","aristida.kenyensis",NA,"C","N","20090617"
"1A","1st","","bothriochloa.insculpta",NA,"C","N","20090617"
"1A","1st","","bracharia.3",NA,"C","N","20090617"
"1A","1st","","bracharia.eruciformis",NA,"C","N","20090617"
"1A","1st","","chloris.sp",NA,"C","N","20090617"
"1A","1st","","cynodon.dactylon",NA,"C","N","20090617"
"1A","1st","","cynodon.plectostachyus",NA,"C","N","20090617"
"1A","1st","","cyperus...mariscus.spp",NA,"C","N","20090617"
"1A","1st","","digitaria.2",NA,"C","N","20090617"
"1A","1st","","digitaria.milanjiana",NA,"C","N","20090617"
"1A","1st","","dinebra.retroflexa",NA,"C","N","20090617"
"1A","1st","","eragrostis.tenuifolia",NA,"C","N","20090617"
"1A","1st","","harpachne.schimperi",NA,"C","N","20090617"
"1A","1st","","microchloa.kunthii",NA,"C","N","20090617"
"1A","1st","","panicum.astrosanguinum",NA,"C","N","20090617"
"1A","1st","","setaria.acromelaena..small.",NA,"C","N","20090617"
"1A","1st","","setaria.sphaecealata..big.",NA,"C","N","20090617"
"1A","1st","","sporobolus.pyramidalis",NA,"C","N","20090617"
"1A","1st","","tragus.berteronianus",NA,"C","N","20090617"
"1A","1st","","x_3",NA,"C","N","20090617"
"1A","1st","","acalypha.crenata",NA,"C","N","20090617"
"1A","1st","","aerva.lanata",NA,"C","N","20090617"
"1A","1st","","amaranthus.hibridus",NA,"C","N","20090617"
"1A","1st","","aspilia.pluriseta",NA,"C","N","20090617"
"1A","1st","","asterolinon.adoense..v.",NA,"C","N","20090617"
"1A","1st","","caralluma.acutangula",NA,"C","N","20090617"
"1A","1st","","chenopodium.opulifolium",NA,"C","N","20090617"
"1A","1st","","chenopodium.schraderianum",NA,"C","N","20090617"
"1A","1st","","commelina.spp",NA,"C","N","20090617"
"1A","1st","","commicarpus.pedunculosus",NA,"C","N","20090617"
"1A","1st","","conyza.sp",NA,"C","N","20090617"
"1A","1st","","corchorus.sp",NA,"C","N","20090617"
"1A","1st","","crotelaria.sp",NA,"C","N","20090617"
"1A","1st","","cyathula.orthacantha",NA,"C","N","20090617"
"1A","1st","","dyscoriste.radicans",NA,"C","N","20090617"
"1A","1st","","euphorbia.inaequilatera",NA,"C","N","20090617"
"1A","1st","","evolvulus.alsinoides",NA,"C","N","20090617"
"1A","1st","","fern",NA,"C","N","20090617"
"1A","1st","","gutenbergia.sp",NA,"C","N","20090617"
"1A","1st","","hermannia.uhligii",NA,"C","N","20090617"
"1A","1st","","hibiscus.flavifolius",NA,"C","N","20090617"
"1A","1st","","hibiscus.trionum",NA,"C","N","20090617"
"1A","1st","","indigofera.brevicalyx",NA,"C","N","20090617"
"1A","1st","","indigofera.schimperi",NA,"C","N","20090617"
"1A","1st","","ipomea.sinensis",NA,"C","N","20090617"
"1A","1st","","justicia.dichipteroides",NA,"C","N","20090617"
"1A","1st","","k",NA,"C","N","20090617"
"1A","1st","","kyllinga.sp",NA,"C","N","20090617"
"1A","1st","","leucas.glabrata",NA,"C","N","20090617"
"1A","1st","","leucas.martiniscensis",NA,"C","N","20090617"
"1A","1st","","lily.a",NA,"C","N","20090617"
"1A","1st","","lily.b",NA,"C","N","20090617"
"1A","1st","","lippia.javanica",NA,"C","N","20090617"
"1A","1st","","melhania.spp.",NA,"C","N","20090617"
"1A","1st","","misopates.orontium",NA,"C","N","20090617"
"1A","1st","","mollugo.nudicaulis",NA,"C","N","20090617"
"1A","1st","","monechima.debile",NA,"C","N","20090617"
"1A","1st","","monsonia.augustifolia",NA,"C","N","20090617"
"1A","1st","","ocimum.sp",NA,"C","N","20090617"
"1A","1st","","osteospermum.vaillantii",NA,"C","N","20090617"
"1A","1st","","oxygonum.sinuatum",NA,"C","N","20090617"
"1A","1st","","pavonia.patens",NA,"C","N","20090617"
"1A","1st","","pelargonium.alchemilloides",NA,"C","N","20090617"
"1A","1st","","pentanisia.ouranogyne",NA,"C","N","20090617"
"1A","1st","","phyllanthus.maderaspatensis",NA,"C","N","20090617"
"1A","1st","","plectranthus.spp",NA,"C","N","20090617"
"1A","1st","","pollichia.campestris",NA,"C","N","20090617"
"1A","1st","","polygala..l.",NA,"C","N","20090617"
"1A","1st","","polygala.sphenoptera",NA,"C","N","20090617"
"1A","1st","","portulaca.oleracea",NA,"C","N","20090617"
"1A","1st","","portulaca.quadrifida",NA,"C","N","20090617"
"1A","1st","","pseudognaphalium..helichrysum.glumaceum.",NA,"C","N","20090617"
"1A","1st","","psilotrichum.schimperi",NA,"C","N","20090617"
"1A","1st","","rhinacanthus.ndorensis",NA,"C","N","20090617"
"1A","1st","","rhynchosia.holstii",NA,"C","N","20090617"
"1A","1st","","schkuhria.pinnata",NA,"C","N","20090617"
"1A","1st","","sida.2",NA,"C","N","20090617"
"1A","1st","","sida.cuneifolia",NA,"C","N","20090617"
"1A","1st","","solanum.incanum",NA,"C","N","20090617"
"1A","1st","","solanum.indicum",NA,"C","N","20090617"
"1A","1st","","tribulus.terrestris",NA,"C","N","20090617"
"1A","1st","","u",NA,"C","N","20090617"
"1A","1st","","w",NA,"C","N","20090617"
"1A","1st","","x_4",NA,"C","N","20090617"
"1A","1st","","x_5",NA,"C","N","20090617"
"1A","1st","","x_6",NA,"C","N","20090617"
"1A","1st","","x_7",NA,"C","N","20090617"
"1A","1st","","x_8",NA,"C","N","20090617"
"1C","1st","","bracharia.lacnantha",NA,"C","N","20090617"
"1C","1st","","lintonia.nutans",NA,"C","N","20090617"
"1C","1st","","pennisetum.mezianum",NA,"C","N","20090617"
"1C","1st","","pennisetum.straminium",NA,"C","N","20090617"
"1C","1st","","themeda.triandra",NA,"C","N","20090617"
"1C","1st","","bare",7,"C","N","20090617"
"1C","1st","","x_2",NA,"C","N","20090617"
"1C","1st","","aristida.kenyensis",NA,"C","N","20090617"
"1C","1st","","bothriochloa.insculpta",NA,"C","N","20090617"
"1C","1st","","bracharia.3",NA,"C","N","20090617"
"1C","1st","","bracharia.eruciformis",NA,"C","N","20090617"
"1C","1st","","chloris.sp",NA,"C","N","20090617"
"1C","1st","","cynodon.dactylon",NA,"C","N","20090617"
"1C","1st","","cynodon.plectostachyus",NA,"C","N","20090617"
"1C","1st","","cyperus...mariscus.spp",NA,"C","N","20090617"
"1C","1st","","digitaria.2",NA,"C","N","20090617"
"1C","1st","","digitaria.milanjiana",NA,"C","N","20090617"
"1C","1st","","dinebra.retroflexa",NA,"C","N","20090617"
"1C","1st","","eragrostis.tenuifolia",NA,"C","N","20090617"
"1C","1st","","harpachne.schimperi",NA,"C","N","20090617"
"1C","1st","","microchloa.kunthii",NA,"C","N","20090617"
"1C","1st","","panicum.astrosanguinum",NA,"C","N","20090617"
"1C","1st","","setaria.acromelaena..small.",NA,"C","N","20090617"
"1C","1st","","setaria.sphaecealata..big.",NA,"C","N","20090617"
"1C","1st","","sporobolus.pyramidalis",NA,"C","N","20090617"
"1C","1st","","tragus.berteronianus",NA,"C","N","20090617"
"1C","1st","","x_3",NA,"C","N","20090617"
"1C","1st","","acalypha.crenata",NA,"C","N","20090617"
"1C","1st","","aerva.lanata",NA,"C","N","20090617"
"1C","1st","","amaranthus.hibridus",NA,"C","N","20090617"
"1C","1st","","aspilia.pluriseta",NA,"C","N","20090617"
"1C","1st","","asterolinon.adoense..v.",NA,"C","N","20090617"
"1C","1st","","caralluma.acutangula",NA,"C","N","20090617"
"1C","1st","","chenopodium.opulifolium",NA,"C","N","20090617"
"1C","1st","","chenopodium.schraderianum",NA,"C","N","20090617"
"1C","1st","","commelina.spp",NA,"C","N","20090617"
"1C","1st","","commicarpus.pedunculosus",NA,"C","N","20090617"
"1C","1st","","conyza.sp",NA,"C","N","20090617"
"1C","1st","","corchorus.sp",NA,"C","N","20090617"
"1C","1st","","crotelaria.sp",NA,"C","N","20090617"
"1C","1st","","cyathula.orthacantha",NA,"C","N","20090617"
"1C","1st","","dyscoriste.radicans",NA,"C","N","20090617"
"1C","1st","","euphorbia.inaequilatera",NA,"C","N","20090617"
"1C","1st","","evolvulus.alsinoides",NA,"C","N","20090617"
"1C","1st","","fern",NA,"C","N","20090617"
"1C","1st","","gutenbergia.sp",NA,"C","N","20090617"
"1C","1st","","hermannia.uhligii",NA,"C","N","20090617"
"1C","1st","","hibiscus.flavifolius",NA,"C","N","20090617"
"1C","1st","","hibiscus.trionum",NA,"C","N","20090617"
"1C","1st","","indigofera.brevicalyx",NA,"C","N","20090617"
"1C","1st","","indigofera.schimperi",NA,"C","N","20090617"
"1C","1st","","ipomea.sinensis",NA,"C","N","20090617"
"1C","1st","","justicia.dichipteroides",NA,"C","N","20090617"
"1C","1st","","k",NA,"C","N","20090617"
"1C","1st","","kyllinga.sp",NA,"C","N","20090617"
"1C","1st","","leucas.glabrata",NA,"C","N","20090617"
"1C","1st","","leucas.martiniscensis",NA,"C","N","20090617"
"1C","1st","","lily.a",NA,"C","N","20090617"
"1C","1st","","lily.b",NA,"C","N","20090617"
"1C","1st","","lippia.javanica",NA,"C","N","20090617"
"1C","1st","","melhania.spp.",NA,"C","N","20090617"
"1C","1st","","misopates.orontium",NA,"C","N","20090617"
"1C","1st","","mollugo.nudicaulis",NA,"C","N","20090617"
"1C","1st","","monechima.debile",NA,"C","N","20090617"
"1C","1st","","monsonia.augustifolia",NA,"C","N","20090617"
"1C","1st","","ocimum.sp",NA,"C","N","20090617"
"1C","1st","","osteospermum.vaillantii",NA,"C","N","20090617"
"1C","1st","","oxygonum.sinuatum",NA,"C","N","20090617"
"1C","1st","","pavonia.patens",NA,"C","N","20090617"
"1C","1st","","pelargonium.alchemilloides",NA,"C","N","20090617"
"1C","1st","","pentanisia.ouranogyne",NA,"C","N","20090617"
"1C","1st","","phyllanthus.maderaspatensis",NA,"C","N","20090617"
"1C","1st","","plectranthus.spp",NA,"C","N","20090617"
"1C","1st","","pollichia.campestris",NA,"C","N","20090617"
"1C","1st","","polygala..l.",NA,"C","N","20090617"
"1C","1st","","polygala.sphenoptera",NA,"C","N","20090617"
"1C","1st","","portulaca.oleracea",NA,"C","N","20090617"
"1C","1st","","portulaca.quadrifida",NA,"C","N","20090617"
"1C","1st","","pseudognaphalium..helichrysum.glumaceum.",NA,"C","N","20090617"
"1C","1st","","psilotrichum.schimperi",NA,"C","N","20090617"
"1C","1st","","rhinacanthus.ndorensis",NA,"C","N","20090617"
"1C","1st","","rhynchosia.holstii",NA,"C","N","20090617"
"1C","1st","","schkuhria.pinnata",NA,"C","N","20090617"
"1C","1st","","sida.2",NA,"C","N","20090617"
"1C","1st","","sida.cuneifolia",NA,"C","N","20090617"
"1C","1st","","solanum.incanum",NA,"C","N","20090617"
"1C","1st","","solanum.indicum",NA,"C","N","20090617"
"1C","1st","","tribulus.terrestris",NA,"C","N","20090617"
"1C","1st","","u",NA,"C","N","20090617"
"1C","1st","","w",NA,"C","N","20090617"
"1C","1st","","x_4",NA,"C","N","20090617"
"1C","1st","","x_5",NA,"C","N","20090617"
"1C","1st","","x_6",NA,"C","N","20090617"
"1C","1st","","x_7",NA,"C","N","20090617"
"1C","1st","","x_8",NA,"C","N","20090617"
"1E","1st","","bracharia.lacnantha",NA,"C","N","20090617"
"1E","1st","","lintonia.nutans",NA,"C","N","20090617"
"1E","1st","","pennisetum.mezianum",NA,"C","N","20090617"
"1E","1st","","pennisetum.straminium",NA,"C","N","20090617"
"1E","1st","","themeda.triandra",NA,"C","N","20090617"
"1E","1st","","bare",6,"C","N","20090617"
"1E","1st","","x_2",NA,"C","N","20090617"
"1E","1st","","aristida.kenyensis",NA,"C","N","20090617"
"1E","1st","","bothriochloa.insculpta",NA,"C","N","20090617"
"1E","1st","","bracharia.3",NA,"C","N","20090617"
"1E","1st","","bracharia.eruciformis",NA,"C","N","20090617"
"1E","1st","","chloris.sp",NA,"C","N","20090617"
"1E","1st","","cynodon.dactylon",NA,"C","N","20090617"
"1E","1st","","cynodon.plectostachyus",NA,"C","N","20090617"
"1E","1st","","cyperus...mariscus.spp",NA,"C","N","20090617"
"1E","1st","","digitaria.2",NA,"C","N","20090617"
"1E","1st","","digitaria.milanjiana",NA,"C","N","20090617"
"1E","1st","","dinebra.retroflexa",NA,"C","N","20090617"
"1E","1st","","eragrostis.tenuifolia",NA,"C","N","20090617"
"1E","1st","","harpachne.schimperi",NA,"C","N","20090617"
"1E","1st","","microchloa.kunthii",NA,"C","N","20090617"
"1E","1st","","panicum.astrosanguinum",NA,"C","N","20090617"
"1E","1st","","setaria.acromelaena..small.",NA,"C","N","20090617"
"1E","1st","","setaria.sphaecealata..big.",NA,"C","N","20090617"
"1E","1st","","sporobolus.pyramidalis",NA,"C","N","20090617"
"1E","1st","","tragus.berteronianus",NA,"C","N","20090617"
"1E","1st","","x_3",NA,"C","N","20090617"
"1E","1st","","acalypha.crenata",NA,"C","N","20090617"
"1E","1st","","aerva.lanata",NA,"C","N","20090617"
"1E","1st","","amaranthus.hibridus",NA,"C","N","20090617"
"1E","1st","","aspilia.pluriseta",NA,"C","N","20090617"
"1E","1st","","asterolinon.adoense..v.",NA,"C","N","20090617"
"1E","1st","","caralluma.acutangula",NA,"C","N","20090617"
"1E","1st","","chenopodium.opulifolium",NA,"C","N","20090617"
"1E","1st","","chenopodium.schraderianum",NA,"C","N","20090617"
"1E","1st","","commelina.spp",NA,"C","N","20090617"
"1E","1st","","commicarpus.pedunculosus",NA,"C","N","20090617"
"1E","1st","","conyza.sp",NA,"C","N","20090617"
"1E","1st","","corchorus.sp",NA,"C","N","20090617"
"1E","1st","","crotelaria.sp",NA,"C","N","20090617"
"1E","1st","","cyathula.orthacantha",NA,"C","N","20090617"
"1E","1st","","dyscoriste.radicans",NA,"C","N","20090617"
"1E","1st","","euphorbia.inaequilatera",NA,"C","N","20090617"
"1E","1st","","evolvulus.alsinoides",NA,"C","N","20090617"
"1E","1st","","fern",NA,"C","N","20090617"
"1E","1st","","gutenbergia.sp",NA,"C","N","20090617"
"1E","1st","","hermannia.uhligii",NA,"C","N","20090617"
"1E","1st","","hibiscus.flavifolius",NA,"C","N","20090617"
"1E","1st","","hibiscus.trionum",NA,"C","N","20090617"
"1E","1st","","indigofera.brevicalyx",NA,"C","N","20090617"
"1E","1st","","indigofera.schimperi",NA,"C","N","20090617"
"1E","1st","","ipomea.sinensis",NA,"C","N","20090617"
"1E","1st","","justicia.dichipteroides",NA,"C","N","20090617"
"1E","1st","","k",NA,"C","N","20090617"
"1E","1st","","kyllinga.sp",NA,"C","N","20090617"
"1E","1st","","leucas.glabrata",NA,"C","N","20090617"
"1E","1st","","leucas.martiniscensis",NA,"C","N","20090617"
"1E","1st","","lily.a",NA,"C","N","20090617"
"1E","1st","","lily.b",NA,"C","N","20090617"
"1E","1st","","lippia.javanica",NA,"C","N","20090617"
"1E","1st","","melhania.spp.",NA,"C","N","20090617"
"1E","1st","","misopates.orontium",NA,"C","N","20090617"
"1E","1st","","mollugo.nudicaulis",NA,"C","N","20090617"
"1E","1st","","monechima.debile",NA,"C","N","20090617"
"1E","1st","","monsonia.augustifolia",NA,"C","N","20090617"
"1E","1st","","ocimum.sp",NA,"C","N","20090617"
"1E","1st","","osteospermum.vaillantii",NA,"C","N","20090617"
"1E","1st","","oxygonum.sinuatum",NA,"C","N","20090617"
"1E","1st","","pavonia.patens",NA,"C","N","20090617"
"1E","1st","","pelargonium.alchemilloides",NA,"C","N","20090617"
"1E","1st","","pentanisia.ouranogyne",NA,"C","N","20090617"
"1E","1st","","phyllanthus.maderaspatensis",NA,"C","N","20090617"
"1E","1st","","plectranthus.spp",NA,"C","N","20090617"
"1E","1st","","pollichia.campestris",NA,"C","N","20090617"
"1E","1st","","polygala..l.",NA,"C","N","20090617"
"1E","1st","","polygala.sphenoptera",NA,"C","N","20090617"
"1E","1st","","portulaca.oleracea",NA,"C","N","20090617"
"1E","1st","","portulaca.quadrifida",NA,"C","N","20090617"
"1E","1st","","pseudognaphalium..helichrysum.glumaceum.",NA,"C","N","20090617"
"1E","1st","","psilotrichum.schimperi",NA,"C","N","20090617"
"1E","1st","","rhinacanthus.ndorensis",NA,"C","N","20090617"
"1E","1st","","rhynchosia.holstii",NA,"C","N","20090617"
"1E","1st","","schkuhria.pinnata",NA,"C","N","20090617"
"1E","1st","","sida.2",NA,"C","N","20090617"
"1E","1st","","sida.cuneifolia",NA,"C","N","20090617"
"1E","1st","","solanum.incanum",NA,"C","N","20090617"
"1E","1st","","solanum.indicum",NA,"C","N","20090617"
"1E","1st","","tribulus.terrestris",NA,"C","N","20090617"
"1E","1st","","u",NA,"C","N","20090617"
"1E","1st","","w",NA,"C","N","20090617"
"1E","1st","","x_4",NA,"C","N","20090617"
"1E","1st","","x_5",NA,"C","N","20090617"
"1E","1st","","x_6",NA,"C","N","20090617"
"1E","1st","","x_7",NA,"C","N","20090617"
"1E","1st","","x_8",NA,"C","N","20090617"
"1G","1st","","bracharia.lacnantha",NA,"C","N","20090617"
"1G","1st","","lintonia.nutans",NA,"C","N","20090617"
"1G","1st","","pennisetum.mezianum",NA,"C","N","20090617"
"1G","1st","","pennisetum.straminium",NA,"C","N","20090617"
"1G","1st","","themeda.triandra",NA,"C","N","20090617"
"1G","1st","","bare",NA,"C","N","20090617"
"1G","1st","","x_2",NA,"C","N","20090617"
"1G","1st","","aristida.kenyensis",NA,"C","N","20090617"
"1G","1st","","bothriochloa.insculpta",NA,"C","N","20090617"
"1G","1st","","bracharia.3",NA,"C","N","20090617"
"1G","1st","","bracharia.eruciformis",NA,"C","N","20090617"
"1G","1st","","chloris.sp",NA,"C","N","20090617"
"1G","1st","","cynodon.dactylon",NA,"C","N","20090617"
"1G","1st","","cynodon.plectostachyus",NA,"C","N","20090617"
"1G","1st","","cyperus...mariscus.spp",NA,"C","N","20090617"
"1G","1st","","digitaria.2",NA,"C","N","20090617"
"1G","1st","","digitaria.milanjiana",NA,"C","N","20090617"
"1G","1st","","dinebra.retroflexa",NA,"C","N","20090617"
"1G","1st","","eragrostis.tenuifolia",NA,"C","N","20090617"
"1G","1st","","harpachne.schimperi",NA,"C","N","20090617"
"1G","1st","","microchloa.kunthii",NA,"C","N","20090617"
"1G","1st","","panicum.astrosanguinum",NA,"C","N","20090617"
"1G","1st","","setaria.acromelaena..small.",NA,"C","N","20090617"
"1G","1st","","setaria.sphaecealata..big.",NA,"C","N","20090617"
"1G","1st","","sporobolus.pyramidalis",NA,"C","N","20090617"
"1G","1st","","tragus.berteronianus",NA,"C","N","20090617"
"1G","1st","","x_3",NA,"C","N","20090617"
"1G","1st","","acalypha.crenata",NA,"C","N","20090617"
"1G","1st","","aerva.lanata",NA,"C","N","20090617"
"1G","1st","","amaranthus.hibridus",NA,"C","N","20090617"
"1G","1st","","aspilia.pluriseta",NA,"C","N","20090617"
"1G","1st","","asterolinon.adoense..v.",NA,"C","N","20090617"
"1G","1st","","caralluma.acutangula",NA,"C","N","20090617"
"1G","1st","","chenopodium.opulifolium",NA,"C","N","20090617"
"1G","1st","","chenopodium.schraderianum",NA,"C","N","20090617"
"1G","1st","","commelina.spp",NA,"C","N","20090617"
"1G","1st","","commicarpus.pedunculosus",NA,"C","N","20090617"
"1G","1st","","conyza.sp",NA,"C","N","20090617"
"1G","1st","","corchorus.sp",NA,"C","N","20090617"
"1G","1st","","crotelaria.sp",NA,"C","N","20090617"
"1G","1st","","cyathula.orthacantha",NA,"C","N","20090617"
"1G","1st","","dyscoriste.radicans",NA,"C","N","20090617"
"1G","1st","","euphorbia.inaequilatera",NA,"C","N","20090617"
"1G","1st","","evolvulus.alsinoides",NA,"C","N","20090617"
"1G","1st","","fern",NA,"C","N","20090617"
"1G","1st","","gutenbergia.sp",NA,"C","N","20090617"
"1G","1st","","hermannia.uhligii",NA,"C","N","20090617"
"1G","1st","","hibiscus.flavifolius",NA,"C","N","20090617"
"1G","1st","","hibiscus.trionum",NA,"C","N","20090617"
"1G","1st","","indigofera.brevicalyx",NA,"C","N","20090617"
"1G","1st","","indigofera.schimperi",NA,"C","N","20090617"
"1G","1st","","ipomea.sinensis",NA,"C","N","20090617"
"1G","1st","","justicia.dichipteroides",NA,"C","N","20090617"
"1G","1st","","k",NA,"C","N","20090617"
"1G","1st","","kyllinga.sp",NA,"C","N","20090617"
"1G","1st","","leucas.glabrata",NA,"C","N","20090617"
"1G","1st","","leucas.martiniscensis",NA,"C","N","20090617"
"1G","1st","","lily.a",NA,"C","N","20090617"
"1G","1st","","lily.b",NA,"C","N","20090617"
"1G","1st","","lippia.javanica",NA,"C","N","20090617"
"1G","1st","","melhania.spp.",NA,"C","N","20090617"
"1G","1st","","misopates.orontium",NA,"C","N","20090617"
"1G","1st","","mollugo.nudicaulis",NA,"C","N","20090617"
"1G","1st","","monechima.debile",NA,"C","N","20090617"
"1G","1st","","monsonia.augustifolia",NA,"C","N","20090617"
"1G","1st","","ocimum.sp",NA,"C","N","20090617"
"1G","1st","","osteospermum.vaillantii",NA,"C","N","20090617"
"1G","1st","","oxygonum.sinuatum",NA,"C","N","20090617"
"1G","1st","","pavonia.patens",NA,"C","N","20090617"
"1G","1st","","pelargonium.alchemilloides",NA,"C","N","20090617"
"1G","1st","","pentanisia.ouranogyne",NA,"C","N","20090617"
"1G","1st","","phyllanthus.maderaspatensis",NA,"C","N","20090617"
"1G","1st","","plectranthus.spp",NA,"C","N","20090617"
"1G","1st","","pollichia.campestris",NA,"C","N","20090617"
"1G","1st","","polygala..l.",NA,"C","N","20090617"
"1G","1st","","polygala.sphenoptera",NA,"C","N","20090617"
"1G","1st","","portulaca.oleracea",NA,"C","N","20090617"
"1G","1st","","portulaca.quadrifida",NA,"C","N","20090617"
"1G","1st","","pseudognaphalium..helichrysum.glumaceum.",3,"C","N","20090617"
"1G","1st","","psilotrichum.schimperi",NA,"C","N","20090617"
"1G","1st","","rhinacanthus.ndorensis",NA,"C","N","20090617"
"1G","1st","","rhynchosia.holstii",NA,"C","N","20090617"
"1G","1st","","schkuhria.pinnata",NA,"C","N","20090617"
"1G","1st","","sida.2",NA,"C","N","20090617"
"1G","1st","","sida.cuneifolia",NA,"C","N","20090617"
"1G","1st","","solanum.incanum",NA,"C","N","20090617"
"1G","1st","","solanum.indicum",NA,"C","N","20090617"
"1G","1st","","tribulus.terrestris",NA,"C","N","20090617"
"1G","1st","","u",NA,"C","N","20090617"
"1G","1st","","w",NA,"C","N","20090617"
"1G","1st","","x_4",NA,"C","N","20090617"
"1G","1st","","x_5",NA,"C","N","20090617"
"1G","1st","","x_6",NA,"C","N","20090617"
"1G","1st","","x_7",NA,"C","N","20090617"
"1G","1st","","x_8",NA,"C","N","20090617"
"1I","1st","","bracharia.lacnantha",NA,"C","N","20090617"
"1I","1st","","lintonia.nutans",NA,"C","N","20090617"
"1I","1st","","pennisetum.mezianum",NA,"C","N","20090617"
"1I","1st","","pennisetum.straminium",NA,"C","N","20090617"
"1I","1st","","themeda.triandra",NA,"C","N","20090617"
"1I","1st","","bare",1,"C","N","20090617"
"1I","1st","","x_2",NA,"C","N","20090617"
"1I","1st","","aristida.kenyensis",NA,"C","N","20090617"
"1I","1st","","bothriochloa.insculpta",NA,"C","N","20090617"
"1I","1st","","bracharia.3",NA,"C","N","20090617"
"1I","1st","","bracharia.eruciformis",NA,"C","N","20090617"
"1I","1st","","chloris.sp",NA,"C","N","20090617"
"1I","1st","","cynodon.dactylon",NA,"C","N","20090617"
"1I","1st","","cynodon.plectostachyus",NA,"C","N","20090617"
"1I","1st","","cyperus...mariscus.spp",NA,"C","N","20090617"
"1I","1st","","digitaria.2",NA,"C","N","20090617"
"1I","1st","","digitaria.milanjiana",NA,"C","N","20090617"
"1I","1st","","dinebra.retroflexa",NA,"C","N","20090617"
"1I","1st","","eragrostis.tenuifolia",NA,"C","N","20090617"
"1I","1st","","harpachne.schimperi",NA,"C","N","20090617"
"1I","1st","","microchloa.kunthii",NA,"C","N","20090617"
"1I","1st","","panicum.astrosanguinum",NA,"C","N","20090617"
"1I","1st","","setaria.acromelaena..small.",NA,"C","N","20090617"
"1I","1st","","setaria.sphaecealata..big.",NA,"C","N","20090617"
"1I","1st","","sporobolus.pyramidalis",NA,"C","N","20090617"
"1I","1st","","tragus.berteronianus",1,"C","N","20090617"
"1I","1st","","x_3",NA,"C","N","20090617"
"1I","1st","","acalypha.crenata",NA,"C","N","20090617"
"1I","1st","","aerva.lanata",NA,"C","N","20090617"
"1I","1st","","amaranthus.hibridus",NA,"C","N","20090617"
"1I","1st","","aspilia.pluriseta",NA,"C","N","20090617"
"1I","1st","","asterolinon.adoense..v.",NA,"C","N","20090617"
"1I","1st","","caralluma.acutangula",NA,"C","N","20090617"
"1I","1st","","chenopodium.opulifolium",NA,"C","N","20090617"
"1I","1st","","chenopodium.schraderianum",NA,"C","N","20090617"
"1I","1st","","commelina.spp",NA,"C","N","20090617"
"1I","1st","","commicarpus.pedunculosus",NA,"C","N","20090617"
"1I","1st","","conyza.sp",NA,"C","N","20090617"
"1I","1st","","corchorus.sp",NA,"C","N","20090617"
"1I","1st","","crotelaria.sp",NA,"C","N","20090617"
"1I","1st","","cyathula.orthacantha",NA,"C","N","20090617"
"1I","1st","","dyscoriste.radicans",NA,"C","N","20090617"
"1I","1st","","euphorbia.inaequilatera",NA,"C","N","20090617"
"1I","1st","","evolvulus.alsinoides",NA,"C","N","20090617"
"1I","1st","","fern",NA,"C","N","20090617"
"1I","1st","","gutenbergia.sp",NA,"C","N","20090617"
"1I","1st","","hermannia.uhligii",NA,"C","N","20090617"
"1I","1st","","hibiscus.flavifolius",NA,"C","N","20090617"
"1I","1st","","hibiscus.trionum",NA,"C","N","20090617"
"1I","1st","","indigofera.brevicalyx",NA,"C","N","20090617"
"1I","1st","","indigofera.schimperi",NA,"C","N","20090617"
"1I","1st","","ipomea.sinensis",NA,"C","N","20090617"
"1I","1st","","justicia.dichipteroides",NA,"C","N","20090617"
"1I","1st","","k",NA,"C","N","20090617"
"1I","1st","","kyllinga.sp",NA,"C","N","20090617"
"1I","1st","","leucas.glabrata",NA,"C","N","20090617"
"1I","1st","","leucas.martiniscensis",NA,"C","N","20090617"
"1I","1st","","lily.a",NA,"C","N","20090617"
"1I","1st","","lily.b",NA,"C","N","20090617"
"1I","1st","","lippia.javanica",NA,"C","N","20090617"
"1I","1st","","melhania.spp.",NA,"C","N","20090617"
"1I","1st","","misopates.orontium",NA,"C","N","20090617"
"1I","1st","","mollugo.nudicaulis",NA,"C","N","20090617"
"1I","1st","","monechima.debile",NA,"C","N","20090617"
"1I","1st","","monsonia.augustifolia",NA,"C","N","20090617"
"1I","1st","","ocimum.sp",NA,"C","N","20090617"
"1I","1st","","osteospermum.vaillantii",NA,"C","N","20090617"
"1I","1st","","oxygonum.sinuatum",NA,"C","N","20090617"
"1I","1st","","pavonia.patens",NA,"C","N","20090617"
"1I","1st","","pelargonium.alchemilloides",NA,"C","N","20090617"
"1I","1st","","pentanisia.ouranogyne",NA,"C","N","20090617"
"1I","1st","","phyllanthus.maderaspatensis",NA,"C","N","20090617"
"1I","1st","","plectranthus.spp",NA,"C","N","20090617"
"1I","1st","","pollichia.campestris",NA,"C","N","20090617"
"1I","1st","","polygala..l.",NA,"C","N","20090617"
"1I","1st","","polygala.sphenoptera",NA,"C","N","20090617"
"1I","1st","","portulaca.oleracea",NA,"C","N","20090617"
"1I","1st","","portulaca.quadrifida",NA,"C","N","20090617"
"1I","1st","","pseudognaphalium..helichrysum.glumaceum.",NA,"C","N","20090617"
"1I","1st","","psilotrichum.schimperi",NA,"C","N","20090617"
"1I","1st","","rhinacanthus.ndorensis",NA,"C","N","20090617"
"1I","1st","","rhynchosia.holstii",NA,"C","N","20090617"
"1I","1st","","schkuhria.pinnata",NA,"C","N","20090617"
"1I","1st","","sida.2",NA,"C","N","20090617"
"1I","1st","","sida.cuneifolia",NA,"C","N","20090617"
"1I","1st","","solanum.incanum",NA,"C","N","20090617"
"1I","1st","","solanum.indicum",NA,"C","N","20090617"
"1I","1st","","tribulus.terrestris",NA,"C","N","20090617"
"1I","1st","","u",NA,"C","N","20090617"
"1I","1st","","w",NA,"C","N","20090617"
"1I","1st","","x_4",NA,"C","N","20090617"
"1I","1st","","x_5",NA,"C","N","20090617"
"1I","1st","","x_6",NA,"C","N","20090617"
"1I","1st","","x_7",NA,"C","N","20090617"
"1I","1st","","x_8",NA,"C","N","20090617"
"2J","1st","","bracharia.lacnantha",NA,"C","N","20090617"
"2J","1st","","lintonia.nutans",NA,"C","N","20090617"
"2J","1st","","pennisetum.mezianum",8,"C","N","20090617"
"2J","1st","","pennisetum.straminium",3,"C","N","20090617"
"2J","1st","","themeda.triandra",NA,"C","N","20090617"
"2J","1st","","bare",1,"C","N","20090617"
"2J","1st","","x_2",NA,"C","N","20090617"
"2J","1st","","aristida.kenyensis",NA,"C","N","20090617"
"2J","1st","","bothriochloa.insculpta",NA,"C","N","20090617"
"2J","1st","","bracharia.3",NA,"C","N","20090617"
"2J","1st","","bracharia.eruciformis",NA,"C","N","20090617"
"2J","1st","","chloris.sp",NA,"C","N","20090617"
"2J","1st","","cynodon.dactylon",NA,"C","N","20090617"
"2J","1st","","cynodon.plectostachyus",NA,"C","N","20090617"
"2J","1st","","cyperus...mariscus.spp",NA,"C","N","20090617"
"2J","1st","","digitaria.2",NA,"C","N","20090617"
"2J","1st","","digitaria.milanjiana",NA,"C","N","20090617"
"2J","1st","","dinebra.retroflexa",NA,"C","N","20090617"
"2J","1st","","eragrostis.tenuifolia",NA,"C","N","20090617"
"2J","1st","","harpachne.schimperi",NA,"C","N","20090617"
"2J","1st","","microchloa.kunthii",NA,"C","N","20090617"
"2J","1st","","panicum.astrosanguinum",NA,"C","N","20090617"
"2J","1st","","setaria.acromelaena..small.",NA,"C","N","20090617"
"2J","1st","","setaria.sphaecealata..big.",NA,"C","N","20090617"
"2J","1st","","sporobolus.pyramidalis",NA,"C","N","20090617"
"2J","1st","","tragus.berteronianus",NA,"C","N","20090617"
"2J","1st","","x_3",NA,"C","N","20090617"
"2J","1st","","acalypha.crenata",NA,"C","N","20090617"
"2J","1st","","aerva.lanata",1,"C","N","20090617"
"2J","1st","","amaranthus.hibridus",NA,"C","N","20090617"
"2J","1st","","aspilia.pluriseta",NA,"C","N","20090617"
"2J","1st","","asterolinon.adoense..v.",NA,"C","N","20090617"
"2J","1st","","caralluma.acutangula",NA,"C","N","20090617"
"2J","1st","","chenopodium.opulifolium",NA,"C","N","20090617"
"2J","1st","","chenopodium.schraderianum",NA,"C","N","20090617"
"2J","1st","","commelina.spp",NA,"C","N","20090617"
"2J","1st","","commicarpus.pedunculosus",NA,"C","N","20090617"
"2J","1st","","conyza.sp",NA,"C","N","20090617"
"2J","1st","","corchorus.sp",NA,"C","N","20090617"
"2J","1st","","crotelaria.sp",NA,"C","N","20090617"
"2J","1st","","cyathula.orthacantha",NA,"C","N","20090617"
"2J","1st","","dyscoriste.radicans",NA,"C","N","20090617"
"2J","1st","","euphorbia.inaequilatera",NA,"C","N","20090617"
"2J","1st","","evolvulus.alsinoides",NA,"C","N","20090617"
"2J","1st","","fern",NA,"C","N","20090617"
"2J","1st","","gutenbergia.sp",NA,"C","N","20090617"
"2J","1st","","hermannia.uhligii",NA,"C","N","20090617"
"2J","1st","","hibiscus.flavifolius",NA,"C","N","20090617"
"2J","1st","","hibiscus.trionum",NA,"C","N","20090617"
"2J","1st","","indigofera.brevicalyx",NA,"C","N","20090617"
"2J","1st","","indigofera.schimperi",NA,"C","N","20090617"
"2J","1st","","ipomea.sinensis",NA,"C","N","20090617"
"2J","1st","","justicia.dichipteroides",NA,"C","N","20090617"
"2J","1st","","k",NA,"C","N","20090617"
"2J","1st","","kyllinga.sp",NA,"C","N","20090617"
"2J","1st","","leucas.glabrata",NA,"C","N","20090617"
"2J","1st","","leucas.martiniscensis",NA,"C","N","20090617"
"2J","1st","","lily.a",NA,"C","N","20090617"
"2J","1st","","lily.b",NA,"C","N","20090617"
"2J","1st","","lippia.javanica",NA,"C","N","20090617"
"2J","1st","","melhania.spp.",NA,"C","N","20090617"
"2J","1st","","misopates.orontium",NA,"C","N","20090617"
"2J","1st","","mollugo.nudicaulis",NA,"C","N","20090617"
"2J","1st","","monechima.debile",NA,"C","N","20090617"
"2J","1st","","monsonia.augustifolia",NA,"C","N","20090617"
"2J","1st","","ocimum.sp",NA,"C","N","20090617"
"2J","1st","","osteospermum.vaillantii",NA,"C","N","20090617"
"2J","1st","","oxygonum.sinuatum",NA,"C","N","20090617"
"2J","1st","","pavonia.patens",NA,"C","N","20090617"
"2J","1st","","pelargonium.alchemilloides",NA,"C","N","20090617"
"2J","1st","","pentanisia.ouranogyne",NA,"C","N","20090617"
"2J","1st","","phyllanthus.maderaspatensis",NA,"C","N","20090617"
"2J","1st","","plectranthus.spp",NA,"C","N","20090617"
"2J","1st","","pollichia.campestris",NA,"C","N","20090617"
"2J","1st","","polygala..l.",NA,"C","N","20090617"
"2J","1st","","polygala.sphenoptera",NA,"C","N","20090617"
"2J","1st","","portulaca.oleracea",NA,"C","N","20090617"
"2J","1st","","portulaca.quadrifida",NA,"C","N","20090617"
"2J","1st","","pseudognaphalium..helichrysum.glumaceum.",2,"C","N","20090617"
"2J","1st","","psilotrichum.schimperi",NA,"C","N","20090617"
"2J","1st","","rhinacanthus.ndorensis",NA,"C","N","20090617"
"2J","1st","","rhynchosia.holstii",NA,"C","N","20090617"
"2J","1st","","schkuhria.pinnata",NA,"C","N","20090617"
"2J","1st","","sida.2",NA,"C","N","20090617"
"2J","1st","","sida.cuneifolia",NA,"C","N","20090617"
"2J","1st","","solanum.incanum",NA,"C","N","20090617"
"2J","1st","","solanum.indicum",NA,"C","N","20090617"
"2J","1st","","tribulus.terrestris",NA,"C","N","20090617"
"2J","1st","","u",NA,"C","N","20090617"
"2J","1st","","w",NA,"C","N","20090617"
"2J","1st","","x_4",NA,"C","N","20090617"
"2J","1st","","x_5",NA,"C","N","20090617"
"2J","1st","","x_6",NA,"C","N","20090617"
"2J","1st","","x_7",NA,"C","N","20090617"
"2J","1st","","x_8",NA,"C","N","20090617"
"2J","All","Lvs","bracharia.lacnantha",NA,"C","N","20090617"
"2J","All","Lvs","lintonia.nutans",NA,"C","N","20090617"
"2J","All","Lvs","pennisetum.mezianum",19,"C","N","20090617"
"2J","All","Lvs","pennisetum.straminium",1,"C","N","20090617"
"2J","All","Lvs","themeda.triandra",NA,"C","N","20090617"
"2J","All","Lvs","bare",NA,"C","N","20090617"
"2J","All","Lvs","x_2",NA,"C","N","20090617"
"2J","All","Lvs","aristida.kenyensis",NA,"C","N","20090617"
"2J","All","Lvs","bothriochloa.insculpta",NA,"C","N","20090617"
"2J","All","Lvs","bracharia.3",NA,"C","N","20090617"
"2J","All","Lvs","bracharia.eruciformis",NA,"C","N","20090617"
"2J","All","Lvs","chloris.sp",NA,"C","N","20090617"
"2J","All","Lvs","cynodon.dactylon",NA,"C","N","20090617"
"2J","All","Lvs","cynodon.plectostachyus",NA,"C","N","20090617"
"2J","All","Lvs","cyperus...mariscus.spp",NA,"C","N","20090617"
"2J","All","Lvs","digitaria.2",NA,"C","N","20090617"
"2J","All","Lvs","digitaria.milanjiana",NA,"C","N","20090617"
"2J","All","Lvs","dinebra.retroflexa",NA,"C","N","20090617"
"2J","All","Lvs","eragrostis.tenuifolia",NA,"C","N","20090617"
"2J","All","Lvs","harpachne.schimperi",NA,"C","N","20090617"
"2J","All","Lvs","microchloa.kunthii",NA,"C","N","20090617"
"2J","All","Lvs","panicum.astrosanguinum",NA,"C","N","20090617"
"2J","All","Lvs","setaria.acromelaena..small.",NA,"C","N","20090617"
"2J","All","Lvs","setaria.sphaecealata..big.",NA,"C","N","20090617"
"2J","All","Lvs","sporobolus.pyramidalis",NA,"C","N","20090617"
"2J","All","Lvs","tragus.berteronianus",NA,"C","N","20090617"
"2J","All","Lvs","x_3",NA,"C","N","20090617"
"2J","All","Lvs","acalypha.crenata",NA,"C","N","20090617"
"2J","All","Lvs","aerva.lanata",NA,"C","N","20090617"
"2J","All","Lvs","amaranthus.hibridus",NA,"C","N","20090617"
"2J","All","Lvs","aspilia.pluriseta",NA,"C","N","20090617"
"2J","All","Lvs","asterolinon.adoense..v.",NA,"C","N","20090617"
"2J","All","Lvs","caralluma.acutangula",NA,"C","N","20090617"
"2J","All","Lvs","chenopodium.opulifolium",NA,"C","N","20090617"
"2J","All","Lvs","chenopodium.schraderianum",NA,"C","N","20090617"
"2J","All","Lvs","commelina.spp",NA,"C","N","20090617"
"2J","All","Lvs","commicarpus.pedunculosus",NA,"C","N","20090617"
"2J","All","Lvs","conyza.sp",NA,"C","N","20090617"
"2J","All","Lvs","corchorus.sp",NA,"C","N","20090617"
"2J","All","Lvs","crotelaria.sp",NA,"C","N","20090617"
"2J","All","Lvs","cyathula.orthacantha",NA,"C","N","20090617"
"2J","All","Lvs","dyscoriste.radicans",NA,"C","N","20090617"
"2J","All","Lvs","euphorbia.inaequilatera",NA,"C","N","20090617"
"2J","All","Lvs","evolvulus.alsinoides",NA,"C","N","20090617"
"2J","All","Lvs","fern",NA,"C","N","20090617"
"2J","All","Lvs","gutenbergia.sp",NA,"C","N","20090617"
"2J","All","Lvs","hermannia.uhligii",NA,"C","N","20090617"
"2J","All","Lvs","hibiscus.flavifolius",NA,"C","N","20090617"
"2J","All","Lvs","hibiscus.trionum",NA,"C","N","20090617"
"2J","All","Lvs","indigofera.brevicalyx",NA,"C","N","20090617"
"2J","All","Lvs","indigofera.schimperi",NA,"C","N","20090617"
"2J","All","Lvs","ipomea.sinensis",NA,"C","N","20090617"
"2J","All","Lvs","justicia.dichipteroides",NA,"C","N","20090617"
"2J","All","Lvs","k",NA,"C","N","20090617"
"2J","All","Lvs","kyllinga.sp",NA,"C","N","20090617"
"2J","All","Lvs","leucas.glabrata",NA,"C","N","20090617"
"2J","All","Lvs","leucas.martiniscensis",NA,"C","N","20090617"
"2J","All","Lvs","lily.a",NA,"C","N","20090617"
"2J","All","Lvs","lily.b",NA,"C","N","20090617"
"2J","All","Lvs","lippia.javanica",NA,"C","N","20090617"
"2J","All","Lvs","melhania.spp.",NA,"C","N","20090617"
"2J","All","Lvs","misopates.orontium",NA,"C","N","20090617"
"2J","All","Lvs","mollugo.nudicaulis",NA,"C","N","20090617"
"2J","All","Lvs","monechima.debile",NA,"C","N","20090617"
"2J","All","Lvs","monsonia.augustifolia",NA,"C","N","20090617"
"2J","All","Lvs","ocimum.sp",NA,"C","N","20090617"
"2J","All","Lvs","osteospermum.vaillantii",NA,"C","N","20090617"
"2J","All","Lvs","oxygonum.sinuatum",NA,"C","N","20090617"
"2J","All","Lvs","pavonia.patens",NA,"C","N","20090617"
"2J","All","Lvs","pelargonium.alchemilloides",NA,"C","N","20090617"
"2J","All","Lvs","pentanisia.ouranogyne",NA,"C","N","20090617"
"2J","All","Lvs","phyllanthus.maderaspatensis",NA,"C","N","20090617"
"2J","All","Lvs","plectranthus.spp",NA,"C","N","20090617"
"2J","All","Lvs","pollichia.campestris",NA,"C","N","20090617"
"2J","All","Lvs","polygala..l.",NA,"C","N","20090617"
"2J","All","Lvs","polygala.sphenoptera",NA,"C","N","20090617"
"2J","All","Lvs","portulaca.oleracea",NA,"C","N","20090617"
"2J","All","Lvs","portulaca.quadrifida",NA,"C","N","20090617"
"2J","All","Lvs","pseudognaphalium..helichrysum.glumaceum.",4,"C","N","20090617"
"2J","All","Lvs","psilotrichum.schimperi",NA,"C","N","20090617"
"2J","All","Lvs","rhinacanthus.ndorensis",NA,"C","N","20090617"
"2J","All","Lvs","rhynchosia.holstii",NA,"C","N","20090617"
"2J","All","Lvs","schkuhria.pinnata",NA,"C","N","20090617"
"2J","All","Lvs","sida.2",NA,"C","N","20090617"
"2J","All","Lvs","sida.cuneifolia",NA,"C","N","20090617"
"2J","All","Lvs","solanum.incanum",NA,"C","N","20090617"
"2J","All","Lvs","solanum.indicum",NA,"C","N","20090617"
"2J","All","Lvs","tribulus.terrestris",NA,"C","N","20090617"
"2J","All","Lvs","u",NA,"C","N","20090617"
"2J","All","Lvs","w",NA,"C","N","20090617"
"2J","All","Lvs","x_4",NA,"C","N","20090617"
"2J","All","Lvs","x_5",NA,"C","N","20090617"
"2J","All","Lvs","x_6",NA,"C","N","20090617"
"2J","All","Lvs","x_7",NA,"C","N","20090617"
"2J","All","Lvs","x_8",NA,"C","N","20090617"
"2J","All","Stm","bracharia.lacnantha",NA,"C","N","20090617"
"2J","All","Stm","lintonia.nutans",NA,"C","N","20090617"
"2J","All","Stm","pennisetum.mezianum",10,"C","N","20090617"
"2J","All","Stm","pennisetum.straminium",3,"C","N","20090617"
"2J","All","Stm","themeda.triandra",NA,"C","N","20090617"
"2J","All","Stm","bare",NA,"C","N","20090617"
"2J","All","Stm","x_2",NA,"C","N","20090617"
"2J","All","Stm","aristida.kenyensis",NA,"C","N","20090617"
"2J","All","Stm","bothriochloa.insculpta",NA,"C","N","20090617"
"2J","All","Stm","bracharia.3",NA,"C","N","20090617"
"2J","All","Stm","bracharia.eruciformis",NA,"C","N","20090617"
"2J","All","Stm","chloris.sp",NA,"C","N","20090617"
"2J","All","Stm","cynodon.dactylon",NA,"C","N","20090617"
"2J","All","Stm","cynodon.plectostachyus",NA,"C","N","20090617"
"2J","All","Stm","cyperus...mariscus.spp",NA,"C","N","20090617"
"2J","All","Stm","digitaria.2",NA,"C","N","20090617"
"2J","All","Stm","digitaria.milanjiana",NA,"C","N","20090617"
"2J","All","Stm","dinebra.retroflexa",NA,"C","N","20090617"
"2J","All","Stm","eragrostis.tenuifolia",NA,"C","N","20090617"
"2J","All","Stm","harpachne.schimperi",NA,"C","N","20090617"
"2J","All","Stm","microchloa.kunthii",NA,"C","N","20090617"
"2J","All","Stm","panicum.astrosanguinum",NA,"C","N","20090617"
"2J","All","Stm","setaria.acromelaena..small.",NA,"C","N","20090617"
"2J","All","Stm","setaria.sphaecealata..big.",NA,"C","N","20090617"
"2J","All","Stm","sporobolus.pyramidalis",NA,"C","N","20090617"
"2J","All","Stm","tragus.berteronianus",NA,"C","N","20090617"
"2J","All","Stm","x_3",NA,"C","N","20090617"
"2J","All","Stm","acalypha.crenata",NA,"C","N","20090617"
"2J","All","Stm","aerva.lanata",1,"C","N","20090617"
"2J","All","Stm","amaranthus.hibridus",NA,"C","N","20090617"
"2J","All","Stm","aspilia.pluriseta",NA,"C","N","20090617"
"2J","All","Stm","asterolinon.adoense..v.",NA,"C","N","20090617"
"2J","All","Stm","caralluma.acutangula",NA,"C","N","20090617"
"2J","All","Stm","chenopodium.opulifolium",NA,"C","N","20090617"
"2J","All","Stm","chenopodium.schraderianum",NA,"C","N","20090617"
"2J","All","Stm","commelina.spp",NA,"C","N","20090617"
"2J","All","Stm","commicarpus.pedunculosus",NA,"C","N","20090617"
"2J","All","Stm","conyza.sp",NA,"C","N","20090617"
"2J","All","Stm","corchorus.sp",NA,"C","N","20090617"
"2J","All","Stm","crotelaria.sp",NA,"C","N","20090617"
"2J","All","Stm","cyathula.orthacantha",NA,"C","N","20090617"
"2J","All","Stm","dyscoriste.radicans",NA,"C","N","20090617"
"2J","All","Stm","euphorbia.inaequilatera",NA,"C","N","20090617"
"2J","All","Stm","evolvulus.alsinoides",NA,"C","N","20090617"
"2J","All","Stm","fern",NA,"C","N","20090617"
"2J","All","Stm","gutenbergia.sp",NA,"C","N","20090617"
"2J","All","Stm","hermannia.uhligii",NA,"C","N","20090617"
"2J","All","Stm","hibiscus.flavifolius",NA,"C","N","20090617"
"2J","All","Stm","hibiscus.trionum",NA,"C","N","20090617"
"2J","All","Stm","indigofera.brevicalyx",NA,"C","N","20090617"
"2J","All","Stm","indigofera.schimperi",NA,"C","N","20090617"
"2J","All","Stm","ipomea.sinensis",NA,"C","N","20090617"
"2J","All","Stm","justicia.dichipteroides",NA,"C","N","20090617"
"2J","All","Stm","k",NA,"C","N","20090617"
"2J","All","Stm","kyllinga.sp",NA,"C","N","20090617"
"2J","All","Stm","leucas.glabrata",NA,"C","N","20090617"
"2J","All","Stm","leucas.martiniscensis",NA,"C","N","20090617"
"2J","All","Stm","lily.a",NA,"C","N","20090617"
"2J","All","Stm","lily.b",NA,"C","N","20090617"
"2J","All","Stm","lippia.javanica",NA,"C","N","20090617"
"2J","All","Stm","melhania.spp.",NA,"C","N","20090617"
"2J","All","Stm","misopates.orontium",NA,"C","N","20090617"
"2J","All","Stm","mollugo.nudicaulis",NA,"C","N","20090617"
"2J","All","Stm","monechima.debile",NA,"C","N","20090617"
"2J","All","Stm","monsonia.augustifolia",NA,"C","N","20090617"
"2J","All","Stm","ocimum.sp",NA,"C","N","20090617"
"2J","All","Stm","osteospermum.vaillantii",NA,"C","N","20090617"
"2J","All","Stm","oxygonum.sinuatum",NA,"C","N","20090617"
"2J","All","Stm","pavonia.patens",NA,"C","N","20090617"
"2J","All","Stm","pelargonium.alchemilloides",NA,"C","N","20090617"
"2J","All","Stm","pentanisia.ouranogyne",NA,"C","N","20090617"
"2J","All","Stm","phyllanthus.maderaspatensis",NA,"C","N","20090617"
"2J","All","Stm","plectranthus.spp",NA,"C","N","20090617"
"2J","All","Stm","pollichia.campestris",NA,"C","N","20090617"
"2J","All","Stm","polygala..l.",NA,"C","N","20090617"
"2J","All","Stm","polygala.sphenoptera",NA,"C","N","20090617"
"2J","All","Stm","portulaca.oleracea",NA,"C","N","20090617"
"2J","All","Stm","portulaca.quadrifida",NA,"C","N","20090617"
"2J","All","Stm","pseudognaphalium..helichrysum.glumaceum.",NA,"C","N","20090617"
"2J","All","Stm","psilotrichum.schimperi",NA,"C","N","20090617"
"2J","All","Stm","rhinacanthus.ndorensis",NA,"C","N","20090617"
"2J","All","Stm","rhynchosia.holstii",NA,"C","N","20090617"
"2J","All","Stm","schkuhria.pinnata",NA,"C","N","20090617"
"2J","All","Stm","sida.2",NA,"C","N","20090617"
"2J","All","Stm","sida.cuneifolia",NA,"C","N","20090617"
"2J","All","Stm","solanum.incanum",NA,"C","N","20090617"
"2J","All","Stm","solanum.indicum",NA,"C","N","20090617"
"2J","All","Stm","tribulus.terrestris",NA,"C","N","20090617"
"2J","All","Stm","u",NA,"C","N","20090617"
"2J","All","Stm","w",NA,"C","N","20090617"
"2J","All","Stm","x_4",NA,"C","N","20090617"
"2J","All","Stm","x_5",NA,"C","N","20090617"
"2J","All","Stm","x_6",NA,"C","N","20090617"
"2J","All","Stm","x_7",NA,"C","N","20090617"
"2J","All","Stm","x_8",NA,"C","N","20090617"
"2H","1st","","bracharia.lacnantha",NA,"C","N","20090617"
"2H","1st","","lintonia.nutans",NA,"C","N","20090617"
"2H","1st","","pennisetum.mezianum",NA,"C","N","20090617"
"2H","1st","","pennisetum.straminium",1,"C","N","20090617"
"2H","1st","","themeda.triandra",NA,"C","N","20090617"
"2H","1st","","bare",7,"C","N","20090617"
"2H","1st","","x_2",NA,"C","N","20090617"
"2H","1st","","aristida.kenyensis",NA,"C","N","20090617"
"2H","1st","","bothriochloa.insculpta",NA,"C","N","20090617"
"2H","1st","","bracharia.3",NA,"C","N","20090617"
"2H","1st","","bracharia.eruciformis",NA,"C","N","20090617"
"2H","1st","","chloris.sp",NA,"C","N","20090617"
"2H","1st","","cynodon.dactylon",NA,"C","N","20090617"
"2H","1st","","cynodon.plectostachyus",NA,"C","N","20090617"
"2H","1st","","cyperus...mariscus.spp",NA,"C","N","20090617"
"2H","1st","","digitaria.2",NA,"C","N","20090617"
"2H","1st","","digitaria.milanjiana",NA,"C","N","20090617"
"2H","1st","","dinebra.retroflexa",NA,"C","N","20090617"
"2H","1st","","eragrostis.tenuifolia",NA,"C","N","20090617"
"2H","1st","","harpachne.schimperi",NA,"C","N","20090617"
"2H","1st","","microchloa.kunthii",NA,"C","N","20090617"
"2H","1st","","panicum.astrosanguinum",NA,"C","N","20090617"
"2H","1st","","setaria.acromelaena..small.",NA,"C","N","20090617"
"2H","1st","","setaria.sphaecealata..big.",NA,"C","N","20090617"
"2H","1st","","sporobolus.pyramidalis",NA,"C","N","20090617"
"2H","1st","","tragus.berteronianus",NA,"C","N","20090617"
"2H","1st","","x_3",NA,"C","N","20090617"
"2H","1st","","acalypha.crenata",NA,"C","N","20090617"
"2H","1st","","aerva.lanata",NA,"C","N","20090617"
"2H","1st","","amaranthus.hibridus",NA,"C","N","20090617"
"2H","1st","","aspilia.pluriseta",NA,"C","N","20090617"
"2H","1st","","asterolinon.adoense..v.",NA,"C","N","20090617"
"2H","1st","","caralluma.acutangula",NA,"C","N","20090617"
"2H","1st","","chenopodium.opulifolium",NA,"C","N","20090617"
"2H","1st","","chenopodium.schraderianum",NA,"C","N","20090617"
"2H","1st","","commelina.spp",NA,"C","N","20090617"
"2H","1st","","commicarpus.pedunculosus",NA,"C","N","20090617"
"2H","1st","","conyza.sp",NA,"C","N","20090617"
"2H","1st","","corchorus.sp",NA,"C","N","20090617"
"2H","1st","","crotelaria.sp",NA,"C","N","20090617"
"2H","1st","","cyathula.orthacantha",NA,"C","N","20090617"
"2H","1st","","dyscoriste.radicans",NA,"C","N","20090617"
"2H","1st","","euphorbia.inaequilatera",NA,"C","N","20090617"
"2H","1st","","evolvulus.alsinoides",NA,"C","N","20090617"
"2H","1st","","fern",NA,"C","N","20090617"
"2H","1st","","gutenbergia.sp",NA,"C","N","20090617"
"2H","1st","","hermannia.uhligii",NA,"C","N","20090617"
"2H","1st","","hibiscus.flavifolius",NA,"C","N","20090617"
"2H","1st","","hibiscus.trionum",NA,"C","N","20090617"
"2H","1st","","indigofera.brevicalyx",NA,"C","N","20090617"
"2H","1st","","indigofera.schimperi",NA,"C","N","20090617"
"2H","1st","","ipomea.sinensis",NA,"C","N","20090617"
"2H","1st","","justicia.dichipteroides",NA,"C","N","20090617"
"2H","1st","","k",NA,"C","N","20090617"
"2H","1st","","kyllinga.sp",NA,"C","N","20090617"
"2H","1st","","leucas.glabrata",NA,"C","N","20090617"
"2H","1st","","leucas.martiniscensis",NA,"C","N","20090617"
"2H","1st","","lily.a",NA,"C","N","20090617"
"2H","1st","","lily.b",NA,"C","N","20090617"
"2H","1st","","lippia.javanica",NA,"C","N","20090617"
"2H","1st","","melhania.spp.",NA,"C","N","20090617"
"2H","1st","","misopates.orontium",NA,"C","N","20090617"
"2H","1st","","mollugo.nudicaulis",NA,"C","N","20090617"
"2H","1st","","monechima.debile",NA,"C","N","20090617"
"2H","1st","","monsonia.augustifolia",NA,"C","N","20090617"
"2H","1st","","ocimum.sp",NA,"C","N","20090617"
"2H","1st","","osteospermum.vaillantii",NA,"C","N","20090617"
"2H","1st","","oxygonum.sinuatum",NA,"C","N","20090617"
"2H","1st","","pavonia.patens",NA,"C","N","20090617"
"2H","1st","","pelargonium.alchemilloides",NA,"C","N","20090617"
"2H","1st","","pentanisia.ouranogyne",NA,"C","N","20090617"
"2H","1st","","phyllanthus.maderaspatensis",NA,"C","N","20090617"
"2H","1st","","plectranthus.spp",NA,"C","N","20090617"
"2H","1st","","pollichia.campestris",NA,"C","N","20090617"
"2H","1st","","polygala..l.",NA,"C","N","20090617"
"2H","1st","","polygala.sphenoptera",NA,"C","N","20090617"
"2H","1st","","portulaca.oleracea",NA,"C","N","20090617"
"2H","1st","","portulaca.quadrifida",NA,"C","N","20090617"
"2H","1st","","pseudognaphalium..helichrysum.glumaceum.",NA,"C","N","20090617"
"2H","1st","","psilotrichum.schimperi",NA,"C","N","20090617"
"2H","1st","","rhinacanthus.ndorensis",NA,"C","N","20090617"
"2H","1st","","rhynchosia.holstii",NA,"C","N","20090617"
"2H","1st","","schkuhria.pinnata",NA,"C","N","20090617"
"2H","1st","","sida.2",NA,"C","N","20090617"
"2H","1st","","sida.cuneifolia",NA,"C","N","20090617"
"2H","1st","","solanum.incanum",NA,"C","N","20090617"
"2H","1st","","solanum.indicum",NA,"C","N","20090617"
"2H","1st","","tribulus.terrestris",NA,"C","N","20090617"
"2H","1st","","u",NA,"C","N","20090617"
"2H","1st","","w",NA,"C","N","20090617"
"2H","1st","","x_4",NA,"C","N","20090617"
"2H","1st","","x_5",NA,"C","N","20090617"
"2H","1st","","x_6",NA,"C","N","20090617"
"2H","1st","","x_7",NA,"C","N","20090617"
"2H","1st","","x_8",NA,"C","N","20090617"
"2H","All","Lvs","bracharia.lacnantha",NA,"C","N","20090617"
"2H","All","Lvs","lintonia.nutans",NA,"C","N","20090617"
"2H","All","Lvs","pennisetum.mezianum",NA,"C","N","20090617"
"2H","All","Lvs","pennisetum.straminium",NA,"C","N","20090617"
"2H","All","Lvs","themeda.triandra",NA,"C","N","20090617"
"2H","All","Lvs","bare",NA,"C","N","20090617"
"2H","All","Lvs","x_2",NA,"C","N","20090617"
"2H","All","Lvs","aristida.kenyensis",NA,"C","N","20090617"
"2H","All","Lvs","bothriochloa.insculpta",NA,"C","N","20090617"
"2H","All","Lvs","bracharia.3",NA,"C","N","20090617"
"2H","All","Lvs","bracharia.eruciformis",NA,"C","N","20090617"
"2H","All","Lvs","chloris.sp",NA,"C","N","20090617"
"2H","All","Lvs","cynodon.dactylon",NA,"C","N","20090617"
"2H","All","Lvs","cynodon.plectostachyus",NA,"C","N","20090617"
"2H","All","Lvs","cyperus...mariscus.spp",NA,"C","N","20090617"
"2H","All","Lvs","digitaria.2",NA,"C","N","20090617"
"2H","All","Lvs","digitaria.milanjiana",NA,"C","N","20090617"
"2H","All","Lvs","dinebra.retroflexa",NA,"C","N","20090617"
"2H","All","Lvs","eragrostis.tenuifolia",NA,"C","N","20090617"
"2H","All","Lvs","harpachne.schimperi",NA,"C","N","20090617"
"2H","All","Lvs","microchloa.kunthii",NA,"C","N","20090617"
"2H","All","Lvs","panicum.astrosanguinum",NA,"C","N","20090617"
"2H","All","Lvs","setaria.acromelaena..small.",NA,"C","N","20090617"
"2H","All","Lvs","setaria.sphaecealata..big.",NA,"C","N","20090617"
"2H","All","Lvs","sporobolus.pyramidalis",NA,"C","N","20090617"
"2H","All","Lvs","tragus.berteronianus",NA,"C","N","20090617"
"2H","All","Lvs","x_3",NA,"C","N","20090617"
"2H","All","Lvs","acalypha.crenata",NA,"C","N","20090617"
"2H","All","Lvs","aerva.lanata",NA,"C","N","20090617"
"2H","All","Lvs","amaranthus.hibridus",NA,"C","N","20090617"
"2H","All","Lvs","aspilia.pluriseta",NA,"C","N","20090617"
"2H","All","Lvs","asterolinon.adoense..v.",NA,"C","N","20090617"
"2H","All","Lvs","caralluma.acutangula",NA,"C","N","20090617"
"2H","All","Lvs","chenopodium.opulifolium",NA,"C","N","20090617"
"2H","All","Lvs","chenopodium.schraderianum",NA,"C","N","20090617"
"2H","All","Lvs","commelina.spp",NA,"C","N","20090617"
"2H","All","Lvs","commicarpus.pedunculosus",NA,"C","N","20090617"
"2H","All","Lvs","conyza.sp",NA,"C","N","20090617"
"2H","All","Lvs","corchorus.sp",NA,"C","N","20090617"
"2H","All","Lvs","crotelaria.sp",NA,"C","N","20090617"
"2H","All","Lvs","cyathula.orthacantha",NA,"C","N","20090617"
"2H","All","Lvs","dyscoriste.radicans",NA,"C","N","20090617"
"2H","All","Lvs","euphorbia.inaequilatera",NA,"C","N","20090617"
"2H","All","Lvs","evolvulus.alsinoides",NA,"C","N","20090617"
"2H","All","Lvs","fern",NA,"C","N","20090617"
"2H","All","Lvs","gutenbergia.sp",NA,"C","N","20090617"
"2H","All","Lvs","hermannia.uhligii",NA,"C","N","20090617"
"2H","All","Lvs","hibiscus.flavifolius",NA,"C","N","20090617"
"2H","All","Lvs","hibiscus.trionum",NA,"C","N","20090617"
"2H","All","Lvs","indigofera.brevicalyx",NA,"C","N","20090617"
"2H","All","Lvs","indigofera.schimperi",NA,"C","N","20090617"
"2H","All","Lvs","ipomea.sinensis",NA,"C","N","20090617"
"2H","All","Lvs","justicia.dichipteroides",NA,"C","N","20090617"
"2H","All","Lvs","k",NA,"C","N","20090617"
"2H","All","Lvs","kyllinga.sp",NA,"C","N","20090617"
"2H","All","Lvs","leucas.glabrata",NA,"C","N","20090617"
"2H","All","Lvs","leucas.martiniscensis",NA,"C","N","20090617"
"2H","All","Lvs","lily.a",NA,"C","N","20090617"
"2H","All","Lvs","lily.b",NA,"C","N","20090617"
"2H","All","Lvs","lippia.javanica",NA,"C","N","20090617"
"2H","All","Lvs","melhania.spp.",NA,"C","N","20090617"
"2H","All","Lvs","misopates.orontium",NA,"C","N","20090617"
"2H","All","Lvs","mollugo.nudicaulis",NA,"C","N","20090617"
"2H","All","Lvs","monechima.debile",NA,"C","N","20090617"
"2H","All","Lvs","monsonia.augustifolia",NA,"C","N","20090617"
"2H","All","Lvs","ocimum.sp",NA,"C","N","20090617"
"2H","All","Lvs","osteospermum.vaillantii",NA,"C","N","20090617"
"2H","All","Lvs","oxygonum.sinuatum",NA,"C","N","20090617"
"2H","All","Lvs","pavonia.patens",NA,"C","N","20090617"
"2H","All","Lvs","pelargonium.alchemilloides",NA,"C","N","20090617"
"2H","All","Lvs","pentanisia.ouranogyne",NA,"C","N","20090617"
"2H","All","Lvs","phyllanthus.maderaspatensis",NA,"C","N","20090617"
"2H","All","Lvs","plectranthus.spp",NA,"C","N","20090617"
"2H","All","Lvs","pollichia.campestris",NA,"C","N","20090617"
"2H","All","Lvs","polygala..l.",NA,"C","N","20090617"
"2H","All","Lvs","polygala.sphenoptera",NA,"C","N","20090617"
"2H","All","Lvs","portulaca.oleracea",NA,"C","N","20090617"
"2H","All","Lvs","portulaca.quadrifida",NA,"C","N","20090617"
"2H","All","Lvs","pseudognaphalium..helichrysum.glumaceum.",NA,"C","N","20090617"
"2H","All","Lvs","psilotrichum.schimperi",NA,"C","N","20090617"
"2H","All","Lvs","rhinacanthus.ndorensis",NA,"C","N","20090617"
"2H","All","Lvs","rhynchosia.holstii",NA,"C","N","20090617"
"2H","All","Lvs","schkuhria.pinnata",NA,"C","N","20090617"
"2H","All","Lvs","sida.2",NA,"C","N","20090617"
"2H","All","Lvs","sida.cuneifolia",NA,"C","N","20090617"
"2H","All","Lvs","solanum.incanum",NA,"C","N","20090617"
"2H","All","Lvs","solanum.indicum",NA,"C","N","20090617"
"2H","All","Lvs","tribulus.terrestris",NA,"C","N","20090617"
"2H","All","Lvs","u",NA,"C","N","20090617"
"2H","All","Lvs","w",NA,"C","N","20090617"
"2H","All","Lvs","x_4",NA,"C","N","20090617"
"2H","All","Lvs","x_5",NA,"C","N","20090617"
"2H","All","Lvs","x_6",NA,"C","N","20090617"
"2H","All","Lvs","x_7",NA,"C","N","20090617"
"2H","All","Lvs","x_8",NA,"C","N","20090617"
"2H","All","Stm","bracharia.lacnantha",NA,"C","N","20090617"
"2H","All","Stm","lintonia.nutans",NA,"C","N","20090617"
"2H","All","Stm","pennisetum.mezianum",NA,"C","N","20090617"
"2H","All","Stm","pennisetum.straminium",2,"C","N","20090617"
"2H","All","Stm","themeda.triandra",NA,"C","N","20090617"
"2H","All","Stm","bare",NA,"C","N","20090617"
"2H","All","Stm","x_2",NA,"C","N","20090617"
"2H","All","Stm","aristida.kenyensis",NA,"C","N","20090617"
"2H","All","Stm","bothriochloa.insculpta",NA,"C","N","20090617"
"2H","All","Stm","bracharia.3",NA,"C","N","20090617"
"2H","All","Stm","bracharia.eruciformis",NA,"C","N","20090617"
"2H","All","Stm","chloris.sp",NA,"C","N","20090617"
"2H","All","Stm","cynodon.dactylon",NA,"C","N","20090617"
"2H","All","Stm","cynodon.plectostachyus",NA,"C","N","20090617"
"2H","All","Stm","cyperus...mariscus.spp",NA,"C","N","20090617"
"2H","All","Stm","digitaria.2",NA,"C","N","20090617"
"2H","All","Stm","digitaria.milanjiana",NA,"C","N","20090617"
"2H","All","Stm","dinebra.retroflexa",NA,"C","N","20090617"
"2H","All","Stm","eragrostis.tenuifolia",NA,"C","N","20090617"
"2H","All","Stm","harpachne.schimperi",NA,"C","N","20090617"
"2H","All","Stm","microchloa.kunthii",NA,"C","N","20090617"
"2H","All","Stm","panicum.astrosanguinum",NA,"C","N","20090617"
"2H","All","Stm","setaria.acromelaena..small.",NA,"C","N","20090617"
"2H","All","Stm","setaria.sphaecealata..big.",NA,"C","N","20090617"
"2H","All","Stm","sporobolus.pyramidalis",NA,"C","N","20090617"
"2H","All","Stm","tragus.berteronianus",NA,"C","N","20090617"
"2H","All","Stm","x_3",NA,"C","N","20090617"
"2H","All","Stm","acalypha.crenata",NA,"C","N","20090617"
"2H","All","Stm","aerva.lanata",NA,"C","N","20090617"
"2H","All","Stm","amaranthus.hibridus",NA,"C","N","20090617"
"2H","All","Stm","aspilia.pluriseta",NA,"C","N","20090617"
"2H","All","Stm","asterolinon.adoense..v.",NA,"C","N","20090617"
"2H","All","Stm","caralluma.acutangula",NA,"C","N","20090617"
"2H","All","Stm","chenopodium.opulifolium",NA,"C","N","20090617"
"2H","All","Stm","chenopodium.schraderianum",NA,"C","N","20090617"
"2H","All","Stm","commelina.spp",NA,"C","N","20090617"
"2H","All","Stm","commicarpus.pedunculosus",NA,"C","N","20090617"
"2H","All","Stm","conyza.sp",NA,"C","N","20090617"
"2H","All","Stm","corchorus.sp",NA,"C","N","20090617"
"2H","All","Stm","crotelaria.sp",NA,"C","N","20090617"
"2H","All","Stm","cyathula.orthacantha",NA,"C","N","20090617"
"2H","All","Stm","dyscoriste.radicans",NA,"C","N","20090617"
"2H","All","Stm","euphorbia.inaequilatera",NA,"C","N","20090617"
"2H","All","Stm","evolvulus.alsinoides",NA,"C","N","20090617"
"2H","All","Stm","fern",NA,"C","N","20090617"
"2H","All","Stm","gutenbergia.sp",NA,"C","N","20090617"
"2H","All","Stm","hermannia.uhligii",NA,"C","N","20090617"
"2H","All","Stm","hibiscus.flavifolius",NA,"C","N","20090617"
"2H","All","Stm","hibiscus.trionum",NA,"C","N","20090617"
"2H","All","Stm","indigofera.brevicalyx",NA,"C","N","20090617"
"2H","All","Stm","indigofera.schimperi",NA,"C","N","20090617"
"2H","All","Stm","ipomea.sinensis",NA,"C","N","20090617"
"2H","All","Stm","justicia.dichipteroides",NA,"C","N","20090617"
"2H","All","Stm","k",NA,"C","N","20090617"
"2H","All","Stm","kyllinga.sp",NA,"C","N","20090617"
"2H","All","Stm","leucas.glabrata",NA,"C","N","20090617"
"2H","All","Stm","leucas.martiniscensis",NA,"C","N","20090617"
"2H","All","Stm","lily.a",NA,"C","N","20090617"
"2H","All","Stm","lily.b",NA,"C","N","20090617"
"2H","All","Stm","lippia.javanica",NA,"C","N","20090617"
"2H","All","Stm","melhania.spp.",NA,"C","N","20090617"
"2H","All","Stm","misopates.orontium",NA,"C","N","20090617"
"2H","All","Stm","mollugo.nudicaulis",NA,"C","N","20090617"
"2H","All","Stm","monechima.debile",NA,"C","N","20090617"
"2H","All","Stm","monsonia.augustifolia",NA,"C","N","20090617"
"2H","All","Stm","ocimum.sp",NA,"C","N","20090617"
"2H","All","Stm","osteospermum.vaillantii",NA,"C","N","20090617"
"2H","All","Stm","oxygonum.sinuatum",NA,"C","N","20090617"
"2H","All","Stm","pavonia.patens",NA,"C","N","20090617"
"2H","All","Stm","pelargonium.alchemilloides",NA,"C","N","20090617"
"2H","All","Stm","pentanisia.ouranogyne",NA,"C","N","20090617"
"2H","All","Stm","phyllanthus.maderaspatensis",NA,"C","N","20090617"
"2H","All","Stm","plectranthus.spp",NA,"C","N","20090617"
"2H","All","Stm","pollichia.campestris",NA,"C","N","20090617"
"2H","All","Stm","polygala..l.",NA,"C","N","20090617"
"2H","All","Stm","polygala.sphenoptera",NA,"C","N","20090617"
"2H","All","Stm","portulaca.oleracea",NA,"C","N","20090617"
"2H","All","Stm","portulaca.quadrifida",NA,"C","N","20090617"
"2H","All","Stm","pseudognaphalium..helichrysum.glumaceum.",NA,"C","N","20090617"
"2H","All","Stm","psilotrichum.schimperi",NA,"C","N","20090617"
"2H","All","Stm","rhinacanthus.ndorensis",NA,"C","N","20090617"
"2H","All","Stm","rhynchosia.holstii",NA,"C","N","20090617"
"2H","All","Stm","schkuhria.pinnata",NA,"C","N","20090617"
"2H","All","Stm","sida.2",NA,"C","N","20090617"
"2H","All","Stm","sida.cuneifolia",NA,"C","N","20090617"
"2H","All","Stm","solanum.incanum",NA,"C","N","20090617"
"2H","All","Stm","solanum.indicum",NA,"C","N","20090617"
"2H","All","Stm","tribulus.terrestris",NA,"C","N","20090617"
"2H","All","Stm","u",NA,"C","N","20090617"
"2H","All","Stm","w",NA,"C","N","20090617"
"2H","All","Stm","x_4",NA,"C","N","20090617"
"2H","All","Stm","x_5",NA,"C","N","20090617"
"2H","All","Stm","x_6",NA,"C","N","20090617"
"2H","All","Stm","x_7",NA,"C","N","20090617"
"2H","All","Stm","x_8",NA,"C","N","20090617"
"2F","1st","","bracharia.lacnantha",NA,"C","N","20090617"
"2F","1st","","lintonia.nutans",NA,"C","N","20090617"
"2F","1st","","pennisetum.mezianum",NA,"C","N","20090617"
"2F","1st","","pennisetum.straminium",9,"C","N","20090617"
"2F","1st","","themeda.triandra",NA,"C","N","20090617"
"2F","1st","","bare",1,"C","N","20090617"
"2F","1st","","x_2",NA,"C","N","20090617"
"2F","1st","","aristida.kenyensis",NA,"C","N","20090617"
"2F","1st","","bothriochloa.insculpta",NA,"C","N","20090617"
"2F","1st","","bracharia.3",NA,"C","N","20090617"
"2F","1st","","bracharia.eruciformis",NA,"C","N","20090617"
"2F","1st","","chloris.sp",NA,"C","N","20090617"
"2F","1st","","cynodon.dactylon",NA,"C","N","20090617"
"2F","1st","","cynodon.plectostachyus",NA,"C","N","20090617"
"2F","1st","","cyperus...mariscus.spp",NA,"C","N","20090617"
"2F","1st","","digitaria.2",NA,"C","N","20090617"
"2F","1st","","digitaria.milanjiana",NA,"C","N","20090617"
"2F","1st","","dinebra.retroflexa",NA,"C","N","20090617"
"2F","1st","","eragrostis.tenuifolia",NA,"C","N","20090617"
"2F","1st","","harpachne.schimperi",NA,"C","N","20090617"
"2F","1st","","microchloa.kunthii",NA,"C","N","20090617"
"2F","1st","","panicum.astrosanguinum",NA,"C","N","20090617"
"2F","1st","","setaria.acromelaena..small.",NA,"C","N","20090617"
"2F","1st","","setaria.sphaecealata..big.",NA,"C","N","20090617"
"2F","1st","","sporobolus.pyramidalis",NA,"C","N","20090617"
"2F","1st","","tragus.berteronianus",NA,"C","N","20090617"
"2F","1st","","x_3",NA,"C","N","20090617"
"2F","1st","","acalypha.crenata",NA,"C","N","20090617"
"2F","1st","","aerva.lanata",NA,"C","N","20090617"
"2F","1st","","amaranthus.hibridus",NA,"C","N","20090617"
"2F","1st","","aspilia.pluriseta",NA,"C","N","20090617"
"2F","1st","","asterolinon.adoense..v.",NA,"C","N","20090617"
"2F","1st","","caralluma.acutangula",NA,"C","N","20090617"
"2F","1st","","chenopodium.opulifolium",NA,"C","N","20090617"
"2F","1st","","chenopodium.schraderianum",NA,"C","N","20090617"
"2F","1st","","commelina.spp",NA,"C","N","20090617"
"2F","1st","","commicarpus.pedunculosus",NA,"C","N","20090617"
"2F","1st","","conyza.sp",NA,"C","N","20090617"
"2F","1st","","corchorus.sp",NA,"C","N","20090617"
"2F","1st","","crotelaria.sp",NA,"C","N","20090617"
"2F","1st","","cyathula.orthacantha",NA,"C","N","20090617"
"2F","1st","","dyscoriste.radicans",NA,"C","N","20090617"
"2F","1st","","euphorbia.inaequilatera",NA,"C","N","20090617"
"2F","1st","","evolvulus.alsinoides",NA,"C","N","20090617"
"2F","1st","","fern",NA,"C","N","20090617"
"2F","1st","","gutenbergia.sp",NA,"C","N","20090617"
"2F","1st","","hermannia.uhligii",NA,"C","N","20090617"
"2F","1st","","hibiscus.flavifolius",NA,"C","N","20090617"
"2F","1st","","hibiscus.trionum",NA,"C","N","20090617"
"2F","1st","","indigofera.brevicalyx",NA,"C","N","20090617"
"2F","1st","","indigofera.schimperi",NA,"C","N","20090617"
"2F","1st","","ipomea.sinensis",NA,"C","N","20090617"
"2F","1st","","justicia.dichipteroides",NA,"C","N","20090617"
"2F","1st","","k",NA,"C","N","20090617"
"2F","1st","","kyllinga.sp",NA,"C","N","20090617"
"2F","1st","","leucas.glabrata",NA,"C","N","20090617"
"2F","1st","","leucas.martiniscensis",NA,"C","N","20090617"
"2F","1st","","lily.a",NA,"C","N","20090617"
"2F","1st","","lily.b",NA,"C","N","20090617"
"2F","1st","","lippia.javanica",NA,"C","N","20090617"
"2F","1st","","melhania.spp.",NA,"C","N","20090617"
"2F","1st","","misopates.orontium",NA,"C","N","20090617"
"2F","1st","","mollugo.nudicaulis",NA,"C","N","20090617"
"2F","1st","","monechima.debile",NA,"C","N","20090617"
"2F","1st","","monsonia.augustifolia",NA,"C","N","20090617"
"2F","1st","","ocimum.sp",NA,"C","N","20090617"
"2F","1st","","osteospermum.vaillantii",NA,"C","N","20090617"
"2F","1st","","oxygonum.sinuatum",NA,"C","N","20090617"
"2F","1st","","pavonia.patens",NA,"C","N","20090617"
"2F","1st","","pelargonium.alchemilloides",NA,"C","N","20090617"
"2F","1st","","pentanisia.ouranogyne",NA,"C","N","20090617"
"2F","1st","","phyllanthus.maderaspatensis",NA,"C","N","20090617"
"2F","1st","","plectranthus.spp",NA,"C","N","20090617"
"2F","1st","","pollichia.campestris",NA,"C","N","20090617"
"2F","1st","","polygala..l.",NA,"C","N","20090617"
"2F","1st","","polygala.sphenoptera",NA,"C","N","20090617"
"2F","1st","","portulaca.oleracea",NA,"C","N","20090617"
"2F","1st","","portulaca.quadrifida",NA,"C","N","20090617"
"2F","1st","","pseudognaphalium..helichrysum.glumaceum.",NA,"C","N","20090617"
"2F","1st","","psilotrichum.schimperi",NA,"C","N","20090617"
"2F","1st","","rhinacanthus.ndorensis",NA,"C","N","20090617"
"2F","1st","","rhynchosia.holstii",NA,"C","N","20090617"
"2F","1st","","schkuhria.pinnata",NA,"C","N","20090617"
"2F","1st","","sida.2",NA,"C","N","20090617"
"2F","1st","","sida.cuneifolia",NA,"C","N","20090617"
"2F","1st","","solanum.incanum",NA,"C","N","20090617"
"2F","1st","","solanum.indicum",NA,"C","N","20090617"
"2F","1st","","tribulus.terrestris",NA,"C","N","20090617"
"2F","1st","","u",NA,"C","N","20090617"
"2F","1st","","w",NA,"C","N","20090617"
"2F","1st","","x_4",NA,"C","N","20090617"
"2F","1st","","x_5",NA,"C","N","20090617"
"2F","1st","","x_6",NA,"C","N","20090617"
"2F","1st","","x_7",NA,"C","N","20090617"
"2F","1st","","x_8",NA,"C","N","20090617"
"2F","All","Lvs","bracharia.lacnantha",NA,"C","N","20090617"
"2F","All","Lvs","lintonia.nutans",NA,"C","N","20090617"
"2F","All","Lvs","pennisetum.mezianum",NA,"C","N","20090617"
"2F","All","Lvs","pennisetum.straminium",3,"C","N","20090617"
"2F","All","Lvs","themeda.triandra",NA,"C","N","20090617"
"2F","All","Lvs","bare",NA,"C","N","20090617"
"2F","All","Lvs","x_2",NA,"C","N","20090617"
"2F","All","Lvs","aristida.kenyensis",NA,"C","N","20090617"
"2F","All","Lvs","bothriochloa.insculpta",NA,"C","N","20090617"
"2F","All","Lvs","bracharia.3",NA,"C","N","20090617"
"2F","All","Lvs","bracharia.eruciformis",NA,"C","N","20090617"
"2F","All","Lvs","chloris.sp",NA,"C","N","20090617"
"2F","All","Lvs","cynodon.dactylon",NA,"C","N","20090617"
"2F","All","Lvs","cynodon.plectostachyus",NA,"C","N","20090617"
"2F","All","Lvs","cyperus...mariscus.spp",NA,"C","N","20090617"
"2F","All","Lvs","digitaria.2",NA,"C","N","20090617"
"2F","All","Lvs","digitaria.milanjiana",NA,"C","N","20090617"
"2F","All","Lvs","dinebra.retroflexa",NA,"C","N","20090617"
"2F","All","Lvs","eragrostis.tenuifolia",NA,"C","N","20090617"
"2F","All","Lvs","harpachne.schimperi",NA,"C","N","20090617"
"2F","All","Lvs","microchloa.kunthii",NA,"C","N","20090617"
"2F","All","Lvs","panicum.astrosanguinum",NA,"C","N","20090617"
"2F","All","Lvs","setaria.acromelaena..small.",NA,"C","N","20090617"
"2F","All","Lvs","setaria.sphaecealata..big.",NA,"C","N","20090617"
"2F","All","Lvs","sporobolus.pyramidalis",NA,"C","N","20090617"
"2F","All","Lvs","tragus.berteronianus",NA,"C","N","20090617"
"2F","All","Lvs","x_3",NA,"C","N","20090617"
"2F","All","Lvs","acalypha.crenata",NA,"C","N","20090617"
"2F","All","Lvs","aerva.lanata",NA,"C","N","20090617"
"2F","All","Lvs","amaranthus.hibridus",NA,"C","N","20090617"
"2F","All","Lvs","aspilia.pluriseta",NA,"C","N","20090617"
"2F","All","Lvs","asterolinon.adoense..v.",NA,"C","N","20090617"
"2F","All","Lvs","caralluma.acutangula",NA,"C","N","20090617"
"2F","All","Lvs","chenopodium.opulifolium",NA,"C","N","20090617"
"2F","All","Lvs","chenopodium.schraderianum",NA,"C","N","20090617"
"2F","All","Lvs","commelina.spp",NA,"C","N","20090617"
"2F","All","Lvs","commicarpus.pedunculosus",NA,"C","N","20090617"
"2F","All","Lvs","conyza.sp",NA,"C","N","20090617"
"2F","All","Lvs","corchorus.sp",NA,"C","N","20090617"
"2F","All","Lvs","crotelaria.sp",NA,"C","N","20090617"
"2F","All","Lvs","cyathula.orthacantha",NA,"C","N","20090617"
"2F","All","Lvs","dyscoriste.radicans",NA,"C","N","20090617"
"2F","All","Lvs","euphorbia.inaequilatera",NA,"C","N","20090617"
"2F","All","Lvs","evolvulus.alsinoides",NA,"C","N","20090617"
"2F","All","Lvs","fern",NA,"C","N","20090617"
"2F","All","Lvs","gutenbergia.sp",NA,"C","N","20090617"
"2F","All","Lvs","hermannia.uhligii",NA,"C","N","20090617"
"2F","All","Lvs","hibiscus.flavifolius",NA,"C","N","20090617"
"2F","All","Lvs","hibiscus.trionum",NA,"C","N","20090617"
"2F","All","Lvs","indigofera.brevicalyx",NA,"C","N","20090617"
"2F","All","Lvs","indigofera.schimperi",NA,"C","N","20090617"
"2F","All","Lvs","ipomea.sinensis",NA,"C","N","20090617"
"2F","All","Lvs","justicia.dichipteroides",NA,"C","N","20090617"
"2F","All","Lvs","k",NA,"C","N","20090617"
"2F","All","Lvs","kyllinga.sp",NA,"C","N","20090617"
"2F","All","Lvs","leucas.glabrata",NA,"C","N","20090617"
"2F","All","Lvs","leucas.martiniscensis",NA,"C","N","20090617"
"2F","All","Lvs","lily.a",NA,"C","N","20090617"
"2F","All","Lvs","lily.b",NA,"C","N","20090617"
"2F","All","Lvs","lippia.javanica",NA,"C","N","20090617"
"2F","All","Lvs","melhania.spp.",NA,"C","N","20090617"
"2F","All","Lvs","misopates.orontium",NA,"C","N","20090617"
"2F","All","Lvs","mollugo.nudicaulis",NA,"C","N","20090617"
"2F","All","Lvs","monechima.debile",NA,"C","N","20090617"
"2F","All","Lvs","monsonia.augustifolia",NA,"C","N","20090617"
"2F","All","Lvs","ocimum.sp",NA,"C","N","20090617"
"2F","All","Lvs","osteospermum.vaillantii",NA,"C","N","20090617"
"2F","All","Lvs","oxygonum.sinuatum",NA,"C","N","20090617"
"2F","All","Lvs","pavonia.patens",NA,"C","N","20090617"
"2F","All","Lvs","pelargonium.alchemilloides",NA,"C","N","20090617"
"2F","All","Lvs","pentanisia.ouranogyne",NA,"C","N","20090617"
"2F","All","Lvs","phyllanthus.maderaspatensis",NA,"C","N","20090617"
"2F","All","Lvs","plectranthus.spp",NA,"C","N","20090617"
"2F","All","Lvs","pollichia.campestris",NA,"C","N","20090617"
"2F","All","Lvs","polygala..l.",NA,"C","N","20090617"
"2F","All","Lvs","polygala.sphenoptera",NA,"C","N","20090617"
"2F","All","Lvs","portulaca.oleracea",NA,"C","N","20090617"
"2F","All","Lvs","portulaca.quadrifida",NA,"C","N","20090617"
"2F","All","Lvs","pseudognaphalium..helichrysum.glumaceum.",NA,"C","N","20090617"
"2F","All","Lvs","psilotrichum.schimperi",NA,"C","N","20090617"
"2F","All","Lvs","rhinacanthus.ndorensis",NA,"C","N","20090617"
"2F","All","Lvs","rhynchosia.holstii",NA,"C","N","20090617"
"2F","All","Lvs","schkuhria.pinnata",NA,"C","N","20090617"
"2F","All","Lvs","sida.2",NA,"C","N","20090617"
"2F","All","Lvs","sida.cuneifolia",NA,"C","N","20090617"
"2F","All","Lvs","solanum.incanum",NA,"C","N","20090617"
"2F","All","Lvs","solanum.indicum",NA,"C","N","20090617"
"2F","All","Lvs","tribulus.terrestris",NA,"C","N","20090617"
"2F","All","Lvs","u",NA,"C","N","20090617"
"2F","All","Lvs","w",NA,"C","N","20090617"
"2F","All","Lvs","x_4",NA,"C","N","20090617"
"2F","All","Lvs","x_5",NA,"C","N","20090617"
"2F","All","Lvs","x_6",NA,"C","N","20090617"
"2F","All","Lvs","x_7",NA,"C","N","20090617"
"2F","All","Lvs","x_8",NA,"C","N","20090617"
"2F","All","Stm","bracharia.lacnantha",NA,"C","N","20090617"
"2F","All","Stm","lintonia.nutans",NA,"C","N","20090617"
"2F","All","Stm","pennisetum.mezianum",NA,"C","N","20090617"
"2F","All","Stm","pennisetum.straminium",8,"C","N","20090617"
"2F","All","Stm","themeda.triandra",NA,"C","N","20090617"
"2F","All","Stm","bare",NA,"C","N","20090617"
"2F","All","Stm","x_2",NA,"C","N","20090617"
"2F","All","Stm","aristida.kenyensis",NA,"C","N","20090617"
"2F","All","Stm","bothriochloa.insculpta",NA,"C","N","20090617"
"2F","All","Stm","bracharia.3",NA,"C","N","20090617"
"2F","All","Stm","bracharia.eruciformis",NA,"C","N","20090617"
"2F","All","Stm","chloris.sp",NA,"C","N","20090617"
"2F","All","Stm","cynodon.dactylon",NA,"C","N","20090617"
"2F","All","Stm","cynodon.plectostachyus",NA,"C","N","20090617"
"2F","All","Stm","cyperus...mariscus.spp",NA,"C","N","20090617"
"2F","All","Stm","digitaria.2",NA,"C","N","20090617"
"2F","All","Stm","digitaria.milanjiana",NA,"C","N","20090617"
"2F","All","Stm","dinebra.retroflexa",NA,"C","N","20090617"
"2F","All","Stm","eragrostis.tenuifolia",NA,"C","N","20090617"
"2F","All","Stm","harpachne.schimperi",NA,"C","N","20090617"
"2F","All","Stm","microchloa.kunthii",NA,"C","N","20090617"
"2F","All","Stm","panicum.astrosanguinum",NA,"C","N","20090617"
"2F","All","Stm","setaria.acromelaena..small.",NA,"C","N","20090617"
"2F","All","Stm","setaria.sphaecealata..big.",NA,"C","N","20090617"
"2F","All","Stm","sporobolus.pyramidalis",NA,"C","N","20090617"
"2F","All","Stm","tragus.berteronianus",NA,"C","N","20090617"
"2F","All","Stm","x_3",NA,"C","N","20090617"
"2F","All","Stm","acalypha.crenata",NA,"C","N","20090617"
"2F","All","Stm","aerva.lanata",NA,"C","N","20090617"
"2F","All","Stm","amaranthus.hibridus",NA,"C","N","20090617"
"2F","All","Stm","aspilia.pluriseta",NA,"C","N","20090617"
"2F","All","Stm","asterolinon.adoense..v.",NA,"C","N","20090617"
"2F","All","Stm","caralluma.acutangula",NA,"C","N","20090617"
"2F","All","Stm","chenopodium.opulifolium",NA,"C","N","20090617"
"2F","All","Stm","chenopodium.schraderianum",NA,"C","N","20090617"
"2F","All","Stm","commelina.spp",NA,"C","N","20090617"
"2F","All","Stm","commicarpus.pedunculosus",NA,"C","N","20090617"
"2F","All","Stm","conyza.sp",NA,"C","N","20090617"
"2F","All","Stm","corchorus.sp",NA,"C","N","20090617"
"2F","All","Stm","crotelaria.sp",NA,"C","N","20090617"
"2F","All","Stm","cyathula.orthacantha",NA,"C","N","20090617"
"2F","All","Stm","dyscoriste.radicans",NA,"C","N","20090617"
"2F","All","Stm","euphorbia.inaequilatera",NA,"C","N","20090617"
"2F","All","Stm","evolvulus.alsinoides",NA,"C","N","20090617"
"2F","All","Stm","fern",NA,"C","N","20090617"
"2F","All","Stm","gutenbergia.sp",NA,"C","N","20090617"
"2F","All","Stm","hermannia.uhligii",NA,"C","N","20090617"
"2F","All","Stm","hibiscus.flavifolius",NA,"C","N","20090617"
"2F","All","Stm","hibiscus.trionum",NA,"C","N","20090617"
"2F","All","Stm","indigofera.brevicalyx",NA,"C","N","20090617"
"2F","All","Stm","indigofera.schimperi",NA,"C","N","20090617"
"2F","All","Stm","ipomea.sinensis",NA,"C","N","20090617"
"2F","All","Stm","justicia.dichipteroides",NA,"C","N","20090617"
"2F","All","Stm","k",NA,"C","N","20090617"
"2F","All","Stm","kyllinga.sp",NA,"C","N","20090617"
"2F","All","Stm","leucas.glabrata",NA,"C","N","20090617"
"2F","All","Stm","leucas.martiniscensis",NA,"C","N","20090617"
"2F","All","Stm","lily.a",NA,"C","N","20090617"
"2F","All","Stm","lily.b",NA,"C","N","20090617"
"2F","All","Stm","lippia.javanica",NA,"C","N","20090617"
"2F","All","Stm","melhania.spp.",NA,"C","N","20090617"
"2F","All","Stm","misopates.orontium",NA,"C","N","20090617"
"2F","All","Stm","mollugo.nudicaulis",NA,"C","N","20090617"
"2F","All","Stm","monechima.debile",NA,"C","N","20090617"
"2F","All","Stm","monsonia.augustifolia",NA,"C","N","20090617"
"2F","All","Stm","ocimum.sp",NA,"C","N","20090617"
"2F","All","Stm","osteospermum.vaillantii",NA,"C","N","20090617"
"2F","All","Stm","oxygonum.sinuatum",NA,"C","N","20090617"
"2F","All","Stm","pavonia.patens",NA,"C","N","20090617"
"2F","All","Stm","pelargonium.alchemilloides",NA,"C","N","20090617"
"2F","All","Stm","pentanisia.ouranogyne",NA,"C","N","20090617"
"2F","All","Stm","phyllanthus.maderaspatensis",NA,"C","N","20090617"
"2F","All","Stm","plectranthus.spp",NA,"C","N","20090617"
"2F","All","Stm","pollichia.campestris",NA,"C","N","20090617"
"2F","All","Stm","polygala..l.",NA,"C","N","20090617"
"2F","All","Stm","polygala.sphenoptera",NA,"C","N","20090617"
"2F","All","Stm","portulaca.oleracea",NA,"C","N","20090617"
"2F","All","Stm","portulaca.quadrifida",NA,"C","N","20090617"
"2F","All","Stm","pseudognaphalium..helichrysum.glumaceum.",NA,"C","N","20090617"
"2F","All","Stm","psilotrichum.schimperi",NA,"C","N","20090617"
"2F","All","Stm","rhinacanthus.ndorensis",NA,"C","N","20090617"
"2F","All","Stm","rhynchosia.holstii",NA,"C","N","20090617"
"2F","All","Stm","schkuhria.pinnata",NA,"C","N","20090617"
"2F","All","Stm","sida.2",NA,"C","N","20090617"
"2F","All","Stm","sida.cuneifolia",NA,"C","N","20090617"
"2F","All","Stm","solanum.incanum",NA,"C","N","20090617"
"2F","All","Stm","solanum.indicum",NA,"C","N","20090617"
"2F","All","Stm","tribulus.terrestris",NA,"C","N","20090617"
"2F","All","Stm","u",NA,"C","N","20090617"
"2F","All","Stm","w",NA,"C","N","20090617"
"2F","All","Stm","x_4",NA,"C","N","20090617"
"2F","All","Stm","x_5",NA,"C","N","20090617"
"2F","All","Stm","x_6",NA,"C","N","20090617"
"2F","All","Stm","x_7",NA,"C","N","20090617"
"2F","All","Stm","x_8",NA,"C","N","20090617"
"2D","1st","","bracharia.lacnantha",NA,"C","N","20090617"
"2D","1st","","lintonia.nutans",7,"C","N","20090617"
"2D","1st","","pennisetum.mezianum",NA,"C","N","20090617"
"2D","1st","","pennisetum.straminium",5,"C","N","20090617"
"2D","1st","","themeda.triandra",2,"C","N","20090617"
"2D","1st","","bare",NA,"C","N","20090617"
"2D","1st","","x_2",NA,"C","N","20090617"
"2D","1st","","aristida.kenyensis",NA,"C","N","20090617"
"2D","1st","","bothriochloa.insculpta",NA,"C","N","20090617"
"2D","1st","","bracharia.3",NA,"C","N","20090617"
"2D","1st","","bracharia.eruciformis",NA,"C","N","20090617"
"2D","1st","","chloris.sp",NA,"C","N","20090617"
"2D","1st","","cynodon.dactylon",NA,"C","N","20090617"
"2D","1st","","cynodon.plectostachyus",NA,"C","N","20090617"
"2D","1st","","cyperus...mariscus.spp",NA,"C","N","20090617"
"2D","1st","","digitaria.2",NA,"C","N","20090617"
"2D","1st","","digitaria.milanjiana",NA,"C","N","20090617"
"2D","1st","","dinebra.retroflexa",NA,"C","N","20090617"
"2D","1st","","eragrostis.tenuifolia",NA,"C","N","20090617"
"2D","1st","","harpachne.schimperi",NA,"C","N","20090617"
"2D","1st","","microchloa.kunthii",NA,"C","N","20090617"
"2D","1st","","panicum.astrosanguinum",NA,"C","N","20090617"
"2D","1st","","setaria.acromelaena..small.",NA,"C","N","20090617"
"2D","1st","","setaria.sphaecealata..big.",NA,"C","N","20090617"
"2D","1st","","sporobolus.pyramidalis",NA,"C","N","20090617"
"2D","1st","","tragus.berteronianus",NA,"C","N","20090617"
"2D","1st","","x_3",NA,"C","N","20090617"
"2D","1st","","acalypha.crenata",NA,"C","N","20090617"
"2D","1st","","aerva.lanata",NA,"C","N","20090617"
"2D","1st","","amaranthus.hibridus",NA,"C","N","20090617"
"2D","1st","","aspilia.pluriseta",NA,"C","N","20090617"
"2D","1st","","asterolinon.adoense..v.",NA,"C","N","20090617"
"2D","1st","","caralluma.acutangula",NA,"C","N","20090617"
"2D","1st","","chenopodium.opulifolium",NA,"C","N","20090617"
"2D","1st","","chenopodium.schraderianum",NA,"C","N","20090617"
"2D","1st","","commelina.spp",NA,"C","N","20090617"
"2D","1st","","commicarpus.pedunculosus",NA,"C","N","20090617"
"2D","1st","","conyza.sp",NA,"C","N","20090617"
"2D","1st","","corchorus.sp",NA,"C","N","20090617"
"2D","1st","","crotelaria.sp",NA,"C","N","20090617"
"2D","1st","","cyathula.orthacantha",NA,"C","N","20090617"
"2D","1st","","dyscoriste.radicans",NA,"C","N","20090617"
"2D","1st","","euphorbia.inaequilatera",NA,"C","N","20090617"
"2D","1st","","evolvulus.alsinoides",NA,"C","N","20090617"
"2D","1st","","fern",NA,"C","N","20090617"
"2D","1st","","gutenbergia.sp",NA,"C","N","20090617"
"2D","1st","","hermannia.uhligii",NA,"C","N","20090617"
"2D","1st","","hibiscus.flavifolius",NA,"C","N","20090617"
"2D","1st","","hibiscus.trionum",NA,"C","N","20090617"
"2D","1st","","indigofera.brevicalyx",NA,"C","N","20090617"
"2D","1st","","indigofera.schimperi",NA,"C","N","20090617"
"2D","1st","","ipomea.sinensis",NA,"C","N","20090617"
"2D","1st","","justicia.dichipteroides",NA,"C","N","20090617"
"2D","1st","","k",NA,"C","N","20090617"
"2D","1st","","kyllinga.sp",NA,"C","N","20090617"
"2D","1st","","leucas.glabrata",NA,"C","N","20090617"
"2D","1st","","leucas.martiniscensis",NA,"C","N","20090617"
"2D","1st","","lily.a",NA,"C","N","20090617"
"2D","1st","","lily.b",NA,"C","N","20090617"
"2D","1st","","lippia.javanica",NA,"C","N","20090617"
"2D","1st","","melhania.spp.",NA,"C","N","20090617"
"2D","1st","","misopates.orontium",NA,"C","N","20090617"
"2D","1st","","mollugo.nudicaulis",NA,"C","N","20090617"
"2D","1st","","monechima.debile",NA,"C","N","20090617"
"2D","1st","","monsonia.augustifolia",NA,"C","N","20090617"
"2D","1st","","ocimum.sp",NA,"C","N","20090617"
"2D","1st","","osteospermum.vaillantii",NA,"C","N","20090617"
"2D","1st","","oxygonum.sinuatum",NA,"C","N","20090617"
"2D","1st","","pavonia.patens",NA,"C","N","20090617"
"2D","1st","","pelargonium.alchemilloides",NA,"C","N","20090617"
"2D","1st","","pentanisia.ouranogyne",NA,"C","N","20090617"
"2D","1st","","phyllanthus.maderaspatensis",NA,"C","N","20090617"
"2D","1st","","plectranthus.spp",NA,"C","N","20090617"
"2D","1st","","pollichia.campestris",NA,"C","N","20090617"
"2D","1st","","polygala..l.",NA,"C","N","20090617"
"2D","1st","","polygala.sphenoptera",NA,"C","N","20090617"
"2D","1st","","portulaca.oleracea",NA,"C","N","20090617"
"2D","1st","","portulaca.quadrifida",NA,"C","N","20090617"
"2D","1st","","pseudognaphalium..helichrysum.glumaceum.",NA,"C","N","20090617"
"2D","1st","","psilotrichum.schimperi",NA,"C","N","20090617"
"2D","1st","","rhinacanthus.ndorensis",NA,"C","N","20090617"
"2D","1st","","rhynchosia.holstii",NA,"C","N","20090617"
"2D","1st","","schkuhria.pinnata",NA,"C","N","20090617"
"2D","1st","","sida.2",NA,"C","N","20090617"
"2D","1st","","sida.cuneifolia",NA,"C","N","20090617"
"2D","1st","","solanum.incanum",NA,"C","N","20090617"
"2D","1st","","solanum.indicum",NA,"C","N","20090617"
"2D","1st","","tribulus.terrestris",NA,"C","N","20090617"
"2D","1st","","u",NA,"C","N","20090617"
"2D","1st","","w",NA,"C","N","20090617"
"2D","1st","","x_4",NA,"C","N","20090617"
"2D","1st","","x_5",NA,"C","N","20090617"
"2D","1st","","x_6",NA,"C","N","20090617"
"2D","1st","","x_7",NA,"C","N","20090617"
"2D","1st","","x_8",NA,"C","N","20090617"
"2D","All","Lvs","bracharia.lacnantha",NA,"C","N","20090617"
"2D","All","Lvs","lintonia.nutans",15,"C","N","20090617"
"2D","All","Lvs","pennisetum.mezianum",NA,"C","N","20090617"
"2D","All","Lvs","pennisetum.straminium",16,"C","N","20090617"
"2D","All","Lvs","themeda.triandra",3,"C","N","20090617"
"2D","All","Lvs","bare",NA,"C","N","20090617"
"2D","All","Lvs","x_2",NA,"C","N","20090617"
"2D","All","Lvs","aristida.kenyensis",NA,"C","N","20090617"
"2D","All","Lvs","bothriochloa.insculpta",NA,"C","N","20090617"
"2D","All","Lvs","bracharia.3",NA,"C","N","20090617"
"2D","All","Lvs","bracharia.eruciformis",NA,"C","N","20090617"
"2D","All","Lvs","chloris.sp",NA,"C","N","20090617"
"2D","All","Lvs","cynodon.dactylon",NA,"C","N","20090617"
"2D","All","Lvs","cynodon.plectostachyus",NA,"C","N","20090617"
"2D","All","Lvs","cyperus...mariscus.spp",NA,"C","N","20090617"
"2D","All","Lvs","digitaria.2",NA,"C","N","20090617"
"2D","All","Lvs","digitaria.milanjiana",NA,"C","N","20090617"
"2D","All","Lvs","dinebra.retroflexa",NA,"C","N","20090617"
"2D","All","Lvs","eragrostis.tenuifolia",NA,"C","N","20090617"
"2D","All","Lvs","harpachne.schimperi",NA,"C","N","20090617"
"2D","All","Lvs","microchloa.kunthii",NA,"C","N","20090617"
"2D","All","Lvs","panicum.astrosanguinum",NA,"C","N","20090617"
"2D","All","Lvs","setaria.acromelaena..small.",NA,"C","N","20090617"
"2D","All","Lvs","setaria.sphaecealata..big.",NA,"C","N","20090617"
"2D","All","Lvs","sporobolus.pyramidalis",NA,"C","N","20090617"
"2D","All","Lvs","tragus.berteronianus",NA,"C","N","20090617"
"2D","All","Lvs","x_3",NA,"C","N","20090617"
"2D","All","Lvs","acalypha.crenata",NA,"C","N","20090617"
"2D","All","Lvs","aerva.lanata",NA,"C","N","20090617"
"2D","All","Lvs","amaranthus.hibridus",NA,"C","N","20090617"
"2D","All","Lvs","aspilia.pluriseta",NA,"C","N","20090617"
"2D","All","Lvs","asterolinon.adoense..v.",NA,"C","N","20090617"
"2D","All","Lvs","caralluma.acutangula",NA,"C","N","20090617"
"2D","All","Lvs","chenopodium.opulifolium",NA,"C","N","20090617"
"2D","All","Lvs","chenopodium.schraderianum",NA,"C","N","20090617"
"2D","All","Lvs","commelina.spp",NA,"C","N","20090617"
"2D","All","Lvs","commicarpus.pedunculosus",NA,"C","N","20090617"
"2D","All","Lvs","conyza.sp",NA,"C","N","20090617"
"2D","All","Lvs","corchorus.sp",NA,"C","N","20090617"
"2D","All","Lvs","crotelaria.sp",NA,"C","N","20090617"
"2D","All","Lvs","cyathula.orthacantha",NA,"C","N","20090617"
"2D","All","Lvs","dyscoriste.radicans",NA,"C","N","20090617"
"2D","All","Lvs","euphorbia.inaequilatera",NA,"C","N","20090617"
"2D","All","Lvs","evolvulus.alsinoides",NA,"C","N","20090617"
"2D","All","Lvs","fern",NA,"C","N","20090617"
"2D","All","Lvs","gutenbergia.sp",NA,"C","N","20090617"
"2D","All","Lvs","hermannia.uhligii",NA,"C","N","20090617"
"2D","All","Lvs","hibiscus.flavifolius",NA,"C","N","20090617"
"2D","All","Lvs","hibiscus.trionum",NA,"C","N","20090617"
"2D","All","Lvs","indigofera.brevicalyx",NA,"C","N","20090617"
"2D","All","Lvs","indigofera.schimperi",NA,"C","N","20090617"
"2D","All","Lvs","ipomea.sinensis",NA,"C","N","20090617"
"2D","All","Lvs","justicia.dichipteroides",NA,"C","N","20090617"
"2D","All","Lvs","k",NA,"C","N","20090617"
"2D","All","Lvs","kyllinga.sp",NA,"C","N","20090617"
"2D","All","Lvs","leucas.glabrata",NA,"C","N","20090617"
"2D","All","Lvs","leucas.martiniscensis",NA,"C","N","20090617"
"2D","All","Lvs","lily.a",NA,"C","N","20090617"
"2D","All","Lvs","lily.b",NA,"C","N","20090617"
"2D","All","Lvs","lippia.javanica",NA,"C","N","20090617"
"2D","All","Lvs","melhania.spp.",NA,"C","N","20090617"
"2D","All","Lvs","misopates.orontium",NA,"C","N","20090617"
"2D","All","Lvs","mollugo.nudicaulis",NA,"C","N","20090617"
"2D","All","Lvs","monechima.debile",NA,"C","N","20090617"
"2D","All","Lvs","monsonia.augustifolia",NA,"C","N","20090617"
"2D","All","Lvs","ocimum.sp",NA,"C","N","20090617"
"2D","All","Lvs","osteospermum.vaillantii",NA,"C","N","20090617"
"2D","All","Lvs","oxygonum.sinuatum",NA,"C","N","20090617"
"2D","All","Lvs","pavonia.patens",NA,"C","N","20090617"
"2D","All","Lvs","pelargonium.alchemilloides",NA,"C","N","20090617"
"2D","All","Lvs","pentanisia.ouranogyne",NA,"C","N","20090617"
"2D","All","Lvs","phyllanthus.maderaspatensis",NA,"C","N","20090617"
"2D","All","Lvs","plectranthus.spp",NA,"C","N","20090617"
"2D","All","Lvs","pollichia.campestris",NA,"C","N","20090617"
"2D","All","Lvs","polygala..l.",NA,"C","N","20090617"
"2D","All","Lvs","polygala.sphenoptera",NA,"C","N","20090617"
"2D","All","Lvs","portulaca.oleracea",NA,"C","N","20090617"
"2D","All","Lvs","portulaca.quadrifida",NA,"C","N","20090617"
"2D","All","Lvs","pseudognaphalium..helichrysum.glumaceum.",NA,"C","N","20090617"
"2D","All","Lvs","psilotrichum.schimperi",NA,"C","N","20090617"
"2D","All","Lvs","rhinacanthus.ndorensis",NA,"C","N","20090617"
"2D","All","Lvs","rhynchosia.holstii",NA,"C","N","20090617"
"2D","All","Lvs","schkuhria.pinnata",NA,"C","N","20090617"
"2D","All","Lvs","sida.2",NA,"C","N","20090617"
"2D","All","Lvs","sida.cuneifolia",NA,"C","N","20090617"
"2D","All","Lvs","solanum.incanum",NA,"C","N","20090617"
"2D","All","Lvs","solanum.indicum",NA,"C","N","20090617"
"2D","All","Lvs","tribulus.terrestris",NA,"C","N","20090617"
"2D","All","Lvs","u",NA,"C","N","20090617"
"2D","All","Lvs","w",NA,"C","N","20090617"
"2D","All","Lvs","x_4",NA,"C","N","20090617"
"2D","All","Lvs","x_5",NA,"C","N","20090617"
"2D","All","Lvs","x_6",NA,"C","N","20090617"
"2D","All","Lvs","x_7",NA,"C","N","20090617"
"2D","All","Lvs","x_8",NA,"C","N","20090617"
"2D","All","Stm","bracharia.lacnantha",NA,"C","N","20090617"
"2D","All","Stm","lintonia.nutans",NA,"C","N","20090617"
"2D","All","Stm","pennisetum.mezianum",NA,"C","N","20090617"
"2D","All","Stm","pennisetum.straminium",3,"C","N","20090617"
"2D","All","Stm","themeda.triandra",2,"C","N","20090617"
"2D","All","Stm","bare",NA,"C","N","20090617"
"2D","All","Stm","x_2",NA,"C","N","20090617"
"2D","All","Stm","aristida.kenyensis",NA,"C","N","20090617"
"2D","All","Stm","bothriochloa.insculpta",NA,"C","N","20090617"
"2D","All","Stm","bracharia.3",NA,"C","N","20090617"
"2D","All","Stm","bracharia.eruciformis",NA,"C","N","20090617"
"2D","All","Stm","chloris.sp",NA,"C","N","20090617"
"2D","All","Stm","cynodon.dactylon",NA,"C","N","20090617"
"2D","All","Stm","cynodon.plectostachyus",NA,"C","N","20090617"
"2D","All","Stm","cyperus...mariscus.spp",NA,"C","N","20090617"
"2D","All","Stm","digitaria.2",NA,"C","N","20090617"
"2D","All","Stm","digitaria.milanjiana",NA,"C","N","20090617"
"2D","All","Stm","dinebra.retroflexa",NA,"C","N","20090617"
"2D","All","Stm","eragrostis.tenuifolia",NA,"C","N","20090617"
"2D","All","Stm","harpachne.schimperi",NA,"C","N","20090617"
"2D","All","Stm","microchloa.kunthii",NA,"C","N","20090617"
"2D","All","Stm","panicum.astrosanguinum",NA,"C","N","20090617"
"2D","All","Stm","setaria.acromelaena..small.",NA,"C","N","20090617"
"2D","All","Stm","setaria.sphaecealata..big.",NA,"C","N","20090617"
"2D","All","Stm","sporobolus.pyramidalis",NA,"C","N","20090617"
"2D","All","Stm","tragus.berteronianus",NA,"C","N","20090617"
"2D","All","Stm","x_3",NA,"C","N","20090617"
"2D","All","Stm","acalypha.crenata",NA,"C","N","20090617"
"2D","All","Stm","aerva.lanata",NA,"C","N","20090617"
"2D","All","Stm","amaranthus.hibridus",NA,"C","N","20090617"
"2D","All","Stm","aspilia.pluriseta",NA,"C","N","20090617"
"2D","All","Stm","asterolinon.adoense..v.",NA,"C","N","20090617"
"2D","All","Stm","caralluma.acutangula",NA,"C","N","20090617"
"2D","All","Stm","chenopodium.opulifolium",NA,"C","N","20090617"
"2D","All","Stm","chenopodium.schraderianum",NA,"C","N","20090617"
"2D","All","Stm","commelina.spp",NA,"C","N","20090617"
"2D","All","Stm","commicarpus.pedunculosus",NA,"C","N","20090617"
"2D","All","Stm","conyza.sp",NA,"C","N","20090617"
"2D","All","Stm","corchorus.sp",NA,"C","N","20090617"
"2D","All","Stm","crotelaria.sp",NA,"C","N","20090617"
"2D","All","Stm","cyathula.orthacantha",NA,"C","N","20090617"
"2D","All","Stm","dyscoriste.radicans",NA,"C","N","20090617"
"2D","All","Stm","euphorbia.inaequilatera",NA,"C","N","20090617"
"2D","All","Stm","evolvulus.alsinoides",NA,"C","N","20090617"
"2D","All","Stm","fern",NA,"C","N","20090617"
"2D","All","Stm","gutenbergia.sp",NA,"C","N","20090617"
"2D","All","Stm","hermannia.uhligii",NA,"C","N","20090617"
"2D","All","Stm","hibiscus.flavifolius",NA,"C","N","20090617"
"2D","All","Stm","hibiscus.trionum",NA,"C","N","20090617"
"2D","All","Stm","indigofera.brevicalyx",NA,"C","N","20090617"
"2D","All","Stm","indigofera.schimperi",NA,"C","N","20090617"
"2D","All","Stm","ipomea.sinensis",NA,"C","N","20090617"
"2D","All","Stm","justicia.dichipteroides",NA,"C","N","20090617"
"2D","All","Stm","k",NA,"C","N","20090617"
"2D","All","Stm","kyllinga.sp",NA,"C","N","20090617"
"2D","All","Stm","leucas.glabrata",NA,"C","N","20090617"
"2D","All","Stm","leucas.martiniscensis",NA,"C","N","20090617"
"2D","All","Stm","lily.a",NA,"C","N","20090617"
"2D","All","Stm","lily.b",NA,"C","N","20090617"
"2D","All","Stm","lippia.javanica",NA,"C","N","20090617"
"2D","All","Stm","melhania.spp.",NA,"C","N","20090617"
"2D","All","Stm","misopates.orontium",NA,"C","N","20090617"
"2D","All","Stm","mollugo.nudicaulis",NA,"C","N","20090617"
"2D","All","Stm","monechima.debile",NA,"C","N","20090617"
"2D","All","Stm","monsonia.augustifolia",NA,"C","N","20090617"
"2D","All","Stm","ocimum.sp",NA,"C","N","20090617"
"2D","All","Stm","osteospermum.vaillantii",NA,"C","N","20090617"
"2D","All","Stm","oxygonum.sinuatum",NA,"C","N","20090617"
"2D","All","Stm","pavonia.patens",NA,"C","N","20090617"
"2D","All","Stm","pelargonium.alchemilloides",NA,"C","N","20090617"
"2D","All","Stm","pentanisia.ouranogyne",NA,"C","N","20090617"
"2D","All","Stm","phyllanthus.maderaspatensis",NA,"C","N","20090617"
"2D","All","Stm","plectranthus.spp",NA,"C","N","20090617"
"2D","All","Stm","pollichia.campestris",NA,"C","N","20090617"
"2D","All","Stm","polygala..l.",NA,"C","N","20090617"
"2D","All","Stm","polygala.sphenoptera",NA,"C","N","20090617"
"2D","All","Stm","portulaca.oleracea",NA,"C","N","20090617"
"2D","All","Stm","portulaca.quadrifida",NA,"C","N","20090617"
"2D","All","Stm","pseudognaphalium..helichrysum.glumaceum.",NA,"C","N","20090617"
"2D","All","Stm","psilotrichum.schimperi",NA,"C","N","20090617"
"2D","All","Stm","rhinacanthus.ndorensis",NA,"C","N","20090617"
"2D","All","Stm","rhynchosia.holstii",NA,"C","N","20090617"
"2D","All","Stm","schkuhria.pinnata",NA,"C","N","20090617"
"2D","All","Stm","sida.2",NA,"C","N","20090617"
"2D","All","Stm","sida.cuneifolia",NA,"C","N","20090617"
"2D","All","Stm","solanum.incanum",NA,"C","N","20090617"
"2D","All","Stm","solanum.indicum",NA,"C","N","20090617"
"2D","All","Stm","tribulus.terrestris",NA,"C","N","20090617"
"2D","All","Stm","u",NA,"C","N","20090617"
"2D","All","Stm","w",NA,"C","N","20090617"
"2D","All","Stm","x_4",NA,"C","N","20090617"
"2D","All","Stm","x_5",NA,"C","N","20090617"
"2D","All","Stm","x_6",NA,"C","N","20090617"
"2D","All","Stm","x_7",NA,"C","N","20090617"
"2D","All","Stm","x_8",NA,"C","N","20090617"
"2B","1st","","bracharia.lacnantha",3,"C","N","20090617"
"2B","1st","","lintonia.nutans",NA,"C","N","20090617"
"2B","1st","","pennisetum.mezianum",5,"C","N","20090617"
"2B","1st","","pennisetum.straminium",3,"C","N","20090617"
"2B","1st","","themeda.triandra",NA,"C","N","20090617"
"2B","1st","","bare",2,"C","N","20090617"
"2B","1st","","x_2",NA,"C","N","20090617"
"2B","1st","","aristida.kenyensis",NA,"C","N","20090617"
"2B","1st","","bothriochloa.insculpta",NA,"C","N","20090617"
"2B","1st","","bracharia.3",NA,"C","N","20090617"
"2B","1st","","bracharia.eruciformis",NA,"C","N","20090617"
"2B","1st","","chloris.sp",NA,"C","N","20090617"
"2B","1st","","cynodon.dactylon",NA,"C","N","20090617"
"2B","1st","","cynodon.plectostachyus",NA,"C","N","20090617"
"2B","1st","","cyperus...mariscus.spp",NA,"C","N","20090617"
"2B","1st","","digitaria.2",NA,"C","N","20090617"
"2B","1st","","digitaria.milanjiana",NA,"C","N","20090617"
"2B","1st","","dinebra.retroflexa",NA,"C","N","20090617"
"2B","1st","","eragrostis.tenuifolia",NA,"C","N","20090617"
"2B","1st","","harpachne.schimperi",NA,"C","N","20090617"
"2B","1st","","microchloa.kunthii",NA,"C","N","20090617"
"2B","1st","","panicum.astrosanguinum",NA,"C","N","20090617"
"2B","1st","","setaria.acromelaena..small.",NA,"C","N","20090617"
"2B","1st","","setaria.sphaecealata..big.",NA,"C","N","20090617"
"2B","1st","","sporobolus.pyramidalis",NA,"C","N","20090617"
"2B","1st","","tragus.berteronianus",NA,"C","N","20090617"
"2B","1st","","x_3",NA,"C","N","20090617"
"2B","1st","","acalypha.crenata",NA,"C","N","20090617"
"2B","1st","","aerva.lanata",NA,"C","N","20090617"
"2B","1st","","amaranthus.hibridus",NA,"C","N","20090617"
"2B","1st","","aspilia.pluriseta",NA,"C","N","20090617"
"2B","1st","","asterolinon.adoense..v.",NA,"C","N","20090617"
"2B","1st","","caralluma.acutangula",NA,"C","N","20090617"
"2B","1st","","chenopodium.opulifolium",NA,"C","N","20090617"
"2B","1st","","chenopodium.schraderianum",NA,"C","N","20090617"
"2B","1st","","commelina.spp",NA,"C","N","20090617"
"2B","1st","","commicarpus.pedunculosus",NA,"C","N","20090617"
"2B","1st","","conyza.sp",NA,"C","N","20090617"
"2B","1st","","corchorus.sp",NA,"C","N","20090617"
"2B","1st","","crotelaria.sp",NA,"C","N","20090617"
"2B","1st","","cyathula.orthacantha",NA,"C","N","20090617"
"2B","1st","","dyscoriste.radicans",NA,"C","N","20090617"
"2B","1st","","euphorbia.inaequilatera",NA,"C","N","20090617"
"2B","1st","","evolvulus.alsinoides",NA,"C","N","20090617"
"2B","1st","","fern",NA,"C","N","20090617"
"2B","1st","","gutenbergia.sp",NA,"C","N","20090617"
"2B","1st","","hermannia.uhligii",NA,"C","N","20090617"
"2B","1st","","hibiscus.flavifolius",NA,"C","N","20090617"
"2B","1st","","hibiscus.trionum",NA,"C","N","20090617"
"2B","1st","","indigofera.brevicalyx",NA,"C","N","20090617"
"2B","1st","","indigofera.schimperi",NA,"C","N","20090617"
"2B","1st","","ipomea.sinensis",NA,"C","N","20090617"
"2B","1st","","justicia.dichipteroides",NA,"C","N","20090617"
"2B","1st","","k",NA,"C","N","20090617"
"2B","1st","","kyllinga.sp",NA,"C","N","20090617"
"2B","1st","","leucas.glabrata",NA,"C","N","20090617"
"2B","1st","","leucas.martiniscensis",NA,"C","N","20090617"
"2B","1st","","lily.a",NA,"C","N","20090617"
"2B","1st","","lily.b",NA,"C","N","20090617"
"2B","1st","","lippia.javanica",NA,"C","N","20090617"
"2B","1st","","melhania.spp.",NA,"C","N","20090617"
"2B","1st","","misopates.orontium",NA,"C","N","20090617"
"2B","1st","","mollugo.nudicaulis",NA,"C","N","20090617"
"2B","1st","","monechima.debile",NA,"C","N","20090617"
"2B","1st","","monsonia.augustifolia",NA,"C","N","20090617"
"2B","1st","","ocimum.sp",NA,"C","N","20090617"
"2B","1st","","osteospermum.vaillantii",NA,"C","N","20090617"
"2B","1st","","oxygonum.sinuatum",NA,"C","N","20090617"
"2B","1st","","pavonia.patens",NA,"C","N","20090617"
"2B","1st","","pelargonium.alchemilloides",NA,"C","N","20090617"
"2B","1st","","pentanisia.ouranogyne",NA,"C","N","20090617"
"2B","1st","","phyllanthus.maderaspatensis",NA,"C","N","20090617"
"2B","1st","","plectranthus.spp",NA,"C","N","20090617"
"2B","1st","","pollichia.campestris",NA,"C","N","20090617"
"2B","1st","","polygala..l.",NA,"C","N","20090617"
"2B","1st","","polygala.sphenoptera",NA,"C","N","20090617"
"2B","1st","","portulaca.oleracea",NA,"C","N","20090617"
"2B","1st","","portulaca.quadrifida",NA,"C","N","20090617"
"2B","1st","","pseudognaphalium..helichrysum.glumaceum.",NA,"C","N","20090617"
"2B","1st","","psilotrichum.schimperi",NA,"C","N","20090617"
"2B","1st","","rhinacanthus.ndorensis",NA,"C","N","20090617"
"2B","1st","","rhynchosia.holstii",NA,"C","N","20090617"
"2B","1st","","schkuhria.pinnata",NA,"C","N","20090617"
"2B","1st","","sida.2",NA,"C","N","20090617"
"2B","1st","","sida.cuneifolia",NA,"C","N","20090617"
"2B","1st","","solanum.incanum",NA,"C","N","20090617"
"2B","1st","","solanum.indicum",NA,"C","N","20090617"
"2B","1st","","tribulus.terrestris",NA,"C","N","20090617"
"2B","1st","","u",NA,"C","N","20090617"
"2B","1st","","w",NA,"C","N","20090617"
"2B","1st","","x_4",NA,"C","N","20090617"
"2B","1st","","x_5",NA,"C","N","20090617"
"2B","1st","","x_6",NA,"C","N","20090617"
"2B","1st","","x_7",NA,"C","N","20090617"
"2B","1st","","x_8",NA,"C","N","20090617"
"2B","All","Lvs","bracharia.lacnantha",5,"C","N","20090617"
"2B","All","Lvs","lintonia.nutans",NA,"C","N","20090617"
"2B","All","Lvs","pennisetum.mezianum",10,"C","N","20090617"
"2B","All","Lvs","pennisetum.straminium",3,"C","N","20090617"
"2B","All","Lvs","themeda.triandra",NA,"C","N","20090617"
"2B","All","Lvs","bare",NA,"C","N","20090617"
"2B","All","Lvs","x_2",NA,"C","N","20090617"
"2B","All","Lvs","aristida.kenyensis",NA,"C","N","20090617"
"2B","All","Lvs","bothriochloa.insculpta",NA,"C","N","20090617"
"2B","All","Lvs","bracharia.3",NA,"C","N","20090617"
"2B","All","Lvs","bracharia.eruciformis",NA,"C","N","20090617"
"2B","All","Lvs","chloris.sp",NA,"C","N","20090617"
"2B","All","Lvs","cynodon.dactylon",NA,"C","N","20090617"
"2B","All","Lvs","cynodon.plectostachyus",NA,"C","N","20090617"
"2B","All","Lvs","cyperus...mariscus.spp",NA,"C","N","20090617"
"2B","All","Lvs","digitaria.2",NA,"C","N","20090617"
"2B","All","Lvs","digitaria.milanjiana",NA,"C","N","20090617"
"2B","All","Lvs","dinebra.retroflexa",NA,"C","N","20090617"
"2B","All","Lvs","eragrostis.tenuifolia",NA,"C","N","20090617"
"2B","All","Lvs","harpachne.schimperi",NA,"C","N","20090617"
"2B","All","Lvs","microchloa.kunthii",NA,"C","N","20090617"
"2B","All","Lvs","panicum.astrosanguinum",NA,"C","N","20090617"
"2B","All","Lvs","setaria.acromelaena..small.",NA,"C","N","20090617"
"2B","All","Lvs","setaria.sphaecealata..big.",NA,"C","N","20090617"
"2B","All","Lvs","sporobolus.pyramidalis",NA,"C","N","20090617"
"2B","All","Lvs","tragus.berteronianus",NA,"C","N","20090617"
"2B","All","Lvs","x_3",NA,"C","N","20090617"
"2B","All","Lvs","acalypha.crenata",NA,"C","N","20090617"
"2B","All","Lvs","aerva.lanata",NA,"C","N","20090617"
"2B","All","Lvs","amaranthus.hibridus",NA,"C","N","20090617"
"2B","All","Lvs","aspilia.pluriseta",NA,"C","N","20090617"
"2B","All","Lvs","asterolinon.adoense..v.",NA,"C","N","20090617"
"2B","All","Lvs","caralluma.acutangula",NA,"C","N","20090617"
"2B","All","Lvs","chenopodium.opulifolium",NA,"C","N","20090617"
"2B","All","Lvs","chenopodium.schraderianum",NA,"C","N","20090617"
"2B","All","Lvs","commelina.spp",NA,"C","N","20090617"
"2B","All","Lvs","commicarpus.pedunculosus",NA,"C","N","20090617"
"2B","All","Lvs","conyza.sp",NA,"C","N","20090617"
"2B","All","Lvs","corchorus.sp",NA,"C","N","20090617"
"2B","All","Lvs","crotelaria.sp",NA,"C","N","20090617"
"2B","All","Lvs","cyathula.orthacantha",NA,"C","N","20090617"
"2B","All","Lvs","dyscoriste.radicans",NA,"C","N","20090617"
"2B","All","Lvs","euphorbia.inaequilatera",NA,"C","N","20090617"
"2B","All","Lvs","evolvulus.alsinoides",NA,"C","N","20090617"
"2B","All","Lvs","fern",NA,"C","N","20090617"
"2B","All","Lvs","gutenbergia.sp",NA,"C","N","20090617"
"2B","All","Lvs","hermannia.uhligii",NA,"C","N","20090617"
"2B","All","Lvs","hibiscus.flavifolius",NA,"C","N","20090617"
"2B","All","Lvs","hibiscus.trionum",NA,"C","N","20090617"
"2B","All","Lvs","indigofera.brevicalyx",NA,"C","N","20090617"
"2B","All","Lvs","indigofera.schimperi",NA,"C","N","20090617"
"2B","All","Lvs","ipomea.sinensis",NA,"C","N","20090617"
"2B","All","Lvs","justicia.dichipteroides",NA,"C","N","20090617"
"2B","All","Lvs","k",NA,"C","N","20090617"
"2B","All","Lvs","kyllinga.sp",NA,"C","N","20090617"
"2B","All","Lvs","leucas.glabrata",NA,"C","N","20090617"
"2B","All","Lvs","leucas.martiniscensis",NA,"C","N","20090617"
"2B","All","Lvs","lily.a",NA,"C","N","20090617"
"2B","All","Lvs","lily.b",NA,"C","N","20090617"
"2B","All","Lvs","lippia.javanica",NA,"C","N","20090617"
"2B","All","Lvs","melhania.spp.",NA,"C","N","20090617"
"2B","All","Lvs","misopates.orontium",NA,"C","N","20090617"
"2B","All","Lvs","mollugo.nudicaulis",NA,"C","N","20090617"
"2B","All","Lvs","monechima.debile",NA,"C","N","20090617"
"2B","All","Lvs","monsonia.augustifolia",NA,"C","N","20090617"
"2B","All","Lvs","ocimum.sp",NA,"C","N","20090617"
"2B","All","Lvs","osteospermum.vaillantii",NA,"C","N","20090617"
"2B","All","Lvs","oxygonum.sinuatum",NA,"C","N","20090617"
"2B","All","Lvs","pavonia.patens",NA,"C","N","20090617"
"2B","All","Lvs","pelargonium.alchemilloides",NA,"C","N","20090617"
"2B","All","Lvs","pentanisia.ouranogyne",NA,"C","N","20090617"
"2B","All","Lvs","phyllanthus.maderaspatensis",NA,"C","N","20090617"
"2B","All","Lvs","plectranthus.spp",NA,"C","N","20090617"
"2B","All","Lvs","pollichia.campestris",NA,"C","N","20090617"
"2B","All","Lvs","polygala..l.",NA,"C","N","20090617"
"2B","All","Lvs","polygala.sphenoptera",NA,"C","N","20090617"
"2B","All","Lvs","portulaca.oleracea",NA,"C","N","20090617"
"2B","All","Lvs","portulaca.quadrifida",NA,"C","N","20090617"
"2B","All","Lvs","pseudognaphalium..helichrysum.glumaceum.",NA,"C","N","20090617"
"2B","All","Lvs","psilotrichum.schimperi",NA,"C","N","20090617"
"2B","All","Lvs","rhinacanthus.ndorensis",NA,"C","N","20090617"
"2B","All","Lvs","rhynchosia.holstii",NA,"C","N","20090617"
"2B","All","Lvs","schkuhria.pinnata",NA,"C","N","20090617"
"2B","All","Lvs","sida.2",NA,"C","N","20090617"
"2B","All","Lvs","sida.cuneifolia",NA,"C","N","20090617"
"2B","All","Lvs","solanum.incanum",NA,"C","N","20090617"
"2B","All","Lvs","solanum.indicum",NA,"C","N","20090617"
"2B","All","Lvs","tribulus.terrestris",NA,"C","N","20090617"
"2B","All","Lvs","u",NA,"C","N","20090617"
"2B","All","Lvs","w",NA,"C","N","20090617"
"2B","All","Lvs","x_4",NA,"C","N","20090617"
"2B","All","Lvs","x_5",NA,"C","N","20090617"
"2B","All","Lvs","x_6",NA,"C","N","20090617"
"2B","All","Lvs","x_7",NA,"C","N","20090617"
"2B","All","Lvs","x_8",NA,"C","N","20090617"
"2B","All","Stm","bracharia.lacnantha",NA,"C","N","20090617"
"2B","All","Stm","lintonia.nutans",NA,"C","N","20090617"
"2B","All","Stm","pennisetum.mezianum",3,"C","N","20090617"
"2B","All","Stm","pennisetum.straminium",2,"C","N","20090617"
"2B","All","Stm","themeda.triandra",NA,"C","N","20090617"
"2B","All","Stm","bare",NA,"C","N","20090617"
"2B","All","Stm","x_2",NA,"C","N","20090617"
"2B","All","Stm","aristida.kenyensis",NA,"C","N","20090617"
"2B","All","Stm","bothriochloa.insculpta",NA,"C","N","20090617"
"2B","All","Stm","bracharia.3",NA,"C","N","20090617"
"2B","All","Stm","bracharia.eruciformis",NA,"C","N","20090617"
"2B","All","Stm","chloris.sp",NA,"C","N","20090617"
"2B","All","Stm","cynodon.dactylon",NA,"C","N","20090617"
"2B","All","Stm","cynodon.plectostachyus",NA,"C","N","20090617"
"2B","All","Stm","cyperus...mariscus.spp",NA,"C","N","20090617"
"2B","All","Stm","digitaria.2",NA,"C","N","20090617"
"2B","All","Stm","digitaria.milanjiana",NA,"C","N","20090617"
"2B","All","Stm","dinebra.retroflexa",NA,"C","N","20090617"
"2B","All","Stm","eragrostis.tenuifolia",NA,"C","N","20090617"
"2B","All","Stm","harpachne.schimperi",NA,"C","N","20090617"
"2B","All","Stm","microchloa.kunthii",NA,"C","N","20090617"
"2B","All","Stm","panicum.astrosanguinum",NA,"C","N","20090617"
"2B","All","Stm","setaria.acromelaena..small.",NA,"C","N","20090617"
"2B","All","Stm","setaria.sphaecealata..big.",NA,"C","N","20090617"
"2B","All","Stm","sporobolus.pyramidalis",NA,"C","N","20090617"
"2B","All","Stm","tragus.berteronianus",NA,"C","N","20090617"
"2B","All","Stm","x_3",NA,"C","N","20090617"
"2B","All","Stm","acalypha.crenata",NA,"C","N","20090617"
"2B","All","Stm","aerva.lanata",NA,"C","N","20090617"
"2B","All","Stm","amaranthus.hibridus",NA,"C","N","20090617"
"2B","All","Stm","aspilia.pluriseta",NA,"C","N","20090617"
"2B","All","Stm","asterolinon.adoense..v.",NA,"C","N","20090617"
"2B","All","Stm","caralluma.acutangula",NA,"C","N","20090617"
"2B","All","Stm","chenopodium.opulifolium",NA,"C","N","20090617"
"2B","All","Stm","chenopodium.schraderianum",NA,"C","N","20090617"
"2B","All","Stm","commelina.spp",NA,"C","N","20090617"
"2B","All","Stm","commicarpus.pedunculosus",NA,"C","N","20090617"
"2B","All","Stm","conyza.sp",NA,"C","N","20090617"
"2B","All","Stm","corchorus.sp",NA,"C","N","20090617"
"2B","All","Stm","crotelaria.sp",NA,"C","N","20090617"
"2B","All","Stm","cyathula.orthacantha",NA,"C","N","20090617"
"2B","All","Stm","dyscoriste.radicans",NA,"C","N","20090617"
"2B","All","Stm","euphorbia.inaequilatera",NA,"C","N","20090617"
"2B","All","Stm","evolvulus.alsinoides",NA,"C","N","20090617"
"2B","All","Stm","fern",NA,"C","N","20090617"
"2B","All","Stm","gutenbergia.sp",NA,"C","N","20090617"
"2B","All","Stm","hermannia.uhligii",NA,"C","N","20090617"
"2B","All","Stm","hibiscus.flavifolius",NA,"C","N","20090617"
"2B","All","Stm","hibiscus.trionum",NA,"C","N","20090617"
"2B","All","Stm","indigofera.brevicalyx",NA,"C","N","20090617"
"2B","All","Stm","indigofera.schimperi",NA,"C","N","20090617"
"2B","All","Stm","ipomea.sinensis",NA,"C","N","20090617"
"2B","All","Stm","justicia.dichipteroides",NA,"C","N","20090617"
"2B","All","Stm","k",NA,"C","N","20090617"
"2B","All","Stm","kyllinga.sp",NA,"C","N","20090617"
"2B","All","Stm","leucas.glabrata",NA,"C","N","20090617"
"2B","All","Stm","leucas.martiniscensis",NA,"C","N","20090617"
"2B","All","Stm","lily.a",NA,"C","N","20090617"
"2B","All","Stm","lily.b",NA,"C","N","20090617"
"2B","All","Stm","lippia.javanica",NA,"C","N","20090617"
"2B","All","Stm","melhania.spp.",NA,"C","N","20090617"
"2B","All","Stm","misopates.orontium",NA,"C","N","20090617"
"2B","All","Stm","mollugo.nudicaulis",NA,"C","N","20090617"
"2B","All","Stm","monechima.debile",NA,"C","N","20090617"
"2B","All","Stm","monsonia.augustifolia",NA,"C","N","20090617"
"2B","All","Stm","ocimum.sp",NA,"C","N","20090617"
"2B","All","Stm","osteospermum.vaillantii",NA,"C","N","20090617"
"2B","All","Stm","oxygonum.sinuatum",NA,"C","N","20090617"
"2B","All","Stm","pavonia.patens",NA,"C","N","20090617"
"2B","All","Stm","pelargonium.alchemilloides",NA,"C","N","20090617"
"2B","All","Stm","pentanisia.ouranogyne",NA,"C","N","20090617"
"2B","All","Stm","phyllanthus.maderaspatensis",NA,"C","N","20090617"
"2B","All","Stm","plectranthus.spp",NA,"C","N","20090617"
"2B","All","Stm","pollichia.campestris",NA,"C","N","20090617"
"2B","All","Stm","polygala..l.",NA,"C","N","20090617"
"2B","All","Stm","polygala.sphenoptera",NA,"C","N","20090617"
"2B","All","Stm","portulaca.oleracea",NA,"C","N","20090617"
"2B","All","Stm","portulaca.quadrifida",NA,"C","N","20090617"
"2B","All","Stm","pseudognaphalium..helichrysum.glumaceum.",NA,"C","N","20090617"
"2B","All","Stm","psilotrichum.schimperi",NA,"C","N","20090617"
"2B","All","Stm","rhinacanthus.ndorensis",NA,"C","N","20090617"
"2B","All","Stm","rhynchosia.holstii",NA,"C","N","20090617"
"2B","All","Stm","schkuhria.pinnata",NA,"C","N","20090617"
"2B","All","Stm","sida.2",NA,"C","N","20090617"
"2B","All","Stm","sida.cuneifolia",NA,"C","N","20090617"
"2B","All","Stm","solanum.incanum",NA,"C","N","20090617"
"2B","All","Stm","solanum.indicum",NA,"C","N","20090617"
"2B","All","Stm","tribulus.terrestris",NA,"C","N","20090617"
"2B","All","Stm","u",NA,"C","N","20090617"
"2B","All","Stm","w",NA,"C","N","20090617"
"2B","All","Stm","x_4",NA,"C","N","20090617"
"2B","All","Stm","x_5",NA,"C","N","20090617"
"2B","All","Stm","x_6",NA,"C","N","20090617"
"2B","All","Stm","x_7",NA,"C","N","20090617"
"2B","All","Stm","x_8",NA,"C","N","20090617"
"3A","1st","","bracharia.lacnantha",NA,"C","N","20090617"
"3A","1st","","lintonia.nutans",NA,"C","N","20090617"
"3A","1st","","pennisetum.mezianum",NA,"C","N","20090617"
"3A","1st","","pennisetum.straminium",NA,"C","N","20090617"
"3A","1st","","themeda.triandra",NA,"C","N","20090617"
"3A","1st","","bare",2,"C","N","20090617"
"3A","1st","","x_2",NA,"C","N","20090617"
"3A","1st","","aristida.kenyensis",NA,"C","N","20090617"
"3A","1st","","bothriochloa.insculpta",NA,"C","N","20090617"
"3A","1st","","bracharia.3",NA,"C","N","20090617"
"3A","1st","","bracharia.eruciformis",NA,"C","N","20090617"
"3A","1st","","chloris.sp",NA,"C","N","20090617"
"3A","1st","","cynodon.dactylon",NA,"C","N","20090617"
"3A","1st","","cynodon.plectostachyus",NA,"C","N","20090617"
"3A","1st","","cyperus...mariscus.spp",NA,"C","N","20090617"
"3A","1st","","digitaria.2",NA,"C","N","20090617"
"3A","1st","","digitaria.milanjiana",NA,"C","N","20090617"
"3A","1st","","dinebra.retroflexa",NA,"C","N","20090617"
"3A","1st","","eragrostis.tenuifolia",NA,"C","N","20090617"
"3A","1st","","harpachne.schimperi",NA,"C","N","20090617"
"3A","1st","","microchloa.kunthii",NA,"C","N","20090617"
"3A","1st","","panicum.astrosanguinum",NA,"C","N","20090617"
"3A","1st","","setaria.acromelaena..small.",NA,"C","N","20090617"
"3A","1st","","setaria.sphaecealata..big.",NA,"C","N","20090617"
"3A","1st","","sporobolus.pyramidalis",NA,"C","N","20090617"
"3A","1st","","tragus.berteronianus",NA,"C","N","20090617"
"3A","1st","","x_3",NA,"C","N","20090617"
"3A","1st","","acalypha.crenata",NA,"C","N","20090617"
"3A","1st","","aerva.lanata",NA,"C","N","20090617"
"3A","1st","","amaranthus.hibridus",NA,"C","N","20090617"
"3A","1st","","aspilia.pluriseta",NA,"C","N","20090617"
"3A","1st","","asterolinon.adoense..v.",NA,"C","N","20090617"
"3A","1st","","caralluma.acutangula",NA,"C","N","20090617"
"3A","1st","","chenopodium.opulifolium",NA,"C","N","20090617"
"3A","1st","","chenopodium.schraderianum",NA,"C","N","20090617"
"3A","1st","","commelina.spp",NA,"C","N","20090617"
"3A","1st","","commicarpus.pedunculosus",NA,"C","N","20090617"
"3A","1st","","conyza.sp",NA,"C","N","20090617"
"3A","1st","","corchorus.sp",NA,"C","N","20090617"
"3A","1st","","crotelaria.sp",NA,"C","N","20090617"
"3A","1st","","cyathula.orthacantha",NA,"C","N","20090617"
"3A","1st","","dyscoriste.radicans",NA,"C","N","20090617"
"3A","1st","","euphorbia.inaequilatera",NA,"C","N","20090617"
"3A","1st","","evolvulus.alsinoides",NA,"C","N","20090617"
"3A","1st","","fern",NA,"C","N","20090617"
"3A","1st","","gutenbergia.sp",NA,"C","N","20090617"
"3A","1st","","hermannia.uhligii",NA,"C","N","20090617"
"3A","1st","","hibiscus.flavifolius",NA,"C","N","20090617"
"3A","1st","","hibiscus.trionum",NA,"C","N","20090617"
"3A","1st","","indigofera.brevicalyx",NA,"C","N","20090617"
"3A","1st","","indigofera.schimperi",NA,"C","N","20090617"
"3A","1st","","ipomea.sinensis",NA,"C","N","20090617"
"3A","1st","","justicia.dichipteroides",NA,"C","N","20090617"
"3A","1st","","k",NA,"C","N","20090617"
"3A","1st","","kyllinga.sp",NA,"C","N","20090617"
"3A","1st","","leucas.glabrata",NA,"C","N","20090617"
"3A","1st","","leucas.martiniscensis",NA,"C","N","20090617"
"3A","1st","","lily.a",NA,"C","N","20090617"
"3A","1st","","lily.b",NA,"C","N","20090617"
"3A","1st","","lippia.javanica",NA,"C","N","20090617"
"3A","1st","","melhania.spp.",NA,"C","N","20090617"
"3A","1st","","misopates.orontium",NA,"C","N","20090617"
"3A","1st","","mollugo.nudicaulis",NA,"C","N","20090617"
"3A","1st","","monechima.debile",NA,"C","N","20090617"
"3A","1st","","monsonia.augustifolia",NA,"C","N","20090617"
"3A","1st","","ocimum.sp",NA,"C","N","20090617"
"3A","1st","","osteospermum.vaillantii",NA,"C","N","20090617"
"3A","1st","","oxygonum.sinuatum",NA,"C","N","20090617"
"3A","1st","","pavonia.patens",NA,"C","N","20090617"
"3A","1st","","pelargonium.alchemilloides",NA,"C","N","20090617"
"3A","1st","","pentanisia.ouranogyne",NA,"C","N","20090617"
"3A","1st","","phyllanthus.maderaspatensis",NA,"C","N","20090617"
"3A","1st","","plectranthus.spp",NA,"C","N","20090617"
"3A","1st","","pollichia.campestris",NA,"C","N","20090617"
"3A","1st","","polygala..l.",NA,"C","N","20090617"
"3A","1st","","polygala.sphenoptera",NA,"C","N","20090617"
"3A","1st","","portulaca.oleracea",NA,"C","N","20090617"
"3A","1st","","portulaca.quadrifida",NA,"C","N","20090617"
"3A","1st","","pseudognaphalium..helichrysum.glumaceum.",NA,"C","N","20090617"
"3A","1st","","psilotrichum.schimperi",NA,"C","N","20090617"
"3A","1st","","rhinacanthus.ndorensis",NA,"C","N","20090617"
"3A","1st","","rhynchosia.holstii",NA,"C","N","20090617"
"3A","1st","","schkuhria.pinnata",NA,"C","N","20090617"
"3A","1st","","sida.2",NA,"C","N","20090617"
"3A","1st","","sida.cuneifolia",NA,"C","N","20090617"
"3A","1st","","solanum.incanum",NA,"C","N","20090617"
"3A","1st","","solanum.indicum",NA,"C","N","20090617"
"3A","1st","","tribulus.terrestris",NA,"C","N","20090617"
"3A","1st","","u",NA,"C","N","20090617"
"3A","1st","","w",NA,"C","N","20090617"
"3A","1st","","x_4",NA,"C","N","20090617"
"3A","1st","","x_5",NA,"C","N","20090617"
"3A","1st","","x_6",NA,"C","N","20090617"
"3A","1st","","x_7",NA,"C","N","20090617"
"3A","1st","","x_8",NA,"C","N","20090617"
"3C","1st","","bracharia.lacnantha",NA,"C","N","20090617"
"3C","1st","","lintonia.nutans",NA,"C","N","20090617"
"3C","1st","","pennisetum.mezianum",NA,"C","N","20090617"
"3C","1st","","pennisetum.straminium",NA,"C","N","20090617"
"3C","1st","","themeda.triandra",NA,"C","N","20090617"
"3C","1st","","bare",5,"C","N","20090617"
"3C","1st","","x_2",NA,"C","N","20090617"
"3C","1st","","aristida.kenyensis",NA,"C","N","20090617"
"3C","1st","","bothriochloa.insculpta",NA,"C","N","20090617"
"3C","1st","","bracharia.3",NA,"C","N","20090617"
"3C","1st","","bracharia.eruciformis",NA,"C","N","20090617"
"3C","1st","","chloris.sp",NA,"C","N","20090617"
"3C","1st","","cynodon.dactylon",NA,"C","N","20090617"
"3C","1st","","cynodon.plectostachyus",NA,"C","N","20090617"
"3C","1st","","cyperus...mariscus.spp",NA,"C","N","20090617"
"3C","1st","","digitaria.2",NA,"C","N","20090617"
"3C","1st","","digitaria.milanjiana",NA,"C","N","20090617"
"3C","1st","","dinebra.retroflexa",NA,"C","N","20090617"
"3C","1st","","eragrostis.tenuifolia",NA,"C","N","20090617"
"3C","1st","","harpachne.schimperi",NA,"C","N","20090617"
"3C","1st","","microchloa.kunthii",NA,"C","N","20090617"
"3C","1st","","panicum.astrosanguinum",NA,"C","N","20090617"
"3C","1st","","setaria.acromelaena..small.",NA,"C","N","20090617"
"3C","1st","","setaria.sphaecealata..big.",NA,"C","N","20090617"
"3C","1st","","sporobolus.pyramidalis",NA,"C","N","20090617"
"3C","1st","","tragus.berteronianus",NA,"C","N","20090617"
"3C","1st","","x_3",NA,"C","N","20090617"
"3C","1st","","acalypha.crenata",NA,"C","N","20090617"
"3C","1st","","aerva.lanata",NA,"C","N","20090617"
"3C","1st","","amaranthus.hibridus",NA,"C","N","20090617"
"3C","1st","","aspilia.pluriseta",NA,"C","N","20090617"
"3C","1st","","asterolinon.adoense..v.",NA,"C","N","20090617"
"3C","1st","","caralluma.acutangula",NA,"C","N","20090617"
"3C","1st","","chenopodium.opulifolium",NA,"C","N","20090617"
"3C","1st","","chenopodium.schraderianum",NA,"C","N","20090617"
"3C","1st","","commelina.spp",NA,"C","N","20090617"
"3C","1st","","commicarpus.pedunculosus",NA,"C","N","20090617"
"3C","1st","","conyza.sp",NA,"C","N","20090617"
"3C","1st","","corchorus.sp",NA,"C","N","20090617"
"3C","1st","","crotelaria.sp",NA,"C","N","20090617"
"3C","1st","","cyathula.orthacantha",NA,"C","N","20090617"
"3C","1st","","dyscoriste.radicans",NA,"C","N","20090617"
"3C","1st","","euphorbia.inaequilatera",NA,"C","N","20090617"
"3C","1st","","evolvulus.alsinoides",NA,"C","N","20090617"
"3C","1st","","fern",NA,"C","N","20090617"
"3C","1st","","gutenbergia.sp",NA,"C","N","20090617"
"3C","1st","","hermannia.uhligii",NA,"C","N","20090617"
"3C","1st","","hibiscus.flavifolius",NA,"C","N","20090617"
"3C","1st","","hibiscus.trionum",NA,"C","N","20090617"
"3C","1st","","indigofera.brevicalyx",NA,"C","N","20090617"
"3C","1st","","indigofera.schimperi",NA,"C","N","20090617"
"3C","1st","","ipomea.sinensis",NA,"C","N","20090617"
"3C","1st","","justicia.dichipteroides",NA,"C","N","20090617"
"3C","1st","","k",NA,"C","N","20090617"
"3C","1st","","kyllinga.sp",NA,"C","N","20090617"
"3C","1st","","leucas.glabrata",NA,"C","N","20090617"
"3C","1st","","leucas.martiniscensis",NA,"C","N","20090617"
"3C","1st","","lily.a",NA,"C","N","20090617"
"3C","1st","","lily.b",NA,"C","N","20090617"
"3C","1st","","lippia.javanica",NA,"C","N","20090617"
"3C","1st","","melhania.spp.",NA,"C","N","20090617"
"3C","1st","","misopates.orontium",NA,"C","N","20090617"
"3C","1st","","mollugo.nudicaulis",NA,"C","N","20090617"
"3C","1st","","monechima.debile",NA,"C","N","20090617"
"3C","1st","","monsonia.augustifolia",NA,"C","N","20090617"
"3C","1st","","ocimum.sp",NA,"C","N","20090617"
"3C","1st","","osteospermum.vaillantii",NA,"C","N","20090617"
"3C","1st","","oxygonum.sinuatum",NA,"C","N","20090617"
"3C","1st","","pavonia.patens",NA,"C","N","20090617"
"3C","1st","","pelargonium.alchemilloides",NA,"C","N","20090617"
"3C","1st","","pentanisia.ouranogyne",NA,"C","N","20090617"
"3C","1st","","phyllanthus.maderaspatensis",NA,"C","N","20090617"
"3C","1st","","plectranthus.spp",NA,"C","N","20090617"
"3C","1st","","pollichia.campestris",NA,"C","N","20090617"
"3C","1st","","polygala..l.",NA,"C","N","20090617"
"3C","1st","","polygala.sphenoptera",NA,"C","N","20090617"
"3C","1st","","portulaca.oleracea",NA,"C","N","20090617"
"3C","1st","","portulaca.quadrifida",NA,"C","N","20090617"
"3C","1st","","pseudognaphalium..helichrysum.glumaceum.",NA,"C","N","20090617"
"3C","1st","","psilotrichum.schimperi",NA,"C","N","20090617"
"3C","1st","","rhinacanthus.ndorensis",NA,"C","N","20090617"
"3C","1st","","rhynchosia.holstii",NA,"C","N","20090617"
"3C","1st","","schkuhria.pinnata",NA,"C","N","20090617"
"3C","1st","","sida.2",NA,"C","N","20090617"
"3C","1st","","sida.cuneifolia",NA,"C","N","20090617"
"3C","1st","","solanum.incanum",NA,"C","N","20090617"
"3C","1st","","solanum.indicum",NA,"C","N","20090617"
"3C","1st","","tribulus.terrestris",NA,"C","N","20090617"
"3C","1st","","u",NA,"C","N","20090617"
"3C","1st","","w",NA,"C","N","20090617"
"3C","1st","","x_4",NA,"C","N","20090617"
"3C","1st","","x_5",NA,"C","N","20090617"
"3C","1st","","x_6",NA,"C","N","20090617"
"3C","1st","","x_7",NA,"C","N","20090617"
"3C","1st","","x_8",NA,"C","N","20090617"
"3E","1st","","bracharia.lacnantha",NA,"C","N","20090617"
"3E","1st","","lintonia.nutans",NA,"C","N","20090617"
"3E","1st","","pennisetum.mezianum",NA,"C","N","20090617"
"3E","1st","","pennisetum.straminium",NA,"C","N","20090617"
"3E","1st","","themeda.triandra",NA,"C","N","20090617"
"3E","1st","","bare",3,"C","N","20090617"
"3E","1st","","x_2",NA,"C","N","20090617"
"3E","1st","","aristida.kenyensis",NA,"C","N","20090617"
"3E","1st","","bothriochloa.insculpta",NA,"C","N","20090617"
"3E","1st","","bracharia.3",NA,"C","N","20090617"
"3E","1st","","bracharia.eruciformis",NA,"C","N","20090617"
"3E","1st","","chloris.sp",NA,"C","N","20090617"
"3E","1st","","cynodon.dactylon",NA,"C","N","20090617"
"3E","1st","","cynodon.plectostachyus",NA,"C","N","20090617"
"3E","1st","","cyperus...mariscus.spp",NA,"C","N","20090617"
"3E","1st","","digitaria.2",NA,"C","N","20090617"
"3E","1st","","digitaria.milanjiana",NA,"C","N","20090617"
"3E","1st","","dinebra.retroflexa",NA,"C","N","20090617"
"3E","1st","","eragrostis.tenuifolia",NA,"C","N","20090617"
"3E","1st","","harpachne.schimperi",NA,"C","N","20090617"
"3E","1st","","microchloa.kunthii",NA,"C","N","20090617"
"3E","1st","","panicum.astrosanguinum",NA,"C","N","20090617"
"3E","1st","","setaria.acromelaena..small.",NA,"C","N","20090617"
"3E","1st","","setaria.sphaecealata..big.",NA,"C","N","20090617"
"3E","1st","","sporobolus.pyramidalis",NA,"C","N","20090617"
"3E","1st","","tragus.berteronianus",NA,"C","N","20090617"
"3E","1st","","x_3",NA,"C","N","20090617"
"3E","1st","","acalypha.crenata",NA,"C","N","20090617"
"3E","1st","","aerva.lanata",NA,"C","N","20090617"
"3E","1st","","amaranthus.hibridus",NA,"C","N","20090617"
"3E","1st","","aspilia.pluriseta",NA,"C","N","20090617"
"3E","1st","","asterolinon.adoense..v.",NA,"C","N","20090617"
"3E","1st","","caralluma.acutangula",NA,"C","N","20090617"
"3E","1st","","chenopodium.opulifolium",NA,"C","N","20090617"
"3E","1st","","chenopodium.schraderianum",NA,"C","N","20090617"
"3E","1st","","commelina.spp",NA,"C","N","20090617"
"3E","1st","","commicarpus.pedunculosus",NA,"C","N","20090617"
"3E","1st","","conyza.sp",NA,"C","N","20090617"
"3E","1st","","corchorus.sp",NA,"C","N","20090617"
"3E","1st","","crotelaria.sp",NA,"C","N","20090617"
"3E","1st","","cyathula.orthacantha",NA,"C","N","20090617"
"3E","1st","","dyscoriste.radicans",NA,"C","N","20090617"
"3E","1st","","euphorbia.inaequilatera",NA,"C","N","20090617"
"3E","1st","","evolvulus.alsinoides",NA,"C","N","20090617"
"3E","1st","","fern",NA,"C","N","20090617"
"3E","1st","","gutenbergia.sp",NA,"C","N","20090617"
"3E","1st","","hermannia.uhligii",NA,"C","N","20090617"
"3E","1st","","hibiscus.flavifolius",NA,"C","N","20090617"
"3E","1st","","hibiscus.trionum",NA,"C","N","20090617"
"3E","1st","","indigofera.brevicalyx",NA,"C","N","20090617"
"3E","1st","","indigofera.schimperi",NA,"C","N","20090617"
"3E","1st","","ipomea.sinensis",NA,"C","N","20090617"
"3E","1st","","justicia.dichipteroides",NA,"C","N","20090617"
"3E","1st","","k",NA,"C","N","20090617"
"3E","1st","","kyllinga.sp",NA,"C","N","20090617"
"3E","1st","","leucas.glabrata",NA,"C","N","20090617"
"3E","1st","","leucas.martiniscensis",NA,"C","N","20090617"
"3E","1st","","lily.a",NA,"C","N","20090617"
"3E","1st","","lily.b",NA,"C","N","20090617"
"3E","1st","","lippia.javanica",NA,"C","N","20090617"
"3E","1st","","melhania.spp.",NA,"C","N","20090617"
"3E","1st","","misopates.orontium",NA,"C","N","20090617"
"3E","1st","","mollugo.nudicaulis",NA,"C","N","20090617"
"3E","1st","","monechima.debile",NA,"C","N","20090617"
"3E","1st","","monsonia.augustifolia",NA,"C","N","20090617"
"3E","1st","","ocimum.sp",NA,"C","N","20090617"
"3E","1st","","osteospermum.vaillantii",NA,"C","N","20090617"
"3E","1st","","oxygonum.sinuatum",NA,"C","N","20090617"
"3E","1st","","pavonia.patens",NA,"C","N","20090617"
"3E","1st","","pelargonium.alchemilloides",NA,"C","N","20090617"
"3E","1st","","pentanisia.ouranogyne",NA,"C","N","20090617"
"3E","1st","","phyllanthus.maderaspatensis",NA,"C","N","20090617"
"3E","1st","","plectranthus.spp",NA,"C","N","20090617"
"3E","1st","","pollichia.campestris",NA,"C","N","20090617"
"3E","1st","","polygala..l.",NA,"C","N","20090617"
"3E","1st","","polygala.sphenoptera",NA,"C","N","20090617"
"3E","1st","","portulaca.oleracea",NA,"C","N","20090617"
"3E","1st","","portulaca.quadrifida",NA,"C","N","20090617"
"3E","1st","","pseudognaphalium..helichrysum.glumaceum.",NA,"C","N","20090617"
"3E","1st","","psilotrichum.schimperi",NA,"C","N","20090617"
"3E","1st","","rhinacanthus.ndorensis",NA,"C","N","20090617"
"3E","1st","","rhynchosia.holstii",NA,"C","N","20090617"
"3E","1st","","schkuhria.pinnata",NA,"C","N","20090617"
"3E","1st","","sida.2",NA,"C","N","20090617"
"3E","1st","","sida.cuneifolia",NA,"C","N","20090617"
"3E","1st","","solanum.incanum",NA,"C","N","20090617"
"3E","1st","","solanum.indicum",NA,"C","N","20090617"
"3E","1st","","tribulus.terrestris",NA,"C","N","20090617"
"3E","1st","","u",NA,"C","N","20090617"
"3E","1st","","w",NA,"C","N","20090617"
"3E","1st","","x_4",NA,"C","N","20090617"
"3E","1st","","x_5",NA,"C","N","20090617"
"3E","1st","","x_6",NA,"C","N","20090617"
"3E","1st","","x_7",NA,"C","N","20090617"
"3E","1st","","x_8",NA,"C","N","20090617"
"3G","1st","","bracharia.lacnantha",NA,"C","N","20090617"
"3G","1st","","lintonia.nutans",NA,"C","N","20090617"
"3G","1st","","pennisetum.mezianum",NA,"C","N","20090617"
"3G","1st","","pennisetum.straminium",NA,"C","N","20090617"
"3G","1st","","themeda.triandra",NA,"C","N","20090617"
"3G","1st","","bare",3,"C","N","20090617"
"3G","1st","","x_2",NA,"C","N","20090617"
"3G","1st","","aristida.kenyensis",NA,"C","N","20090617"
"3G","1st","","bothriochloa.insculpta",NA,"C","N","20090617"
"3G","1st","","bracharia.3",NA,"C","N","20090617"
"3G","1st","","bracharia.eruciformis",NA,"C","N","20090617"
"3G","1st","","chloris.sp",NA,"C","N","20090617"
"3G","1st","","cynodon.dactylon",NA,"C","N","20090617"
"3G","1st","","cynodon.plectostachyus",NA,"C","N","20090617"
"3G","1st","","cyperus...mariscus.spp",NA,"C","N","20090617"
"3G","1st","","digitaria.2",NA,"C","N","20090617"
"3G","1st","","digitaria.milanjiana",NA,"C","N","20090617"
"3G","1st","","dinebra.retroflexa",NA,"C","N","20090617"
"3G","1st","","eragrostis.tenuifolia",NA,"C","N","20090617"
"3G","1st","","harpachne.schimperi",NA,"C","N","20090617"
"3G","1st","","microchloa.kunthii",NA,"C","N","20090617"
"3G","1st","","panicum.astrosanguinum",NA,"C","N","20090617"
"3G","1st","","setaria.acromelaena..small.",NA,"C","N","20090617"
"3G","1st","","setaria.sphaecealata..big.",NA,"C","N","20090617"
"3G","1st","","sporobolus.pyramidalis",NA,"C","N","20090617"
"3G","1st","","tragus.berteronianus",NA,"C","N","20090617"
"3G","1st","","x_3",NA,"C","N","20090617"
"3G","1st","","acalypha.crenata",NA,"C","N","20090617"
"3G","1st","","aerva.lanata",NA,"C","N","20090617"
"3G","1st","","amaranthus.hibridus",NA,"C","N","20090617"
"3G","1st","","aspilia.pluriseta",NA,"C","N","20090617"
"3G","1st","","asterolinon.adoense..v.",NA,"C","N","20090617"
"3G","1st","","caralluma.acutangula",NA,"C","N","20090617"
"3G","1st","","chenopodium.opulifolium",NA,"C","N","20090617"
"3G","1st","","chenopodium.schraderianum",NA,"C","N","20090617"
"3G","1st","","commelina.spp",NA,"C","N","20090617"
"3G","1st","","commicarpus.pedunculosus",NA,"C","N","20090617"
"3G","1st","","conyza.sp",NA,"C","N","20090617"
"3G","1st","","corchorus.sp",NA,"C","N","20090617"
"3G","1st","","crotelaria.sp",NA,"C","N","20090617"
"3G","1st","","cyathula.orthacantha",NA,"C","N","20090617"
"3G","1st","","dyscoriste.radicans",NA,"C","N","20090617"
"3G","1st","","euphorbia.inaequilatera",NA,"C","N","20090617"
"3G","1st","","evolvulus.alsinoides",NA,"C","N","20090617"
"3G","1st","","fern",NA,"C","N","20090617"
"3G","1st","","gutenbergia.sp",NA,"C","N","20090617"
"3G","1st","","hermannia.uhligii",NA,"C","N","20090617"
"3G","1st","","hibiscus.flavifolius",NA,"C","N","20090617"
"3G","1st","","hibiscus.trionum",NA,"C","N","20090617"
"3G","1st","","indigofera.brevicalyx",NA,"C","N","20090617"
"3G","1st","","indigofera.schimperi",NA,"C","N","20090617"
"3G","1st","","ipomea.sinensis",NA,"C","N","20090617"
"3G","1st","","justicia.dichipteroides",NA,"C","N","20090617"
"3G","1st","","k",NA,"C","N","20090617"
"3G","1st","","kyllinga.sp",NA,"C","N","20090617"
"3G","1st","","leucas.glabrata",NA,"C","N","20090617"
"3G","1st","","leucas.martiniscensis",NA,"C","N","20090617"
"3G","1st","","lily.a",NA,"C","N","20090617"
"3G","1st","","lily.b",NA,"C","N","20090617"
"3G","1st","","lippia.javanica",NA,"C","N","20090617"
"3G","1st","","melhania.spp.",NA,"C","N","20090617"
"3G","1st","","misopates.orontium",NA,"C","N","20090617"
"3G","1st","","mollugo.nudicaulis",NA,"C","N","20090617"
"3G","1st","","monechima.debile",NA,"C","N","20090617"
"3G","1st","","monsonia.augustifolia",NA,"C","N","20090617"
"3G","1st","","ocimum.sp",NA,"C","N","20090617"
"3G","1st","","osteospermum.vaillantii",NA,"C","N","20090617"
"3G","1st","","oxygonum.sinuatum",NA,"C","N","20090617"
"3G","1st","","pavonia.patens",NA,"C","N","20090617"
"3G","1st","","pelargonium.alchemilloides",NA,"C","N","20090617"
"3G","1st","","pentanisia.ouranogyne",NA,"C","N","20090617"
"3G","1st","","phyllanthus.maderaspatensis",NA,"C","N","20090617"
"3G","1st","","plectranthus.spp",NA,"C","N","20090617"
"3G","1st","","pollichia.campestris",NA,"C","N","20090617"
"3G","1st","","polygala..l.",NA,"C","N","20090617"
"3G","1st","","polygala.sphenoptera",NA,"C","N","20090617"
"3G","1st","","portulaca.oleracea",NA,"C","N","20090617"
"3G","1st","","portulaca.quadrifida",NA,"C","N","20090617"
"3G","1st","","pseudognaphalium..helichrysum.glumaceum.",2,"C","N","20090617"
"3G","1st","","psilotrichum.schimperi",NA,"C","N","20090617"
"3G","1st","","rhinacanthus.ndorensis",NA,"C","N","20090617"
"3G","1st","","rhynchosia.holstii",NA,"C","N","20090617"
"3G","1st","","schkuhria.pinnata",NA,"C","N","20090617"
"3G","1st","","sida.2",NA,"C","N","20090617"
"3G","1st","","sida.cuneifolia",NA,"C","N","20090617"
"3G","1st","","solanum.incanum",NA,"C","N","20090617"
"3G","1st","","solanum.indicum",NA,"C","N","20090617"
"3G","1st","","tribulus.terrestris",NA,"C","N","20090617"
"3G","1st","","u",NA,"C","N","20090617"
"3G","1st","","w",NA,"C","N","20090617"
"3G","1st","","x_4",NA,"C","N","20090617"
"3G","1st","","x_5",NA,"C","N","20090617"
"3G","1st","","x_6",NA,"C","N","20090617"
"3G","1st","","x_7",NA,"C","N","20090617"
"3G","1st","","x_8",NA,"C","N","20090617"
"3I","1st","","bracharia.lacnantha",NA,"C","N","20090617"
"3I","1st","","lintonia.nutans",NA,"C","N","20090617"
"3I","1st","","pennisetum.mezianum",NA,"C","N","20090617"
"3I","1st","","pennisetum.straminium",NA,"C","N","20090617"
"3I","1st","","themeda.triandra",NA,"C","N","20090617"
"3I","1st","","bare",3,"C","N","20090617"
"3I","1st","","x_2",NA,"C","N","20090617"
"3I","1st","","aristida.kenyensis",NA,"C","N","20090617"
"3I","1st","","bothriochloa.insculpta",NA,"C","N","20090617"
"3I","1st","","bracharia.3",NA,"C","N","20090617"
"3I","1st","","bracharia.eruciformis",NA,"C","N","20090617"
"3I","1st","","chloris.sp",NA,"C","N","20090617"
"3I","1st","","cynodon.dactylon",NA,"C","N","20090617"
"3I","1st","","cynodon.plectostachyus",NA,"C","N","20090617"
"3I","1st","","cyperus...mariscus.spp",NA,"C","N","20090617"
"3I","1st","","digitaria.2",NA,"C","N","20090617"
"3I","1st","","digitaria.milanjiana",NA,"C","N","20090617"
"3I","1st","","dinebra.retroflexa",NA,"C","N","20090617"
"3I","1st","","eragrostis.tenuifolia",NA,"C","N","20090617"
"3I","1st","","harpachne.schimperi",NA,"C","N","20090617"
"3I","1st","","microchloa.kunthii",NA,"C","N","20090617"
"3I","1st","","panicum.astrosanguinum",NA,"C","N","20090617"
"3I","1st","","setaria.acromelaena..small.",NA,"C","N","20090617"
"3I","1st","","setaria.sphaecealata..big.",NA,"C","N","20090617"
"3I","1st","","sporobolus.pyramidalis",NA,"C","N","20090617"
"3I","1st","","tragus.berteronianus",NA,"C","N","20090617"
"3I","1st","","x_3",NA,"C","N","20090617"
"3I","1st","","acalypha.crenata",NA,"C","N","20090617"
"3I","1st","","aerva.lanata",NA,"C","N","20090617"
"3I","1st","","amaranthus.hibridus",NA,"C","N","20090617"
"3I","1st","","aspilia.pluriseta",NA,"C","N","20090617"
"3I","1st","","asterolinon.adoense..v.",NA,"C","N","20090617"
"3I","1st","","caralluma.acutangula",NA,"C","N","20090617"
"3I","1st","","chenopodium.opulifolium",NA,"C","N","20090617"
"3I","1st","","chenopodium.schraderianum",NA,"C","N","20090617"
"3I","1st","","commelina.spp",NA,"C","N","20090617"
"3I","1st","","commicarpus.pedunculosus",NA,"C","N","20090617"
"3I","1st","","conyza.sp",NA,"C","N","20090617"
"3I","1st","","corchorus.sp",NA,"C","N","20090617"
"3I","1st","","crotelaria.sp",NA,"C","N","20090617"
"3I","1st","","cyathula.orthacantha",NA,"C","N","20090617"
"3I","1st","","dyscoriste.radicans",NA,"C","N","20090617"
"3I","1st","","euphorbia.inaequilatera",NA,"C","N","20090617"
"3I","1st","","evolvulus.alsinoides",NA,"C","N","20090617"
"3I","1st","","fern",NA,"C","N","20090617"
"3I","1st","","gutenbergia.sp",NA,"C","N","20090617"
"3I","1st","","hermannia.uhligii",NA,"C","N","20090617"
"3I","1st","","hibiscus.flavifolius",NA,"C","N","20090617"
"3I","1st","","hibiscus.trionum",NA,"C","N","20090617"
"3I","1st","","indigofera.brevicalyx",NA,"C","N","20090617"
"3I","1st","","indigofera.schimperi",NA,"C","N","20090617"
"3I","1st","","ipomea.sinensis",NA,"C","N","20090617"
"3I","1st","","justicia.dichipteroides",NA,"C","N","20090617"
"3I","1st","","k",NA,"C","N","20090617"
"3I","1st","","kyllinga.sp",NA,"C","N","20090617"
"3I","1st","","leucas.glabrata",NA,"C","N","20090617"
"3I","1st","","leucas.martiniscensis",NA,"C","N","20090617"
"3I","1st","","lily.a",NA,"C","N","20090617"
"3I","1st","","lily.b",NA,"C","N","20090617"
"3I","1st","","lippia.javanica",NA,"C","N","20090617"
"3I","1st","","melhania.spp.",NA,"C","N","20090617"
"3I","1st","","misopates.orontium",NA,"C","N","20090617"
"3I","1st","","mollugo.nudicaulis",NA,"C","N","20090617"
"3I","1st","","monechima.debile",NA,"C","N","20090617"
"3I","1st","","monsonia.augustifolia",NA,"C","N","20090617"
"3I","1st","","ocimum.sp",NA,"C","N","20090617"
"3I","1st","","osteospermum.vaillantii",NA,"C","N","20090617"
"3I","1st","","oxygonum.sinuatum",NA,"C","N","20090617"
"3I","1st","","pavonia.patens",NA,"C","N","20090617"
"3I","1st","","pelargonium.alchemilloides",NA,"C","N","20090617"
"3I","1st","","pentanisia.ouranogyne",NA,"C","N","20090617"
"3I","1st","","phyllanthus.maderaspatensis",NA,"C","N","20090617"
"3I","1st","","plectranthus.spp",NA,"C","N","20090617"
"3I","1st","","pollichia.campestris",NA,"C","N","20090617"
"3I","1st","","polygala..l.",NA,"C","N","20090617"
"3I","1st","","polygala.sphenoptera",NA,"C","N","20090617"
"3I","1st","","portulaca.oleracea",NA,"C","N","20090617"
"3I","1st","","portulaca.quadrifida",NA,"C","N","20090617"
"3I","1st","","pseudognaphalium..helichrysum.glumaceum.",NA,"C","N","20090617"
"3I","1st","","psilotrichum.schimperi",NA,"C","N","20090617"
"3I","1st","","rhinacanthus.ndorensis",NA,"C","N","20090617"
"3I","1st","","rhynchosia.holstii",NA,"C","N","20090617"
"3I","1st","","schkuhria.pinnata",NA,"C","N","20090617"
"3I","1st","","sida.2",NA,"C","N","20090617"
"3I","1st","","sida.cuneifolia",NA,"C","N","20090617"
"3I","1st","","solanum.incanum",NA,"C","N","20090617"
"3I","1st","","solanum.indicum",NA,"C","N","20090617"
"3I","1st","","tribulus.terrestris",NA,"C","N","20090617"
"3I","1st","","u",NA,"C","N","20090617"
"3I","1st","","w",NA,"C","N","20090617"
"3I","1st","","x_4",NA,"C","N","20090617"
"3I","1st","","x_5",NA,"C","N","20090617"
"3I","1st","","x_6",NA,"C","N","20090617"
"3I","1st","","x_7",NA,"C","N","20090617"
"3I","1st","","x_8",NA,"C","N","20090617"
"4J","1st","","bracharia.lacnantha",NA,"C","N","20090617"
"4J","1st","","lintonia.nutans",NA,"C","N","20090617"
"4J","1st","","pennisetum.mezianum",NA,"C","N","20090617"
"4J","1st","","pennisetum.straminium",5,"C","N","20090617"
"4J","1st","","themeda.triandra",9,"C","N","20090617"
"4J","1st","","bare",NA,"C","N","20090617"
"4J","1st","","x_2",NA,"C","N","20090617"
"4J","1st","","aristida.kenyensis",NA,"C","N","20090617"
"4J","1st","","bothriochloa.insculpta",NA,"C","N","20090617"
"4J","1st","","bracharia.3",NA,"C","N","20090617"
"4J","1st","","bracharia.eruciformis",NA,"C","N","20090617"
"4J","1st","","chloris.sp",NA,"C","N","20090617"
"4J","1st","","cynodon.dactylon",NA,"C","N","20090617"
"4J","1st","","cynodon.plectostachyus",NA,"C","N","20090617"
"4J","1st","","cyperus...mariscus.spp",NA,"C","N","20090617"
"4J","1st","","digitaria.2",NA,"C","N","20090617"
"4J","1st","","digitaria.milanjiana",NA,"C","N","20090617"
"4J","1st","","dinebra.retroflexa",NA,"C","N","20090617"
"4J","1st","","eragrostis.tenuifolia",NA,"C","N","20090617"
"4J","1st","","harpachne.schimperi",NA,"C","N","20090617"
"4J","1st","","microchloa.kunthii",NA,"C","N","20090617"
"4J","1st","","panicum.astrosanguinum",NA,"C","N","20090617"
"4J","1st","","setaria.acromelaena..small.",NA,"C","N","20090617"
"4J","1st","","setaria.sphaecealata..big.",NA,"C","N","20090617"
"4J","1st","","sporobolus.pyramidalis",NA,"C","N","20090617"
"4J","1st","","tragus.berteronianus",NA,"C","N","20090617"
"4J","1st","","x_3",NA,"C","N","20090617"
"4J","1st","","acalypha.crenata",NA,"C","N","20090617"
"4J","1st","","aerva.lanata",NA,"C","N","20090617"
"4J","1st","","amaranthus.hibridus",NA,"C","N","20090617"
"4J","1st","","aspilia.pluriseta",NA,"C","N","20090617"
"4J","1st","","asterolinon.adoense..v.",NA,"C","N","20090617"
"4J","1st","","caralluma.acutangula",NA,"C","N","20090617"
"4J","1st","","chenopodium.opulifolium",NA,"C","N","20090617"
"4J","1st","","chenopodium.schraderianum",NA,"C","N","20090617"
"4J","1st","","commelina.spp",NA,"C","N","20090617"
"4J","1st","","commicarpus.pedunculosus",NA,"C","N","20090617"
"4J","1st","","conyza.sp",NA,"C","N","20090617"
"4J","1st","","corchorus.sp",NA,"C","N","20090617"
"4J","1st","","crotelaria.sp",NA,"C","N","20090617"
"4J","1st","","cyathula.orthacantha",NA,"C","N","20090617"
"4J","1st","","dyscoriste.radicans",NA,"C","N","20090617"
"4J","1st","","euphorbia.inaequilatera",NA,"C","N","20090617"
"4J","1st","","evolvulus.alsinoides",NA,"C","N","20090617"
"4J","1st","","fern",NA,"C","N","20090617"
"4J","1st","","gutenbergia.sp",NA,"C","N","20090617"
"4J","1st","","hermannia.uhligii",NA,"C","N","20090617"
"4J","1st","","hibiscus.flavifolius",NA,"C","N","20090617"
"4J","1st","","hibiscus.trionum",NA,"C","N","20090617"
"4J","1st","","indigofera.brevicalyx",NA,"C","N","20090617"
"4J","1st","","indigofera.schimperi",NA,"C","N","20090617"
"4J","1st","","ipomea.sinensis",NA,"C","N","20090617"
"4J","1st","","justicia.dichipteroides",NA,"C","N","20090617"
"4J","1st","","k",NA,"C","N","20090617"
"4J","1st","","kyllinga.sp",NA,"C","N","20090617"
"4J","1st","","leucas.glabrata",NA,"C","N","20090617"
"4J","1st","","leucas.martiniscensis",NA,"C","N","20090617"
"4J","1st","","lily.a",NA,"C","N","20090617"
"4J","1st","","lily.b",NA,"C","N","20090617"
"4J","1st","","lippia.javanica",NA,"C","N","20090617"
"4J","1st","","melhania.spp.",NA,"C","N","20090617"
"4J","1st","","misopates.orontium",NA,"C","N","20090617"
"4J","1st","","mollugo.nudicaulis",NA,"C","N","20090617"
"4J","1st","","monechima.debile",NA,"C","N","20090617"
"4J","1st","","monsonia.augustifolia",NA,"C","N","20090617"
"4J","1st","","ocimum.sp",NA,"C","N","20090617"
"4J","1st","","osteospermum.vaillantii",NA,"C","N","20090617"
"4J","1st","","oxygonum.sinuatum",NA,"C","N","20090617"
"4J","1st","","pavonia.patens",NA,"C","N","20090617"
"4J","1st","","pelargonium.alchemilloides",NA,"C","N","20090617"
"4J","1st","","pentanisia.ouranogyne",NA,"C","N","20090617"
"4J","1st","","phyllanthus.maderaspatensis",NA,"C","N","20090617"
"4J","1st","","plectranthus.spp",NA,"C","N","20090617"
"4J","1st","","pollichia.campestris",NA,"C","N","20090617"
"4J","1st","","polygala..l.",NA,"C","N","20090617"
"4J","1st","","polygala.sphenoptera",NA,"C","N","20090617"
"4J","1st","","portulaca.oleracea",NA,"C","N","20090617"
"4J","1st","","portulaca.quadrifida",NA,"C","N","20090617"
"4J","1st","","pseudognaphalium..helichrysum.glumaceum.",NA,"C","N","20090617"
"4J","1st","","psilotrichum.schimperi",NA,"C","N","20090617"
"4J","1st","","rhinacanthus.ndorensis",NA,"C","N","20090617"
"4J","1st","","rhynchosia.holstii",NA,"C","N","20090617"
"4J","1st","","schkuhria.pinnata",NA,"C","N","20090617"
"4J","1st","","sida.2",NA,"C","N","20090617"
"4J","1st","","sida.cuneifolia",NA,"C","N","20090617"
"4J","1st","","solanum.incanum",NA,"C","N","20090617"
"4J","1st","","solanum.indicum",NA,"C","N","20090617"
"4J","1st","","tribulus.terrestris",NA,"C","N","20090617"
"4J","1st","","u",NA,"C","N","20090617"
"4J","1st","","w",NA,"C","N","20090617"
"4J","1st","","x_4",NA,"C","N","20090617"
"4J","1st","","x_5",NA,"C","N","20090617"
"4J","1st","","x_6",NA,"C","N","20090617"
"4J","1st","","x_7",NA,"C","N","20090617"
"4J","1st","","x_8",NA,"C","N","20090617"
"4H","1st","","bracharia.lacnantha",5,"C","N","20090617"
"4H","1st","","lintonia.nutans",NA,"C","N","20090617"
"4H","1st","","pennisetum.mezianum",NA,"C","N","20090617"
"4H","1st","","pennisetum.straminium",NA,"C","N","20090617"
"4H","1st","","themeda.triandra",NA,"C","N","20090617"
"4H","1st","","bare",5,"C","N","20090617"
"4H","1st","","x_2",NA,"C","N","20090617"
"4H","1st","","aristida.kenyensis",NA,"C","N","20090617"
"4H","1st","","bothriochloa.insculpta",NA,"C","N","20090617"
"4H","1st","","bracharia.3",NA,"C","N","20090617"
"4H","1st","","bracharia.eruciformis",NA,"C","N","20090617"
"4H","1st","","chloris.sp",NA,"C","N","20090617"
"4H","1st","","cynodon.dactylon",NA,"C","N","20090617"
"4H","1st","","cynodon.plectostachyus",NA,"C","N","20090617"
"4H","1st","","cyperus...mariscus.spp",NA,"C","N","20090617"
"4H","1st","","digitaria.2",NA,"C","N","20090617"
"4H","1st","","digitaria.milanjiana",NA,"C","N","20090617"
"4H","1st","","dinebra.retroflexa",NA,"C","N","20090617"
"4H","1st","","eragrostis.tenuifolia",NA,"C","N","20090617"
"4H","1st","","harpachne.schimperi",NA,"C","N","20090617"
"4H","1st","","microchloa.kunthii",NA,"C","N","20090617"
"4H","1st","","panicum.astrosanguinum",NA,"C","N","20090617"
"4H","1st","","setaria.acromelaena..small.",NA,"C","N","20090617"
"4H","1st","","setaria.sphaecealata..big.",NA,"C","N","20090617"
"4H","1st","","sporobolus.pyramidalis",NA,"C","N","20090617"
"4H","1st","","tragus.berteronianus",NA,"C","N","20090617"
"4H","1st","","x_3",NA,"C","N","20090617"
"4H","1st","","acalypha.crenata",NA,"C","N","20090617"
"4H","1st","","aerva.lanata",NA,"C","N","20090617"
"4H","1st","","amaranthus.hibridus",NA,"C","N","20090617"
"4H","1st","","aspilia.pluriseta",NA,"C","N","20090617"
"4H","1st","","asterolinon.adoense..v.",NA,"C","N","20090617"
"4H","1st","","caralluma.acutangula",NA,"C","N","20090617"
"4H","1st","","chenopodium.opulifolium",NA,"C","N","20090617"
"4H","1st","","chenopodium.schraderianum",NA,"C","N","20090617"
"4H","1st","","commelina.spp",NA,"C","N","20090617"
"4H","1st","","commicarpus.pedunculosus",NA,"C","N","20090617"
"4H","1st","","conyza.sp",NA,"C","N","20090617"
"4H","1st","","corchorus.sp",NA,"C","N","20090617"
"4H","1st","","crotelaria.sp",NA,"C","N","20090617"
"4H","1st","","cyathula.orthacantha",NA,"C","N","20090617"
"4H","1st","","dyscoriste.radicans",NA,"C","N","20090617"
"4H","1st","","euphorbia.inaequilatera",NA,"C","N","20090617"
"4H","1st","","evolvulus.alsinoides",NA,"C","N","20090617"
"4H","1st","","fern",NA,"C","N","20090617"
"4H","1st","","gutenbergia.sp",NA,"C","N","20090617"
"4H","1st","","hermannia.uhligii",NA,"C","N","20090617"
"4H","1st","","hibiscus.flavifolius",NA,"C","N","20090617"
"4H","1st","","hibiscus.trionum",NA,"C","N","20090617"
"4H","1st","","indigofera.brevicalyx",NA,"C","N","20090617"
"4H","1st","","indigofera.schimperi",NA,"C","N","20090617"
"4H","1st","","ipomea.sinensis",NA,"C","N","20090617"
"4H","1st","","justicia.dichipteroides",NA,"C","N","20090617"
"4H","1st","","k",NA,"C","N","20090617"
"4H","1st","","kyllinga.sp",NA,"C","N","20090617"
"4H","1st","","leucas.glabrata",NA,"C","N","20090617"
"4H","1st","","leucas.martiniscensis",NA,"C","N","20090617"
"4H","1st","","lily.a",NA,"C","N","20090617"
"4H","1st","","lily.b",NA,"C","N","20090617"
"4H","1st","","lippia.javanica",NA,"C","N","20090617"
"4H","1st","","melhania.spp.",NA,"C","N","20090617"
"4H","1st","","misopates.orontium",NA,"C","N","20090617"
"4H","1st","","mollugo.nudicaulis",NA,"C","N","20090617"
"4H","1st","","monechima.debile",NA,"C","N","20090617"
"4H","1st","","monsonia.augustifolia",NA,"C","N","20090617"
"4H","1st","","ocimum.sp",NA,"C","N","20090617"
"4H","1st","","osteospermum.vaillantii",NA,"C","N","20090617"
"4H","1st","","oxygonum.sinuatum",NA,"C","N","20090617"
"4H","1st","","pavonia.patens",NA,"C","N","20090617"
"4H","1st","","pelargonium.alchemilloides",NA,"C","N","20090617"
"4H","1st","","pentanisia.ouranogyne",NA,"C","N","20090617"
"4H","1st","","phyllanthus.maderaspatensis",NA,"C","N","20090617"
"4H","1st","","plectranthus.spp",NA,"C","N","20090617"
"4H","1st","","pollichia.campestris",NA,"C","N","20090617"
"4H","1st","","polygala..l.",NA,"C","N","20090617"
"4H","1st","","polygala.sphenoptera",NA,"C","N","20090617"
"4H","1st","","portulaca.oleracea",NA,"C","N","20090617"
"4H","1st","","portulaca.quadrifida",NA,"C","N","20090617"
"4H","1st","","pseudognaphalium..helichrysum.glumaceum.",NA,"C","N","20090617"
"4H","1st","","psilotrichum.schimperi",NA,"C","N","20090617"
"4H","1st","","rhinacanthus.ndorensis",NA,"C","N","20090617"
"4H","1st","","rhynchosia.holstii",NA,"C","N","20090617"
"4H","1st","","schkuhria.pinnata",NA,"C","N","20090617"
"4H","1st","","sida.2",NA,"C","N","20090617"
"4H","1st","","sida.cuneifolia",NA,"C","N","20090617"
"4H","1st","","solanum.incanum",NA,"C","N","20090617"
"4H","1st","","solanum.indicum",NA,"C","N","20090617"
"4H","1st","","tribulus.terrestris",NA,"C","N","20090617"
"4H","1st","","u",NA,"C","N","20090617"
"4H","1st","","w",NA,"C","N","20090617"
"4H","1st","","x_4",NA,"C","N","20090617"
"4H","1st","","x_5",NA,"C","N","20090617"
"4H","1st","","x_6",NA,"C","N","20090617"
"4H","1st","","x_7",NA,"C","N","20090617"
"4H","1st","","x_8",NA,"C","N","20090617"
"4F","1st","","bracharia.lacnantha",NA,"C","N","20090617"
"4F","1st","","lintonia.nutans",NA,"C","N","20090617"
"4F","1st","","pennisetum.mezianum",NA,"C","N","20090617"
"4F","1st","","pennisetum.straminium",9,"C","N","20090617"
"4F","1st","","themeda.triandra",NA,"C","N","20090617"
"4F","1st","","bare",1,"C","N","20090617"
"4F","1st","","x_2",NA,"C","N","20090617"
"4F","1st","","aristida.kenyensis",NA,"C","N","20090617"
"4F","1st","","bothriochloa.insculpta",NA,"C","N","20090617"
"4F","1st","","bracharia.3",NA,"C","N","20090617"
"4F","1st","","bracharia.eruciformis",NA,"C","N","20090617"
"4F","1st","","chloris.sp",NA,"C","N","20090617"
"4F","1st","","cynodon.dactylon",NA,"C","N","20090617"
"4F","1st","","cynodon.plectostachyus",NA,"C","N","20090617"
"4F","1st","","cyperus...mariscus.spp",NA,"C","N","20090617"
"4F","1st","","digitaria.2",NA,"C","N","20090617"
"4F","1st","","digitaria.milanjiana",NA,"C","N","20090617"
"4F","1st","","dinebra.retroflexa",NA,"C","N","20090617"
"4F","1st","","eragrostis.tenuifolia",NA,"C","N","20090617"
"4F","1st","","harpachne.schimperi",NA,"C","N","20090617"
"4F","1st","","microchloa.kunthii",NA,"C","N","20090617"
"4F","1st","","panicum.astrosanguinum",NA,"C","N","20090617"
"4F","1st","","setaria.acromelaena..small.",NA,"C","N","20090617"
"4F","1st","","setaria.sphaecealata..big.",NA,"C","N","20090617"
"4F","1st","","sporobolus.pyramidalis",NA,"C","N","20090617"
"4F","1st","","tragus.berteronianus",NA,"C","N","20090617"
"4F","1st","","x_3",NA,"C","N","20090617"
"4F","1st","","acalypha.crenata",NA,"C","N","20090617"
"4F","1st","","aerva.lanata",NA,"C","N","20090617"
"4F","1st","","amaranthus.hibridus",NA,"C","N","20090617"
"4F","1st","","aspilia.pluriseta",NA,"C","N","20090617"
"4F","1st","","asterolinon.adoense..v.",NA,"C","N","20090617"
"4F","1st","","caralluma.acutangula",NA,"C","N","20090617"
"4F","1st","","chenopodium.opulifolium",NA,"C","N","20090617"
"4F","1st","","chenopodium.schraderianum",NA,"C","N","20090617"
"4F","1st","","commelina.spp",NA,"C","N","20090617"
"4F","1st","","commicarpus.pedunculosus",NA,"C","N","20090617"
"4F","1st","","conyza.sp",NA,"C","N","20090617"
"4F","1st","","corchorus.sp",NA,"C","N","20090617"
"4F","1st","","crotelaria.sp",NA,"C","N","20090617"
"4F","1st","","cyathula.orthacantha",NA,"C","N","20090617"
"4F","1st","","dyscoriste.radicans",NA,"C","N","20090617"
"4F","1st","","euphorbia.inaequilatera",NA,"C","N","20090617"
"4F","1st","","evolvulus.alsinoides",NA,"C","N","20090617"
"4F","1st","","fern",NA,"C","N","20090617"
"4F","1st","","gutenbergia.sp",NA,"C","N","20090617"
"4F","1st","","hermannia.uhligii",NA,"C","N","20090617"
"4F","1st","","hibiscus.flavifolius",NA,"C","N","20090617"
"4F","1st","","hibiscus.trionum",NA,"C","N","20090617"
"4F","1st","","indigofera.brevicalyx",NA,"C","N","20090617"
"4F","1st","","indigofera.schimperi",NA,"C","N","20090617"
"4F","1st","","ipomea.sinensis",NA,"C","N","20090617"
"4F","1st","","justicia.dichipteroides",NA,"C","N","20090617"
"4F","1st","","k",NA,"C","N","20090617"
"4F","1st","","kyllinga.sp",NA,"C","N","20090617"
"4F","1st","","leucas.glabrata",NA,"C","N","20090617"
"4F","1st","","leucas.martiniscensis",NA,"C","N","20090617"
"4F","1st","","lily.a",NA,"C","N","20090617"
"4F","1st","","lily.b",NA,"C","N","20090617"
"4F","1st","","lippia.javanica",NA,"C","N","20090617"
"4F","1st","","melhania.spp.",NA,"C","N","20090617"
"4F","1st","","misopates.orontium",NA,"C","N","20090617"
"4F","1st","","mollugo.nudicaulis",NA,"C","N","20090617"
"4F","1st","","monechima.debile",NA,"C","N","20090617"
"4F","1st","","monsonia.augustifolia",NA,"C","N","20090617"
"4F","1st","","ocimum.sp",NA,"C","N","20090617"
"4F","1st","","osteospermum.vaillantii",NA,"C","N","20090617"
"4F","1st","","oxygonum.sinuatum",NA,"C","N","20090617"
"4F","1st","","pavonia.patens",NA,"C","N","20090617"
"4F","1st","","pelargonium.alchemilloides",NA,"C","N","20090617"
"4F","1st","","pentanisia.ouranogyne",NA,"C","N","20090617"
"4F","1st","","phyllanthus.maderaspatensis",NA,"C","N","20090617"
"4F","1st","","plectranthus.spp",NA,"C","N","20090617"
"4F","1st","","pollichia.campestris",NA,"C","N","20090617"
"4F","1st","","polygala..l.",NA,"C","N","20090617"
"4F","1st","","polygala.sphenoptera",NA,"C","N","20090617"
"4F","1st","","portulaca.oleracea",NA,"C","N","20090617"
"4F","1st","","portulaca.quadrifida",NA,"C","N","20090617"
"4F","1st","","pseudognaphalium..helichrysum.glumaceum.",NA,"C","N","20090617"
"4F","1st","","psilotrichum.schimperi",NA,"C","N","20090617"
"4F","1st","","rhinacanthus.ndorensis",NA,"C","N","20090617"
"4F","1st","","rhynchosia.holstii",NA,"C","N","20090617"
"4F","1st","","schkuhria.pinnata",NA,"C","N","20090617"
"4F","1st","","sida.2",NA,"C","N","20090617"
"4F","1st","","sida.cuneifolia",NA,"C","N","20090617"
"4F","1st","","solanum.incanum",NA,"C","N","20090617"
"4F","1st","","solanum.indicum",NA,"C","N","20090617"
"4F","1st","","tribulus.terrestris",NA,"C","N","20090617"
"4F","1st","","u",NA,"C","N","20090617"
"4F","1st","","w",NA,"C","N","20090617"
"4F","1st","","x_4",NA,"C","N","20090617"
"4F","1st","","x_5",NA,"C","N","20090617"
"4F","1st","","x_6",NA,"C","N","20090617"
"4F","1st","","x_7",NA,"C","N","20090617"
"4F","1st","","x_8",NA,"C","N","20090617"
"4D","1st","","bracharia.lacnantha",3,"C","N","20090617"
"4D","1st","","lintonia.nutans",NA,"C","N","20090617"
"4D","1st","","pennisetum.mezianum",NA,"C","N","20090617"
"4D","1st","","pennisetum.straminium",NA,"C","N","20090617"
"4D","1st","","themeda.triandra",1,"C","N","20090617"
"4D","1st","","bare",6,"C","N","20090617"
"4D","1st","","x_2",NA,"C","N","20090617"
"4D","1st","","aristida.kenyensis",NA,"C","N","20090617"
"4D","1st","","bothriochloa.insculpta",NA,"C","N","20090617"
"4D","1st","","bracharia.3",NA,"C","N","20090617"
"4D","1st","","bracharia.eruciformis",NA,"C","N","20090617"
"4D","1st","","chloris.sp",NA,"C","N","20090617"
"4D","1st","","cynodon.dactylon",NA,"C","N","20090617"
"4D","1st","","cynodon.plectostachyus",NA,"C","N","20090617"
"4D","1st","","cyperus...mariscus.spp",NA,"C","N","20090617"
"4D","1st","","digitaria.2",NA,"C","N","20090617"
"4D","1st","","digitaria.milanjiana",NA,"C","N","20090617"
"4D","1st","","dinebra.retroflexa",NA,"C","N","20090617"
"4D","1st","","eragrostis.tenuifolia",NA,"C","N","20090617"
"4D","1st","","harpachne.schimperi",NA,"C","N","20090617"
"4D","1st","","microchloa.kunthii",NA,"C","N","20090617"
"4D","1st","","panicum.astrosanguinum",NA,"C","N","20090617"
"4D","1st","","setaria.acromelaena..small.",NA,"C","N","20090617"
"4D","1st","","setaria.sphaecealata..big.",NA,"C","N","20090617"
"4D","1st","","sporobolus.pyramidalis",NA,"C","N","20090617"
"4D","1st","","tragus.berteronianus",NA,"C","N","20090617"
"4D","1st","","x_3",NA,"C","N","20090617"
"4D","1st","","acalypha.crenata",NA,"C","N","20090617"
"4D","1st","","aerva.lanata",NA,"C","N","20090617"
"4D","1st","","amaranthus.hibridus",NA,"C","N","20090617"
"4D","1st","","aspilia.pluriseta",NA,"C","N","20090617"
"4D","1st","","asterolinon.adoense..v.",NA,"C","N","20090617"
"4D","1st","","caralluma.acutangula",NA,"C","N","20090617"
"4D","1st","","chenopodium.opulifolium",NA,"C","N","20090617"
"4D","1st","","chenopodium.schraderianum",NA,"C","N","20090617"
"4D","1st","","commelina.spp",NA,"C","N","20090617"
"4D","1st","","commicarpus.pedunculosus",NA,"C","N","20090617"
"4D","1st","","conyza.sp",NA,"C","N","20090617"
"4D","1st","","corchorus.sp",NA,"C","N","20090617"
"4D","1st","","crotelaria.sp",NA,"C","N","20090617"
"4D","1st","","cyathula.orthacantha",NA,"C","N","20090617"
"4D","1st","","dyscoriste.radicans",NA,"C","N","20090617"
"4D","1st","","euphorbia.inaequilatera",NA,"C","N","20090617"
"4D","1st","","evolvulus.alsinoides",NA,"C","N","20090617"
"4D","1st","","fern",NA,"C","N","20090617"
"4D","1st","","gutenbergia.sp",NA,"C","N","20090617"
"4D","1st","","hermannia.uhligii",NA,"C","N","20090617"
"4D","1st","","hibiscus.flavifolius",NA,"C","N","20090617"
"4D","1st","","hibiscus.trionum",NA,"C","N","20090617"
"4D","1st","","indigofera.brevicalyx",NA,"C","N","20090617"
"4D","1st","","indigofera.schimperi",NA,"C","N","20090617"
"4D","1st","","ipomea.sinensis",NA,"C","N","20090617"
"4D","1st","","justicia.dichipteroides",NA,"C","N","20090617"
"4D","1st","","k",NA,"C","N","20090617"
"4D","1st","","kyllinga.sp",NA,"C","N","20090617"
"4D","1st","","leucas.glabrata",NA,"C","N","20090617"
"4D","1st","","leucas.martiniscensis",NA,"C","N","20090617"
"4D","1st","","lily.a",NA,"C","N","20090617"
"4D","1st","","lily.b",NA,"C","N","20090617"
"4D","1st","","lippia.javanica",NA,"C","N","20090617"
"4D","1st","","melhania.spp.",NA,"C","N","20090617"
"4D","1st","","misopates.orontium",NA,"C","N","20090617"
"4D","1st","","mollugo.nudicaulis",NA,"C","N","20090617"
"4D","1st","","monechima.debile",NA,"C","N","20090617"
"4D","1st","","monsonia.augustifolia",NA,"C","N","20090617"
"4D","1st","","ocimum.sp",NA,"C","N","20090617"
"4D","1st","","osteospermum.vaillantii",NA,"C","N","20090617"
"4D","1st","","oxygonum.sinuatum",NA,"C","N","20090617"
"4D","1st","","pavonia.patens",NA,"C","N","20090617"
"4D","1st","","pelargonium.alchemilloides",NA,"C","N","20090617"
"4D","1st","","pentanisia.ouranogyne",NA,"C","N","20090617"
"4D","1st","","phyllanthus.maderaspatensis",NA,"C","N","20090617"
"4D","1st","","plectranthus.spp",NA,"C","N","20090617"
"4D","1st","","pollichia.campestris",NA,"C","N","20090617"
"4D","1st","","polygala..l.",NA,"C","N","20090617"
"4D","1st","","polygala.sphenoptera",NA,"C","N","20090617"
"4D","1st","","portulaca.oleracea",NA,"C","N","20090617"
"4D","1st","","portulaca.quadrifida",NA,"C","N","20090617"
"4D","1st","","pseudognaphalium..helichrysum.glumaceum.",NA,"C","N","20090617"
"4D","1st","","psilotrichum.schimperi",NA,"C","N","20090617"
"4D","1st","","rhinacanthus.ndorensis",NA,"C","N","20090617"
"4D","1st","","rhynchosia.holstii",1,"C","N","20090617"
"4D","1st","","schkuhria.pinnata",NA,"C","N","20090617"
"4D","1st","","sida.2",NA,"C","N","20090617"
"4D","1st","","sida.cuneifolia",NA,"C","N","20090617"
"4D","1st","","solanum.incanum",NA,"C","N","20090617"
"4D","1st","","solanum.indicum",NA,"C","N","20090617"
"4D","1st","","tribulus.terrestris",NA,"C","N","20090617"
"4D","1st","","u",NA,"C","N","20090617"
"4D","1st","","w",NA,"C","N","20090617"
"4D","1st","","x_4",NA,"C","N","20090617"
"4D","1st","","x_5",NA,"C","N","20090617"
"4D","1st","","x_6",NA,"C","N","20090617"
"4D","1st","","x_7",NA,"C","N","20090617"
"4D","1st","","x_8",NA,"C","N","20090617"
"4B","1st","","bracharia.lacnantha",9,"C","N","20090617"
"4B","1st","","lintonia.nutans",NA,"C","N","20090617"
"4B","1st","","pennisetum.mezianum",NA,"C","N","20090617"
"4B","1st","","pennisetum.straminium",1,"C","N","20090617"
"4B","1st","","themeda.triandra",NA,"C","N","20090617"
"4B","1st","","bare",1,"C","N","20090617"
"4B","1st","","x_2",NA,"C","N","20090617"
"4B","1st","","aristida.kenyensis",NA,"C","N","20090617"
"4B","1st","","bothriochloa.insculpta",NA,"C","N","20090617"
"4B","1st","","bracharia.3",NA,"C","N","20090617"
"4B","1st","","bracharia.eruciformis",NA,"C","N","20090617"
"4B","1st","","chloris.sp",NA,"C","N","20090617"
"4B","1st","","cynodon.dactylon",NA,"C","N","20090617"
"4B","1st","","cynodon.plectostachyus",NA,"C","N","20090617"
"4B","1st","","cyperus...mariscus.spp",NA,"C","N","20090617"
"4B","1st","","digitaria.2",NA,"C","N","20090617"
"4B","1st","","digitaria.milanjiana",NA,"C","N","20090617"
"4B","1st","","dinebra.retroflexa",NA,"C","N","20090617"
"4B","1st","","eragrostis.tenuifolia",NA,"C","N","20090617"
"4B","1st","","harpachne.schimperi",NA,"C","N","20090617"
"4B","1st","","microchloa.kunthii",NA,"C","N","20090617"
"4B","1st","","panicum.astrosanguinum",NA,"C","N","20090617"
"4B","1st","","setaria.acromelaena..small.",NA,"C","N","20090617"
"4B","1st","","setaria.sphaecealata..big.",NA,"C","N","20090617"
"4B","1st","","sporobolus.pyramidalis",NA,"C","N","20090617"
"4B","1st","","tragus.berteronianus",NA,"C","N","20090617"
"4B","1st","","x_3",NA,"C","N","20090617"
"4B","1st","","acalypha.crenata",NA,"C","N","20090617"
"4B","1st","","aerva.lanata",NA,"C","N","20090617"
"4B","1st","","amaranthus.hibridus",NA,"C","N","20090617"
"4B","1st","","aspilia.pluriseta",NA,"C","N","20090617"
"4B","1st","","asterolinon.adoense..v.",NA,"C","N","20090617"
"4B","1st","","caralluma.acutangula",NA,"C","N","20090617"
"4B","1st","","chenopodium.opulifolium",NA,"C","N","20090617"
"4B","1st","","chenopodium.schraderianum",NA,"C","N","20090617"
"4B","1st","","commelina.spp",NA,"C","N","20090617"
"4B","1st","","commicarpus.pedunculosus",NA,"C","N","20090617"
"4B","1st","","conyza.sp",NA,"C","N","20090617"
"4B","1st","","corchorus.sp",NA,"C","N","20090617"
"4B","1st","","crotelaria.sp",NA,"C","N","20090617"
"4B","1st","","cyathula.orthacantha",NA,"C","N","20090617"
"4B","1st","","dyscoriste.radicans",NA,"C","N","20090617"
"4B","1st","","euphorbia.inaequilatera",NA,"C","N","20090617"
"4B","1st","","evolvulus.alsinoides",NA,"C","N","20090617"
"4B","1st","","fern",NA,"C","N","20090617"
"4B","1st","","gutenbergia.sp",NA,"C","N","20090617"
"4B","1st","","hermannia.uhligii",NA,"C","N","20090617"
"4B","1st","","hibiscus.flavifolius",NA,"C","N","20090617"
"4B","1st","","hibiscus.trionum",NA,"C","N","20090617"
"4B","1st","","indigofera.brevicalyx",NA,"C","N","20090617"
"4B","1st","","indigofera.schimperi",NA,"C","N","20090617"
"4B","1st","","ipomea.sinensis",NA,"C","N","20090617"
"4B","1st","","justicia.dichipteroides",NA,"C","N","20090617"
"4B","1st","","k",NA,"C","N","20090617"
"4B","1st","","kyllinga.sp",NA,"C","N","20090617"
"4B","1st","","leucas.glabrata",NA,"C","N","20090617"
"4B","1st","","leucas.martiniscensis",NA,"C","N","20090617"
"4B","1st","","lily.a",NA,"C","N","20090617"
"4B","1st","","lily.b",NA,"C","N","20090617"
"4B","1st","","lippia.javanica",NA,"C","N","20090617"
"4B","1st","","melhania.spp.",NA,"C","N","20090617"
"4B","1st","","misopates.orontium",NA,"C","N","20090617"
"4B","1st","","mollugo.nudicaulis",NA,"C","N","20090617"
"4B","1st","","monechima.debile",NA,"C","N","20090617"
"4B","1st","","monsonia.augustifolia",NA,"C","N","20090617"
"4B","1st","","ocimum.sp",NA,"C","N","20090617"
"4B","1st","","osteospermum.vaillantii",NA,"C","N","20090617"
"4B","1st","","oxygonum.sinuatum",NA,"C","N","20090617"
"4B","1st","","pavonia.patens",NA,"C","N","20090617"
"4B","1st","","pelargonium.alchemilloides",NA,"C","N","20090617"
"4B","1st","","pentanisia.ouranogyne",NA,"C","N","20090617"
"4B","1st","","phyllanthus.maderaspatensis",NA,"C","N","20090617"
"4B","1st","","plectranthus.spp",NA,"C","N","20090617"
"4B","1st","","pollichia.campestris",NA,"C","N","20090617"
"4B","1st","","polygala..l.",NA,"C","N","20090617"
"4B","1st","","polygala.sphenoptera",NA,"C","N","20090617"
"4B","1st","","portulaca.oleracea",NA,"C","N","20090617"
"4B","1st","","portulaca.quadrifida",NA,"C","N","20090617"
"4B","1st","","pseudognaphalium..helichrysum.glumaceum.",NA,"C","N","20090617"
"4B","1st","","psilotrichum.schimperi",NA,"C","N","20090617"
"4B","1st","","rhinacanthus.ndorensis",NA,"C","N","20090617"
"4B","1st","","rhynchosia.holstii",NA,"C","N","20090617"
"4B","1st","","schkuhria.pinnata",NA,"C","N","20090617"
"4B","1st","","sida.2",NA,"C","N","20090617"
"4B","1st","","sida.cuneifolia",NA,"C","N","20090617"
"4B","1st","","solanum.incanum",NA,"C","N","20090617"
"4B","1st","","solanum.indicum",NA,"C","N","20090617"
"4B","1st","","tribulus.terrestris",NA,"C","N","20090617"
"4B","1st","","u",NA,"C","N","20090617"
"4B","1st","","w",NA,"C","N","20090617"
"4B","1st","","x_4",NA,"C","N","20090617"
"4B","1st","","x_5",NA,"C","N","20090617"
"4B","1st","","x_6",NA,"C","N","20090617"
"4B","1st","","x_7",NA,"C","N","20090617"
"4B","1st","","x_8",NA,"C","N","20090617"
"5A","1st","","bracharia.lacnantha",NA,"C","N","20090617"
"5A","1st","","lintonia.nutans",NA,"C","N","20090617"
"5A","1st","","pennisetum.mezianum",NA,"C","N","20090617"
"5A","1st","","pennisetum.straminium",NA,"C","N","20090617"
"5A","1st","","themeda.triandra",NA,"C","N","20090617"
"5A","1st","","bare",3,"C","N","20090617"
"5A","1st","","x_2",NA,"C","N","20090617"
"5A","1st","","aristida.kenyensis",NA,"C","N","20090617"
"5A","1st","","bothriochloa.insculpta",NA,"C","N","20090617"
"5A","1st","","bracharia.3",NA,"C","N","20090617"
"5A","1st","","bracharia.eruciformis",NA,"C","N","20090617"
"5A","1st","","chloris.sp",NA,"C","N","20090617"
"5A","1st","","cynodon.dactylon",NA,"C","N","20090617"
"5A","1st","","cynodon.plectostachyus",NA,"C","N","20090617"
"5A","1st","","cyperus...mariscus.spp",NA,"C","N","20090617"
"5A","1st","","digitaria.2",NA,"C","N","20090617"
"5A","1st","","digitaria.milanjiana",NA,"C","N","20090617"
"5A","1st","","dinebra.retroflexa",NA,"C","N","20090617"
"5A","1st","","eragrostis.tenuifolia",NA,"C","N","20090617"
"5A","1st","","harpachne.schimperi",NA,"C","N","20090617"
"5A","1st","","microchloa.kunthii",NA,"C","N","20090617"
"5A","1st","","panicum.astrosanguinum",NA,"C","N","20090617"
"5A","1st","","setaria.acromelaena..small.",NA,"C","N","20090617"
"5A","1st","","setaria.sphaecealata..big.",NA,"C","N","20090617"
"5A","1st","","sporobolus.pyramidalis",NA,"C","N","20090617"
"5A","1st","","tragus.berteronianus",NA,"C","N","20090617"
"5A","1st","","x_3",NA,"C","N","20090617"
"5A","1st","","acalypha.crenata",NA,"C","N","20090617"
"5A","1st","","aerva.lanata",NA,"C","N","20090617"
"5A","1st","","amaranthus.hibridus",NA,"C","N","20090617"
"5A","1st","","aspilia.pluriseta",NA,"C","N","20090617"
"5A","1st","","asterolinon.adoense..v.",NA,"C","N","20090617"
"5A","1st","","caralluma.acutangula",NA,"C","N","20090617"
"5A","1st","","chenopodium.opulifolium",NA,"C","N","20090617"
"5A","1st","","chenopodium.schraderianum",NA,"C","N","20090617"
"5A","1st","","commelina.spp",NA,"C","N","20090617"
"5A","1st","","commicarpus.pedunculosus",NA,"C","N","20090617"
"5A","1st","","conyza.sp",NA,"C","N","20090617"
"5A","1st","","corchorus.sp",NA,"C","N","20090617"
"5A","1st","","crotelaria.sp",NA,"C","N","20090617"
"5A","1st","","cyathula.orthacantha",NA,"C","N","20090617"
"5A","1st","","dyscoriste.radicans",NA,"C","N","20090617"
"5A","1st","","euphorbia.inaequilatera",NA,"C","N","20090617"
"5A","1st","","evolvulus.alsinoides",NA,"C","N","20090617"
"5A","1st","","fern",NA,"C","N","20090617"
"5A","1st","","gutenbergia.sp",NA,"C","N","20090617"
"5A","1st","","hermannia.uhligii",NA,"C","N","20090617"
"5A","1st","","hibiscus.flavifolius",NA,"C","N","20090617"
"5A","1st","","hibiscus.trionum",NA,"C","N","20090617"
"5A","1st","","indigofera.brevicalyx",NA,"C","N","20090617"
"5A","1st","","indigofera.schimperi",NA,"C","N","20090617"
"5A","1st","","ipomea.sinensis",NA,"C","N","20090617"
"5A","1st","","justicia.dichipteroides",NA,"C","N","20090617"
"5A","1st","","k",NA,"C","N","20090617"
"5A","1st","","kyllinga.sp",NA,"C","N","20090617"
"5A","1st","","leucas.glabrata",NA,"C","N","20090617"
"5A","1st","","leucas.martiniscensis",NA,"C","N","20090617"
"5A","1st","","lily.a",NA,"C","N","20090617"
"5A","1st","","lily.b",NA,"C","N","20090617"
"5A","1st","","lippia.javanica",NA,"C","N","20090617"
"5A","1st","","melhania.spp.",NA,"C","N","20090617"
"5A","1st","","misopates.orontium",NA,"C","N","20090617"
"5A","1st","","mollugo.nudicaulis",NA,"C","N","20090617"
"5A","1st","","monechima.debile",NA,"C","N","20090617"
"5A","1st","","monsonia.augustifolia",NA,"C","N","20090617"
"5A","1st","","ocimum.sp",NA,"C","N","20090617"
"5A","1st","","osteospermum.vaillantii",NA,"C","N","20090617"
"5A","1st","","oxygonum.sinuatum",NA,"C","N","20090617"
"5A","1st","","pavonia.patens",NA,"C","N","20090617"
"5A","1st","","pelargonium.alchemilloides",NA,"C","N","20090617"
"5A","1st","","pentanisia.ouranogyne",NA,"C","N","20090617"
"5A","1st","","phyllanthus.maderaspatensis",NA,"C","N","20090617"
"5A","1st","","plectranthus.spp",NA,"C","N","20090617"
"5A","1st","","pollichia.campestris",NA,"C","N","20090617"
"5A","1st","","polygala..l.",NA,"C","N","20090617"
"5A","1st","","polygala.sphenoptera",NA,"C","N","20090617"
"5A","1st","","portulaca.oleracea",NA,"C","N","20090617"
"5A","1st","","portulaca.quadrifida",NA,"C","N","20090617"
"5A","1st","","pseudognaphalium..helichrysum.glumaceum.",NA,"C","N","20090617"
"5A","1st","","psilotrichum.schimperi",NA,"C","N","20090617"
"5A","1st","","rhinacanthus.ndorensis",NA,"C","N","20090617"
"5A","1st","","rhynchosia.holstii",NA,"C","N","20090617"
"5A","1st","","schkuhria.pinnata",NA,"C","N","20090617"
"5A","1st","","sida.2",NA,"C","N","20090617"
"5A","1st","","sida.cuneifolia",NA,"C","N","20090617"
"5A","1st","","solanum.incanum",NA,"C","N","20090617"
"5A","1st","","solanum.indicum",NA,"C","N","20090617"
"5A","1st","","tribulus.terrestris",NA,"C","N","20090617"
"5A","1st","","u",NA,"C","N","20090617"
"5A","1st","","w",NA,"C","N","20090617"
"5A","1st","","x_4",NA,"C","N","20090617"
"5A","1st","","x_5",NA,"C","N","20090617"
"5A","1st","","x_6",NA,"C","N","20090617"
"5A","1st","","x_7",NA,"C","N","20090617"
"5A","1st","","x_8",NA,"C","N","20090617"
"5C","1st","","bracharia.lacnantha",NA,"C","N","20090617"
"5C","1st","","lintonia.nutans",NA,"C","N","20090617"
"5C","1st","","pennisetum.mezianum",NA,"C","N","20090617"
"5C","1st","","pennisetum.straminium",NA,"C","N","20090617"
"5C","1st","","themeda.triandra",NA,"C","N","20090617"
"5C","1st","","bare",5,"C","N","20090617"
"5C","1st","","x_2",NA,"C","N","20090617"
"5C","1st","","aristida.kenyensis",NA,"C","N","20090617"
"5C","1st","","bothriochloa.insculpta",NA,"C","N","20090617"
"5C","1st","","bracharia.3",NA,"C","N","20090617"
"5C","1st","","bracharia.eruciformis",NA,"C","N","20090617"
"5C","1st","","chloris.sp",NA,"C","N","20090617"
"5C","1st","","cynodon.dactylon",NA,"C","N","20090617"
"5C","1st","","cynodon.plectostachyus",NA,"C","N","20090617"
"5C","1st","","cyperus...mariscus.spp",NA,"C","N","20090617"
"5C","1st","","digitaria.2",NA,"C","N","20090617"
"5C","1st","","digitaria.milanjiana",NA,"C","N","20090617"
"5C","1st","","dinebra.retroflexa",NA,"C","N","20090617"
"5C","1st","","eragrostis.tenuifolia",NA,"C","N","20090617"
"5C","1st","","harpachne.schimperi",NA,"C","N","20090617"
"5C","1st","","microchloa.kunthii",NA,"C","N","20090617"
"5C","1st","","panicum.astrosanguinum",NA,"C","N","20090617"
"5C","1st","","setaria.acromelaena..small.",NA,"C","N","20090617"
"5C","1st","","setaria.sphaecealata..big.",NA,"C","N","20090617"
"5C","1st","","sporobolus.pyramidalis",NA,"C","N","20090617"
"5C","1st","","tragus.berteronianus",NA,"C","N","20090617"
"5C","1st","","x_3",NA,"C","N","20090617"
"5C","1st","","acalypha.crenata",NA,"C","N","20090617"
"5C","1st","","aerva.lanata",NA,"C","N","20090617"
"5C","1st","","amaranthus.hibridus",NA,"C","N","20090617"
"5C","1st","","aspilia.pluriseta",NA,"C","N","20090617"
"5C","1st","","asterolinon.adoense..v.",NA,"C","N","20090617"
"5C","1st","","caralluma.acutangula",NA,"C","N","20090617"
"5C","1st","","chenopodium.opulifolium",NA,"C","N","20090617"
"5C","1st","","chenopodium.schraderianum",NA,"C","N","20090617"
"5C","1st","","commelina.spp",NA,"C","N","20090617"
"5C","1st","","commicarpus.pedunculosus",NA,"C","N","20090617"
"5C","1st","","conyza.sp",NA,"C","N","20090617"
"5C","1st","","corchorus.sp",NA,"C","N","20090617"
"5C","1st","","crotelaria.sp",NA,"C","N","20090617"
"5C","1st","","cyathula.orthacantha",NA,"C","N","20090617"
"5C","1st","","dyscoriste.radicans",NA,"C","N","20090617"
"5C","1st","","euphorbia.inaequilatera",NA,"C","N","20090617"
"5C","1st","","evolvulus.alsinoides",NA,"C","N","20090617"
"5C","1st","","fern",NA,"C","N","20090617"
"5C","1st","","gutenbergia.sp",NA,"C","N","20090617"
"5C","1st","","hermannia.uhligii",NA,"C","N","20090617"
"5C","1st","","hibiscus.flavifolius",NA,"C","N","20090617"
"5C","1st","","hibiscus.trionum",NA,"C","N","20090617"
"5C","1st","","indigofera.brevicalyx",NA,"C","N","20090617"
"5C","1st","","indigofera.schimperi",NA,"C","N","20090617"
"5C","1st","","ipomea.sinensis",NA,"C","N","20090617"
"5C","1st","","justicia.dichipteroides",NA,"C","N","20090617"
"5C","1st","","k",NA,"C","N","20090617"
"5C","1st","","kyllinga.sp",NA,"C","N","20090617"
"5C","1st","","leucas.glabrata",NA,"C","N","20090617"
"5C","1st","","leucas.martiniscensis",NA,"C","N","20090617"
"5C","1st","","lily.a",NA,"C","N","20090617"
"5C","1st","","lily.b",NA,"C","N","20090617"
"5C","1st","","lippia.javanica",NA,"C","N","20090617"
"5C","1st","","melhania.spp.",NA,"C","N","20090617"
"5C","1st","","misopates.orontium",NA,"C","N","20090617"
"5C","1st","","mollugo.nudicaulis",NA,"C","N","20090617"
"5C","1st","","monechima.debile",NA,"C","N","20090617"
"5C","1st","","monsonia.augustifolia",NA,"C","N","20090617"
"5C","1st","","ocimum.sp",NA,"C","N","20090617"
"5C","1st","","osteospermum.vaillantii",NA,"C","N","20090617"
"5C","1st","","oxygonum.sinuatum",NA,"C","N","20090617"
"5C","1st","","pavonia.patens",NA,"C","N","20090617"
"5C","1st","","pelargonium.alchemilloides",NA,"C","N","20090617"
"5C","1st","","pentanisia.ouranogyne",NA,"C","N","20090617"
"5C","1st","","phyllanthus.maderaspatensis",NA,"C","N","20090617"
"5C","1st","","plectranthus.spp",NA,"C","N","20090617"
"5C","1st","","pollichia.campestris",NA,"C","N","20090617"
"5C","1st","","polygala..l.",NA,"C","N","20090617"
"5C","1st","","polygala.sphenoptera",NA,"C","N","20090617"
"5C","1st","","portulaca.oleracea",NA,"C","N","20090617"
"5C","1st","","portulaca.quadrifida",NA,"C","N","20090617"
"5C","1st","","pseudognaphalium..helichrysum.glumaceum.",NA,"C","N","20090617"
"5C","1st","","psilotrichum.schimperi",NA,"C","N","20090617"
"5C","1st","","rhinacanthus.ndorensis",NA,"C","N","20090617"
"5C","1st","","rhynchosia.holstii",NA,"C","N","20090617"
"5C","1st","","schkuhria.pinnata",NA,"C","N","20090617"
"5C","1st","","sida.2",NA,"C","N","20090617"
"5C","1st","","sida.cuneifolia",NA,"C","N","20090617"
"5C","1st","","solanum.incanum",NA,"C","N","20090617"
"5C","1st","","solanum.indicum",NA,"C","N","20090617"
"5C","1st","","tribulus.terrestris",NA,"C","N","20090617"
"5C","1st","","u",NA,"C","N","20090617"
"5C","1st","","w",NA,"C","N","20090617"
"5C","1st","","x_4",NA,"C","N","20090617"
"5C","1st","","x_5",NA,"C","N","20090617"
"5C","1st","","x_6",NA,"C","N","20090617"
"5C","1st","","x_7",NA,"C","N","20090617"
"5C","1st","","x_8",NA,"C","N","20090617"
"5E","1st","","bracharia.lacnantha",NA,"C","N","20090617"
"5E","1st","","lintonia.nutans",NA,"C","N","20090617"
"5E","1st","","pennisetum.mezianum",NA,"C","N","20090617"
"5E","1st","","pennisetum.straminium",NA,"C","N","20090617"
"5E","1st","","themeda.triandra",NA,"C","N","20090617"
"5E","1st","","bare",5,"C","N","20090617"
"5E","1st","","x_2",NA,"C","N","20090617"
"5E","1st","","aristida.kenyensis",NA,"C","N","20090617"
"5E","1st","","bothriochloa.insculpta",NA,"C","N","20090617"
"5E","1st","","bracharia.3",NA,"C","N","20090617"
"5E","1st","","bracharia.eruciformis",NA,"C","N","20090617"
"5E","1st","","chloris.sp",NA,"C","N","20090617"
"5E","1st","","cynodon.dactylon",NA,"C","N","20090617"
"5E","1st","","cynodon.plectostachyus",NA,"C","N","20090617"
"5E","1st","","cyperus...mariscus.spp",NA,"C","N","20090617"
"5E","1st","","digitaria.2",NA,"C","N","20090617"
"5E","1st","","digitaria.milanjiana",NA,"C","N","20090617"
"5E","1st","","dinebra.retroflexa",NA,"C","N","20090617"
"5E","1st","","eragrostis.tenuifolia",NA,"C","N","20090617"
"5E","1st","","harpachne.schimperi",NA,"C","N","20090617"
"5E","1st","","microchloa.kunthii",NA,"C","N","20090617"
"5E","1st","","panicum.astrosanguinum",NA,"C","N","20090617"
"5E","1st","","setaria.acromelaena..small.",NA,"C","N","20090617"
"5E","1st","","setaria.sphaecealata..big.",NA,"C","N","20090617"
"5E","1st","","sporobolus.pyramidalis",NA,"C","N","20090617"
"5E","1st","","tragus.berteronianus",NA,"C","N","20090617"
"5E","1st","","x_3",NA,"C","N","20090617"
"5E","1st","","acalypha.crenata",NA,"C","N","20090617"
"5E","1st","","aerva.lanata",NA,"C","N","20090617"
"5E","1st","","amaranthus.hibridus",NA,"C","N","20090617"
"5E","1st","","aspilia.pluriseta",NA,"C","N","20090617"
"5E","1st","","asterolinon.adoense..v.",NA,"C","N","20090617"
"5E","1st","","caralluma.acutangula",NA,"C","N","20090617"
"5E","1st","","chenopodium.opulifolium",NA,"C","N","20090617"
"5E","1st","","chenopodium.schraderianum",NA,"C","N","20090617"
"5E","1st","","commelina.spp",NA,"C","N","20090617"
"5E","1st","","commicarpus.pedunculosus",NA,"C","N","20090617"
"5E","1st","","conyza.sp",NA,"C","N","20090617"
"5E","1st","","corchorus.sp",NA,"C","N","20090617"
"5E","1st","","crotelaria.sp",NA,"C","N","20090617"
"5E","1st","","cyathula.orthacantha",NA,"C","N","20090617"
"5E","1st","","dyscoriste.radicans",NA,"C","N","20090617"
"5E","1st","","euphorbia.inaequilatera",NA,"C","N","20090617"
"5E","1st","","evolvulus.alsinoides",NA,"C","N","20090617"
"5E","1st","","fern",NA,"C","N","20090617"
"5E","1st","","gutenbergia.sp",NA,"C","N","20090617"
"5E","1st","","hermannia.uhligii",NA,"C","N","20090617"
"5E","1st","","hibiscus.flavifolius",NA,"C","N","20090617"
"5E","1st","","hibiscus.trionum",NA,"C","N","20090617"
"5E","1st","","indigofera.brevicalyx",NA,"C","N","20090617"
"5E","1st","","indigofera.schimperi",NA,"C","N","20090617"
"5E","1st","","ipomea.sinensis",NA,"C","N","20090617"
"5E","1st","","justicia.dichipteroides",NA,"C","N","20090617"
"5E","1st","","k",NA,"C","N","20090617"
"5E","1st","","kyllinga.sp",NA,"C","N","20090617"
"5E","1st","","leucas.glabrata",NA,"C","N","20090617"
"5E","1st","","leucas.martiniscensis",NA,"C","N","20090617"
"5E","1st","","lily.a",NA,"C","N","20090617"
"5E","1st","","lily.b",NA,"C","N","20090617"
"5E","1st","","lippia.javanica",NA,"C","N","20090617"
"5E","1st","","melhania.spp.",NA,"C","N","20090617"
"5E","1st","","misopates.orontium",NA,"C","N","20090617"
"5E","1st","","mollugo.nudicaulis",NA,"C","N","20090617"
"5E","1st","","monechima.debile",NA,"C","N","20090617"
"5E","1st","","monsonia.augustifolia",NA,"C","N","20090617"
"5E","1st","","ocimum.sp",NA,"C","N","20090617"
"5E","1st","","osteospermum.vaillantii",NA,"C","N","20090617"
"5E","1st","","oxygonum.sinuatum",NA,"C","N","20090617"
"5E","1st","","pavonia.patens",NA,"C","N","20090617"
"5E","1st","","pelargonium.alchemilloides",NA,"C","N","20090617"
"5E","1st","","pentanisia.ouranogyne",NA,"C","N","20090617"
"5E","1st","","phyllanthus.maderaspatensis",NA,"C","N","20090617"
"5E","1st","","plectranthus.spp",NA,"C","N","20090617"
"5E","1st","","pollichia.campestris",NA,"C","N","20090617"
"5E","1st","","polygala..l.",NA,"C","N","20090617"
"5E","1st","","polygala.sphenoptera",NA,"C","N","20090617"
"5E","1st","","portulaca.oleracea",NA,"C","N","20090617"
"5E","1st","","portulaca.quadrifida",NA,"C","N","20090617"
"5E","1st","","pseudognaphalium..helichrysum.glumaceum.",NA,"C","N","20090617"
"5E","1st","","psilotrichum.schimperi",NA,"C","N","20090617"
"5E","1st","","rhinacanthus.ndorensis",NA,"C","N","20090617"
"5E","1st","","rhynchosia.holstii",NA,"C","N","20090617"
"5E","1st","","schkuhria.pinnata",NA,"C","N","20090617"
"5E","1st","","sida.2",NA,"C","N","20090617"
"5E","1st","","sida.cuneifolia",NA,"C","N","20090617"
"5E","1st","","solanum.incanum",NA,"C","N","20090617"
"5E","1st","","solanum.indicum",NA,"C","N","20090617"
"5E","1st","","tribulus.terrestris",NA,"C","N","20090617"
"5E","1st","","u",NA,"C","N","20090617"
"5E","1st","","w",NA,"C","N","20090617"
"5E","1st","","x_4",NA,"C","N","20090617"
"5E","1st","","x_5",NA,"C","N","20090617"
"5E","1st","","x_6",NA,"C","N","20090617"
"5E","1st","","x_7",NA,"C","N","20090617"
"5E","1st","","x_8",NA,"C","N","20090617"
"5G","1st","","bracharia.lacnantha",NA,"C","N","20090617"
"5G","1st","","lintonia.nutans",NA,"C","N","20090617"
"5G","1st","","pennisetum.mezianum",NA,"C","N","20090617"
"5G","1st","","pennisetum.straminium",NA,"C","N","20090617"
"5G","1st","","themeda.triandra",NA,"C","N","20090617"
"5G","1st","","bare",5,"C","N","20090617"
"5G","1st","","x_2",NA,"C","N","20090617"
"5G","1st","","aristida.kenyensis",NA,"C","N","20090617"
"5G","1st","","bothriochloa.insculpta",NA,"C","N","20090617"
"5G","1st","","bracharia.3",NA,"C","N","20090617"
"5G","1st","","bracharia.eruciformis",NA,"C","N","20090617"
"5G","1st","","chloris.sp",NA,"C","N","20090617"
"5G","1st","","cynodon.dactylon",NA,"C","N","20090617"
"5G","1st","","cynodon.plectostachyus",NA,"C","N","20090617"
"5G","1st","","cyperus...mariscus.spp",NA,"C","N","20090617"
"5G","1st","","digitaria.2",NA,"C","N","20090617"
"5G","1st","","digitaria.milanjiana",NA,"C","N","20090617"
"5G","1st","","dinebra.retroflexa",NA,"C","N","20090617"
"5G","1st","","eragrostis.tenuifolia",NA,"C","N","20090617"
"5G","1st","","harpachne.schimperi",NA,"C","N","20090617"
"5G","1st","","microchloa.kunthii",NA,"C","N","20090617"
"5G","1st","","panicum.astrosanguinum",NA,"C","N","20090617"
"5G","1st","","setaria.acromelaena..small.",NA,"C","N","20090617"
"5G","1st","","setaria.sphaecealata..big.",NA,"C","N","20090617"
"5G","1st","","sporobolus.pyramidalis",NA,"C","N","20090617"
"5G","1st","","tragus.berteronianus",NA,"C","N","20090617"
"5G","1st","","x_3",NA,"C","N","20090617"
"5G","1st","","acalypha.crenata",NA,"C","N","20090617"
"5G","1st","","aerva.lanata",NA,"C","N","20090617"
"5G","1st","","amaranthus.hibridus",NA,"C","N","20090617"
"5G","1st","","aspilia.pluriseta",NA,"C","N","20090617"
"5G","1st","","asterolinon.adoense..v.",NA,"C","N","20090617"
"5G","1st","","caralluma.acutangula",NA,"C","N","20090617"
"5G","1st","","chenopodium.opulifolium",NA,"C","N","20090617"
"5G","1st","","chenopodium.schraderianum",NA,"C","N","20090617"
"5G","1st","","commelina.spp",1,"C","N","20090617"
"5G","1st","","commicarpus.pedunculosus",NA,"C","N","20090617"
"5G","1st","","conyza.sp",NA,"C","N","20090617"
"5G","1st","","corchorus.sp",NA,"C","N","20090617"
"5G","1st","","crotelaria.sp",NA,"C","N","20090617"
"5G","1st","","cyathula.orthacantha",NA,"C","N","20090617"
"5G","1st","","dyscoriste.radicans",NA,"C","N","20090617"
"5G","1st","","euphorbia.inaequilatera",NA,"C","N","20090617"
"5G","1st","","evolvulus.alsinoides",NA,"C","N","20090617"
"5G","1st","","fern",NA,"C","N","20090617"
"5G","1st","","gutenbergia.sp",NA,"C","N","20090617"
"5G","1st","","hermannia.uhligii",NA,"C","N","20090617"
"5G","1st","","hibiscus.flavifolius",NA,"C","N","20090617"
"5G","1st","","hibiscus.trionum",NA,"C","N","20090617"
"5G","1st","","indigofera.brevicalyx",NA,"C","N","20090617"
"5G","1st","","indigofera.schimperi",NA,"C","N","20090617"
"5G","1st","","ipomea.sinensis",NA,"C","N","20090617"
"5G","1st","","justicia.dichipteroides",NA,"C","N","20090617"
"5G","1st","","k",NA,"C","N","20090617"
"5G","1st","","kyllinga.sp",NA,"C","N","20090617"
"5G","1st","","leucas.glabrata",NA,"C","N","20090617"
"5G","1st","","leucas.martiniscensis",NA,"C","N","20090617"
"5G","1st","","lily.a",NA,"C","N","20090617"
"5G","1st","","lily.b",NA,"C","N","20090617"
"5G","1st","","lippia.javanica",NA,"C","N","20090617"
"5G","1st","","melhania.spp.",NA,"C","N","20090617"
"5G","1st","","misopates.orontium",NA,"C","N","20090617"
"5G","1st","","mollugo.nudicaulis",NA,"C","N","20090617"
"5G","1st","","monechima.debile",NA,"C","N","20090617"
"5G","1st","","monsonia.augustifolia",NA,"C","N","20090617"
"5G","1st","","ocimum.sp",NA,"C","N","20090617"
"5G","1st","","osteospermum.vaillantii",NA,"C","N","20090617"
"5G","1st","","oxygonum.sinuatum",NA,"C","N","20090617"
"5G","1st","","pavonia.patens",NA,"C","N","20090617"
"5G","1st","","pelargonium.alchemilloides",NA,"C","N","20090617"
"5G","1st","","pentanisia.ouranogyne",NA,"C","N","20090617"
"5G","1st","","phyllanthus.maderaspatensis",NA,"C","N","20090617"
"5G","1st","","plectranthus.spp",NA,"C","N","20090617"
"5G","1st","","pollichia.campestris",NA,"C","N","20090617"
"5G","1st","","polygala..l.",NA,"C","N","20090617"
"5G","1st","","polygala.sphenoptera",NA,"C","N","20090617"
"5G","1st","","portulaca.oleracea",NA,"C","N","20090617"
"5G","1st","","portulaca.quadrifida",NA,"C","N","20090617"
"5G","1st","","pseudognaphalium..helichrysum.glumaceum.",NA,"C","N","20090617"
"5G","1st","","psilotrichum.schimperi",NA,"C","N","20090617"
"5G","1st","","rhinacanthus.ndorensis",NA,"C","N","20090617"
"5G","1st","","rhynchosia.holstii",NA,"C","N","20090617"
"5G","1st","","schkuhria.pinnata",NA,"C","N","20090617"
"5G","1st","","sida.2",NA,"C","N","20090617"
"5G","1st","","sida.cuneifolia",NA,"C","N","20090617"
"5G","1st","","solanum.incanum",NA,"C","N","20090617"
"5G","1st","","solanum.indicum",NA,"C","N","20090617"
"5G","1st","","tribulus.terrestris",NA,"C","N","20090617"
"5G","1st","","u",NA,"C","N","20090617"
"5G","1st","","w",NA,"C","N","20090617"
"5G","1st","","x_4",NA,"C","N","20090617"
"5G","1st","","x_5",NA,"C","N","20090617"
"5G","1st","","x_6",NA,"C","N","20090617"
"5G","1st","","x_7",NA,"C","N","20090617"
"5G","1st","","x_8",NA,"C","N","20090617"
"5I","1st","","bracharia.lacnantha",NA,"C","N","20090617"
"5I","1st","","lintonia.nutans",NA,"C","N","20090617"
"5I","1st","","pennisetum.mezianum",NA,"C","N","20090617"
"5I","1st","","pennisetum.straminium",NA,"C","N","20090617"
"5I","1st","","themeda.triandra",NA,"C","N","20090617"
"5I","1st","","bare",3,"C","N","20090617"
"5I","1st","","x_2",NA,"C","N","20090617"
"5I","1st","","aristida.kenyensis",NA,"C","N","20090617"
"5I","1st","","bothriochloa.insculpta",NA,"C","N","20090617"
"5I","1st","","bracharia.3",NA,"C","N","20090617"
"5I","1st","","bracharia.eruciformis",NA,"C","N","20090617"
"5I","1st","","chloris.sp",NA,"C","N","20090617"
"5I","1st","","cynodon.dactylon",NA,"C","N","20090617"
"5I","1st","","cynodon.plectostachyus",NA,"C","N","20090617"
"5I","1st","","cyperus...mariscus.spp",NA,"C","N","20090617"
"5I","1st","","digitaria.2",NA,"C","N","20090617"
"5I","1st","","digitaria.milanjiana",NA,"C","N","20090617"
"5I","1st","","dinebra.retroflexa",NA,"C","N","20090617"
"5I","1st","","eragrostis.tenuifolia",NA,"C","N","20090617"
"5I","1st","","harpachne.schimperi",NA,"C","N","20090617"
"5I","1st","","microchloa.kunthii",NA,"C","N","20090617"
"5I","1st","","panicum.astrosanguinum",NA,"C","N","20090617"
"5I","1st","","setaria.acromelaena..small.",NA,"C","N","20090617"
"5I","1st","","setaria.sphaecealata..big.",NA,"C","N","20090617"
"5I","1st","","sporobolus.pyramidalis",NA,"C","N","20090617"
"5I","1st","","tragus.berteronianus",NA,"C","N","20090617"
"5I","1st","","x_3",NA,"C","N","20090617"
"5I","1st","","acalypha.crenata",NA,"C","N","20090617"
"5I","1st","","aerva.lanata",NA,"C","N","20090617"
"5I","1st","","amaranthus.hibridus",NA,"C","N","20090617"
"5I","1st","","aspilia.pluriseta",NA,"C","N","20090617"
"5I","1st","","asterolinon.adoense..v.",NA,"C","N","20090617"
"5I","1st","","caralluma.acutangula",NA,"C","N","20090617"
"5I","1st","","chenopodium.opulifolium",NA,"C","N","20090617"
"5I","1st","","chenopodium.schraderianum",NA,"C","N","20090617"
"5I","1st","","commelina.spp",NA,"C","N","20090617"
"5I","1st","","commicarpus.pedunculosus",NA,"C","N","20090617"
"5I","1st","","conyza.sp",NA,"C","N","20090617"
"5I","1st","","corchorus.sp",NA,"C","N","20090617"
"5I","1st","","crotelaria.sp",NA,"C","N","20090617"
"5I","1st","","cyathula.orthacantha",NA,"C","N","20090617"
"5I","1st","","dyscoriste.radicans",NA,"C","N","20090617"
"5I","1st","","euphorbia.inaequilatera",NA,"C","N","20090617"
"5I","1st","","evolvulus.alsinoides",NA,"C","N","20090617"
"5I","1st","","fern",NA,"C","N","20090617"
"5I","1st","","gutenbergia.sp",NA,"C","N","20090617"
"5I","1st","","hermannia.uhligii",NA,"C","N","20090617"
"5I","1st","","hibiscus.flavifolius",NA,"C","N","20090617"
"5I","1st","","hibiscus.trionum",NA,"C","N","20090617"
"5I","1st","","indigofera.brevicalyx",NA,"C","N","20090617"
"5I","1st","","indigofera.schimperi",NA,"C","N","20090617"
"5I","1st","","ipomea.sinensis",NA,"C","N","20090617"
"5I","1st","","justicia.dichipteroides",NA,"C","N","20090617"
"5I","1st","","k",NA,"C","N","20090617"
"5I","1st","","kyllinga.sp",NA,"C","N","20090617"
"5I","1st","","leucas.glabrata",NA,"C","N","20090617"
"5I","1st","","leucas.martiniscensis",NA,"C","N","20090617"
"5I","1st","","lily.a",NA,"C","N","20090617"
"5I","1st","","lily.b",NA,"C","N","20090617"
"5I","1st","","lippia.javanica",NA,"C","N","20090617"
"5I","1st","","melhania.spp.",NA,"C","N","20090617"
"5I","1st","","misopates.orontium",NA,"C","N","20090617"
"5I","1st","","mollugo.nudicaulis",NA,"C","N","20090617"
"5I","1st","","monechima.debile",NA,"C","N","20090617"
"5I","1st","","monsonia.augustifolia",NA,"C","N","20090617"
"5I","1st","","ocimum.sp",NA,"C","N","20090617"
"5I","1st","","osteospermum.vaillantii",NA,"C","N","20090617"
"5I","1st","","oxygonum.sinuatum",NA,"C","N","20090617"
"5I","1st","","pavonia.patens",NA,"C","N","20090617"
"5I","1st","","pelargonium.alchemilloides",NA,"C","N","20090617"
"5I","1st","","pentanisia.ouranogyne",NA,"C","N","20090617"
"5I","1st","","phyllanthus.maderaspatensis",NA,"C","N","20090617"
"5I","1st","","plectranthus.spp",NA,"C","N","20090617"
"5I","1st","","pollichia.campestris",NA,"C","N","20090617"
"5I","1st","","polygala..l.",NA,"C","N","20090617"
"5I","1st","","polygala.sphenoptera",NA,"C","N","20090617"
"5I","1st","","portulaca.oleracea",NA,"C","N","20090617"
"5I","1st","","portulaca.quadrifida",NA,"C","N","20090617"
"5I","1st","","pseudognaphalium..helichrysum.glumaceum.",NA,"C","N","20090617"
"5I","1st","","psilotrichum.schimperi",NA,"C","N","20090617"
"5I","1st","","rhinacanthus.ndorensis",NA,"C","N","20090617"
"5I","1st","","rhynchosia.holstii",NA,"C","N","20090617"
"5I","1st","","schkuhria.pinnata",NA,"C","N","20090617"
"5I","1st","","sida.2",NA,"C","N","20090617"
"5I","1st","","sida.cuneifolia",NA,"C","N","20090617"
"5I","1st","","solanum.incanum",NA,"C","N","20090617"
"5I","1st","","solanum.indicum",NA,"C","N","20090617"
"5I","1st","","tribulus.terrestris",NA,"C","N","20090617"
"5I","1st","","u",NA,"C","N","20090617"
"5I","1st","","w",NA,"C","N","20090617"
"5I","1st","","x_4",NA,"C","N","20090617"
"5I","1st","","x_5",NA,"C","N","20090617"
"5I","1st","","x_6",NA,"C","N","20090617"
"5I","1st","","x_7",NA,"C","N","20090617"
"5I","1st","","x_8",NA,"C","N","20090617"
"6J","1st","","bracharia.lacnantha",1,"C","N","20090617"
"6J","1st","","lintonia.nutans",1,"C","N","20090617"
"6J","1st","","pennisetum.mezianum",NA,"C","N","20090617"
"6J","1st","","pennisetum.straminium",5,"C","N","20090617"
"6J","1st","","themeda.triandra",NA,"C","N","20090617"
"6J","1st","","bare",3,"C","N","20090617"
"6J","1st","","x_2",NA,"C","N","20090617"
"6J","1st","","aristida.kenyensis",NA,"C","N","20090617"
"6J","1st","","bothriochloa.insculpta",NA,"C","N","20090617"
"6J","1st","","bracharia.3",NA,"C","N","20090617"
"6J","1st","","bracharia.eruciformis",NA,"C","N","20090617"
"6J","1st","","chloris.sp",NA,"C","N","20090617"
"6J","1st","","cynodon.dactylon",NA,"C","N","20090617"
"6J","1st","","cynodon.plectostachyus",NA,"C","N","20090617"
"6J","1st","","cyperus...mariscus.spp",NA,"C","N","20090617"
"6J","1st","","digitaria.2",NA,"C","N","20090617"
"6J","1st","","digitaria.milanjiana",NA,"C","N","20090617"
"6J","1st","","dinebra.retroflexa",NA,"C","N","20090617"
"6J","1st","","eragrostis.tenuifolia",NA,"C","N","20090617"
"6J","1st","","harpachne.schimperi",NA,"C","N","20090617"
"6J","1st","","microchloa.kunthii",NA,"C","N","20090617"
"6J","1st","","panicum.astrosanguinum",NA,"C","N","20090617"
"6J","1st","","setaria.acromelaena..small.",NA,"C","N","20090617"
"6J","1st","","setaria.sphaecealata..big.",NA,"C","N","20090617"
"6J","1st","","sporobolus.pyramidalis",NA,"C","N","20090617"
"6J","1st","","tragus.berteronianus",NA,"C","N","20090617"
"6J","1st","","x_3",NA,"C","N","20090617"
"6J","1st","","acalypha.crenata",NA,"C","N","20090617"
"6J","1st","","aerva.lanata",NA,"C","N","20090617"
"6J","1st","","amaranthus.hibridus",NA,"C","N","20090617"
"6J","1st","","aspilia.pluriseta",NA,"C","N","20090617"
"6J","1st","","asterolinon.adoense..v.",NA,"C","N","20090617"
"6J","1st","","caralluma.acutangula",NA,"C","N","20090617"
"6J","1st","","chenopodium.opulifolium",NA,"C","N","20090617"
"6J","1st","","chenopodium.schraderianum",NA,"C","N","20090617"
"6J","1st","","commelina.spp",NA,"C","N","20090617"
"6J","1st","","commicarpus.pedunculosus",NA,"C","N","20090617"
"6J","1st","","conyza.sp",NA,"C","N","20090617"
"6J","1st","","corchorus.sp",NA,"C","N","20090617"
"6J","1st","","crotelaria.sp",NA,"C","N","20090617"
"6J","1st","","cyathula.orthacantha",NA,"C","N","20090617"
"6J","1st","","dyscoriste.radicans",NA,"C","N","20090617"
"6J","1st","","euphorbia.inaequilatera",NA,"C","N","20090617"
"6J","1st","","evolvulus.alsinoides",NA,"C","N","20090617"
"6J","1st","","fern",NA,"C","N","20090617"
"6J","1st","","gutenbergia.sp",NA,"C","N","20090617"
"6J","1st","","hermannia.uhligii",NA,"C","N","20090617"
"6J","1st","","hibiscus.flavifolius",NA,"C","N","20090617"
"6J","1st","","hibiscus.trionum",NA,"C","N","20090617"
"6J","1st","","indigofera.brevicalyx",NA,"C","N","20090617"
"6J","1st","","indigofera.schimperi",NA,"C","N","20090617"
"6J","1st","","ipomea.sinensis",NA,"C","N","20090617"
"6J","1st","","justicia.dichipteroides",NA,"C","N","20090617"
"6J","1st","","k",NA,"C","N","20090617"
"6J","1st","","kyllinga.sp",NA,"C","N","20090617"
"6J","1st","","leucas.glabrata",NA,"C","N","20090617"
"6J","1st","","leucas.martiniscensis",NA,"C","N","20090617"
"6J","1st","","lily.a",NA,"C","N","20090617"
"6J","1st","","lily.b",NA,"C","N","20090617"
"6J","1st","","lippia.javanica",NA,"C","N","20090617"
"6J","1st","","melhania.spp.",NA,"C","N","20090617"
"6J","1st","","misopates.orontium",NA,"C","N","20090617"
"6J","1st","","mollugo.nudicaulis",NA,"C","N","20090617"
"6J","1st","","monechima.debile",NA,"C","N","20090617"
"6J","1st","","monsonia.augustifolia",NA,"C","N","20090617"
"6J","1st","","ocimum.sp",NA,"C","N","20090617"
"6J","1st","","osteospermum.vaillantii",NA,"C","N","20090617"
"6J","1st","","oxygonum.sinuatum",NA,"C","N","20090617"
"6J","1st","","pavonia.patens",NA,"C","N","20090617"
"6J","1st","","pelargonium.alchemilloides",NA,"C","N","20090617"
"6J","1st","","pentanisia.ouranogyne",NA,"C","N","20090617"
"6J","1st","","phyllanthus.maderaspatensis",NA,"C","N","20090617"
"6J","1st","","plectranthus.spp",NA,"C","N","20090617"
"6J","1st","","pollichia.campestris",NA,"C","N","20090617"
"6J","1st","","polygala..l.",NA,"C","N","20090617"
"6J","1st","","polygala.sphenoptera",NA,"C","N","20090617"
"6J","1st","","portulaca.oleracea",NA,"C","N","20090617"
"6J","1st","","portulaca.quadrifida",NA,"C","N","20090617"
"6J","1st","","pseudognaphalium..helichrysum.glumaceum.",NA,"C","N","20090617"
"6J","1st","","psilotrichum.schimperi",NA,"C","N","20090617"
"6J","1st","","rhinacanthus.ndorensis",NA,"C","N","20090617"
"6J","1st","","rhynchosia.holstii",NA,"C","N","20090617"
"6J","1st","","schkuhria.pinnata",NA,"C","N","20090617"
"6J","1st","","sida.2",NA,"C","N","20090617"
"6J","1st","","sida.cuneifolia",NA,"C","N","20090617"
"6J","1st","","solanum.incanum",NA,"C","N","20090617"
"6J","1st","","solanum.indicum",NA,"C","N","20090617"
"6J","1st","","tribulus.terrestris",NA,"C","N","20090617"
"6J","1st","","u",NA,"C","N","20090617"
"6J","1st","","w",NA,"C","N","20090617"
"6J","1st","","x_4",NA,"C","N","20090617"
"6J","1st","","x_5",NA,"C","N","20090617"
"6J","1st","","x_6",NA,"C","N","20090617"
"6J","1st","","x_7",NA,"C","N","20090617"
"6J","1st","","x_8",NA,"C","N","20090617"
"6J","All","Lvs","bracharia.lacnantha",5,"C","N","20090617"
"6J","All","Lvs","lintonia.nutans",1,"C","N","20090617"
"6J","All","Lvs","pennisetum.mezianum",NA,"C","N","20090617"
"6J","All","Lvs","pennisetum.straminium",2,"C","N","20090617"
"6J","All","Lvs","themeda.triandra",NA,"C","N","20090617"
"6J","All","Lvs","bare",NA,"C","N","20090617"
"6J","All","Lvs","x_2",NA,"C","N","20090617"
"6J","All","Lvs","aristida.kenyensis",NA,"C","N","20090617"
"6J","All","Lvs","bothriochloa.insculpta",NA,"C","N","20090617"
"6J","All","Lvs","bracharia.3",NA,"C","N","20090617"
"6J","All","Lvs","bracharia.eruciformis",NA,"C","N","20090617"
"6J","All","Lvs","chloris.sp",NA,"C","N","20090617"
"6J","All","Lvs","cynodon.dactylon",NA,"C","N","20090617"
"6J","All","Lvs","cynodon.plectostachyus",NA,"C","N","20090617"
"6J","All","Lvs","cyperus...mariscus.spp",NA,"C","N","20090617"
"6J","All","Lvs","digitaria.2",NA,"C","N","20090617"
"6J","All","Lvs","digitaria.milanjiana",NA,"C","N","20090617"
"6J","All","Lvs","dinebra.retroflexa",NA,"C","N","20090617"
"6J","All","Lvs","eragrostis.tenuifolia",NA,"C","N","20090617"
"6J","All","Lvs","harpachne.schimperi",NA,"C","N","20090617"
"6J","All","Lvs","microchloa.kunthii",NA,"C","N","20090617"
"6J","All","Lvs","panicum.astrosanguinum",NA,"C","N","20090617"
"6J","All","Lvs","setaria.acromelaena..small.",NA,"C","N","20090617"
"6J","All","Lvs","setaria.sphaecealata..big.",NA,"C","N","20090617"
"6J","All","Lvs","sporobolus.pyramidalis",NA,"C","N","20090617"
"6J","All","Lvs","tragus.berteronianus",NA,"C","N","20090617"
"6J","All","Lvs","x_3",NA,"C","N","20090617"
"6J","All","Lvs","acalypha.crenata",NA,"C","N","20090617"
"6J","All","Lvs","aerva.lanata",NA,"C","N","20090617"
"6J","All","Lvs","amaranthus.hibridus",NA,"C","N","20090617"
"6J","All","Lvs","aspilia.pluriseta",NA,"C","N","20090617"
"6J","All","Lvs","asterolinon.adoense..v.",NA,"C","N","20090617"
"6J","All","Lvs","caralluma.acutangula",NA,"C","N","20090617"
"6J","All","Lvs","chenopodium.opulifolium",NA,"C","N","20090617"
"6J","All","Lvs","chenopodium.schraderianum",NA,"C","N","20090617"
"6J","All","Lvs","commelina.spp",NA,"C","N","20090617"
"6J","All","Lvs","commicarpus.pedunculosus",NA,"C","N","20090617"
"6J","All","Lvs","conyza.sp",NA,"C","N","20090617"
"6J","All","Lvs","corchorus.sp",NA,"C","N","20090617"
"6J","All","Lvs","crotelaria.sp",NA,"C","N","20090617"
"6J","All","Lvs","cyathula.orthacantha",NA,"C","N","20090617"
"6J","All","Lvs","dyscoriste.radicans",NA,"C","N","20090617"
"6J","All","Lvs","euphorbia.inaequilatera",NA,"C","N","20090617"
"6J","All","Lvs","evolvulus.alsinoides",NA,"C","N","20090617"
"6J","All","Lvs","fern",NA,"C","N","20090617"
"6J","All","Lvs","gutenbergia.sp",NA,"C","N","20090617"
"6J","All","Lvs","hermannia.uhligii",NA,"C","N","20090617"
"6J","All","Lvs","hibiscus.flavifolius",NA,"C","N","20090617"
"6J","All","Lvs","hibiscus.trionum",NA,"C","N","20090617"
"6J","All","Lvs","indigofera.brevicalyx",NA,"C","N","20090617"
"6J","All","Lvs","indigofera.schimperi",NA,"C","N","20090617"
"6J","All","Lvs","ipomea.sinensis",NA,"C","N","20090617"
"6J","All","Lvs","justicia.dichipteroides",NA,"C","N","20090617"
"6J","All","Lvs","k",NA,"C","N","20090617"
"6J","All","Lvs","kyllinga.sp",NA,"C","N","20090617"
"6J","All","Lvs","leucas.glabrata",NA,"C","N","20090617"
"6J","All","Lvs","leucas.martiniscensis",NA,"C","N","20090617"
"6J","All","Lvs","lily.a",NA,"C","N","20090617"
"6J","All","Lvs","lily.b",NA,"C","N","20090617"
"6J","All","Lvs","lippia.javanica",NA,"C","N","20090617"
"6J","All","Lvs","melhania.spp.",NA,"C","N","20090617"
"6J","All","Lvs","misopates.orontium",NA,"C","N","20090617"
"6J","All","Lvs","mollugo.nudicaulis",NA,"C","N","20090617"
"6J","All","Lvs","monechima.debile",NA,"C","N","20090617"
"6J","All","Lvs","monsonia.augustifolia",NA,"C","N","20090617"
"6J","All","Lvs","ocimum.sp",NA,"C","N","20090617"
"6J","All","Lvs","osteospermum.vaillantii",NA,"C","N","20090617"
"6J","All","Lvs","oxygonum.sinuatum",NA,"C","N","20090617"
"6J","All","Lvs","pavonia.patens",NA,"C","N","20090617"
"6J","All","Lvs","pelargonium.alchemilloides",NA,"C","N","20090617"
"6J","All","Lvs","pentanisia.ouranogyne",NA,"C","N","20090617"
"6J","All","Lvs","phyllanthus.maderaspatensis",NA,"C","N","20090617"
"6J","All","Lvs","plectranthus.spp",NA,"C","N","20090617"
"6J","All","Lvs","pollichia.campestris",NA,"C","N","20090617"
"6J","All","Lvs","polygala..l.",NA,"C","N","20090617"
"6J","All","Lvs","polygala.sphenoptera",NA,"C","N","20090617"
"6J","All","Lvs","portulaca.oleracea",NA,"C","N","20090617"
"6J","All","Lvs","portulaca.quadrifida",NA,"C","N","20090617"
"6J","All","Lvs","pseudognaphalium..helichrysum.glumaceum.",NA,"C","N","20090617"
"6J","All","Lvs","psilotrichum.schimperi",NA,"C","N","20090617"
"6J","All","Lvs","rhinacanthus.ndorensis",NA,"C","N","20090617"
"6J","All","Lvs","rhynchosia.holstii",NA,"C","N","20090617"
"6J","All","Lvs","schkuhria.pinnata",NA,"C","N","20090617"
"6J","All","Lvs","sida.2",NA,"C","N","20090617"
"6J","All","Lvs","sida.cuneifolia",NA,"C","N","20090617"
"6J","All","Lvs","solanum.incanum",NA,"C","N","20090617"
"6J","All","Lvs","solanum.indicum",NA,"C","N","20090617"
"6J","All","Lvs","tribulus.terrestris",NA,"C","N","20090617"
"6J","All","Lvs","u",NA,"C","N","20090617"
"6J","All","Lvs","w",NA,"C","N","20090617"
"6J","All","Lvs","x_4",NA,"C","N","20090617"
"6J","All","Lvs","x_5",NA,"C","N","20090617"
"6J","All","Lvs","x_6",NA,"C","N","20090617"
"6J","All","Lvs","x_7",NA,"C","N","20090617"
"6J","All","Lvs","x_8",NA,"C","N","20090617"
"6J","All","Stm","bracharia.lacnantha",1,"C","N","20090617"
"6J","All","Stm","lintonia.nutans",NA,"C","N","20090617"
"6J","All","Stm","pennisetum.mezianum",NA,"C","N","20090617"
"6J","All","Stm","pennisetum.straminium",12,"C","N","20090617"
"6J","All","Stm","themeda.triandra",NA,"C","N","20090617"
"6J","All","Stm","bare",NA,"C","N","20090617"
"6J","All","Stm","x_2",NA,"C","N","20090617"
"6J","All","Stm","aristida.kenyensis",NA,"C","N","20090617"
"6J","All","Stm","bothriochloa.insculpta",NA,"C","N","20090617"
"6J","All","Stm","bracharia.3",NA,"C","N","20090617"
"6J","All","Stm","bracharia.eruciformis",NA,"C","N","20090617"
"6J","All","Stm","chloris.sp",NA,"C","N","20090617"
"6J","All","Stm","cynodon.dactylon",NA,"C","N","20090617"
"6J","All","Stm","cynodon.plectostachyus",NA,"C","N","20090617"
"6J","All","Stm","cyperus...mariscus.spp",NA,"C","N","20090617"
"6J","All","Stm","digitaria.2",NA,"C","N","20090617"
"6J","All","Stm","digitaria.milanjiana",NA,"C","N","20090617"
"6J","All","Stm","dinebra.retroflexa",NA,"C","N","20090617"
"6J","All","Stm","eragrostis.tenuifolia",NA,"C","N","20090617"
"6J","All","Stm","harpachne.schimperi",NA,"C","N","20090617"
"6J","All","Stm","microchloa.kunthii",NA,"C","N","20090617"
"6J","All","Stm","panicum.astrosanguinum",NA,"C","N","20090617"
"6J","All","Stm","setaria.acromelaena..small.",NA,"C","N","20090617"
"6J","All","Stm","setaria.sphaecealata..big.",NA,"C","N","20090617"
"6J","All","Stm","sporobolus.pyramidalis",NA,"C","N","20090617"
"6J","All","Stm","tragus.berteronianus",NA,"C","N","20090617"
"6J","All","Stm","x_3",NA,"C","N","20090617"
"6J","All","Stm","acalypha.crenata",NA,"C","N","20090617"
"6J","All","Stm","aerva.lanata",NA,"C","N","20090617"
"6J","All","Stm","amaranthus.hibridus",NA,"C","N","20090617"
"6J","All","Stm","aspilia.pluriseta",NA,"C","N","20090617"
"6J","All","Stm","asterolinon.adoense..v.",NA,"C","N","20090617"
"6J","All","Stm","caralluma.acutangula",NA,"C","N","20090617"
"6J","All","Stm","chenopodium.opulifolium",NA,"C","N","20090617"
"6J","All","Stm","chenopodium.schraderianum",NA,"C","N","20090617"
"6J","All","Stm","commelina.spp",NA,"C","N","20090617"
"6J","All","Stm","commicarpus.pedunculosus",NA,"C","N","20090617"
"6J","All","Stm","conyza.sp",NA,"C","N","20090617"
"6J","All","Stm","corchorus.sp",NA,"C","N","20090617"
"6J","All","Stm","crotelaria.sp",NA,"C","N","20090617"
"6J","All","Stm","cyathula.orthacantha",NA,"C","N","20090617"
"6J","All","Stm","dyscoriste.radicans",NA,"C","N","20090617"
"6J","All","Stm","euphorbia.inaequilatera",NA,"C","N","20090617"
"6J","All","Stm","evolvulus.alsinoides",NA,"C","N","20090617"
"6J","All","Stm","fern",NA,"C","N","20090617"
"6J","All","Stm","gutenbergia.sp",NA,"C","N","20090617"
"6J","All","Stm","hermannia.uhligii",NA,"C","N","20090617"
"6J","All","Stm","hibiscus.flavifolius",NA,"C","N","20090617"
"6J","All","Stm","hibiscus.trionum",NA,"C","N","20090617"
"6J","All","Stm","indigofera.brevicalyx",NA,"C","N","20090617"
"6J","All","Stm","indigofera.schimperi",NA,"C","N","20090617"
"6J","All","Stm","ipomea.sinensis",NA,"C","N","20090617"
"6J","All","Stm","justicia.dichipteroides",NA,"C","N","20090617"
"6J","All","Stm","k",NA,"C","N","20090617"
"6J","All","Stm","kyllinga.sp",NA,"C","N","20090617"
"6J","All","Stm","leucas.glabrata",NA,"C","N","20090617"
"6J","All","Stm","leucas.martiniscensis",NA,"C","N","20090617"
"6J","All","Stm","lily.a",NA,"C","N","20090617"
"6J","All","Stm","lily.b",NA,"C","N","20090617"
"6J","All","Stm","lippia.javanica",NA,"C","N","20090617"
"6J","All","Stm","melhania.spp.",NA,"C","N","20090617"
"6J","All","Stm","misopates.orontium",NA,"C","N","20090617"
"6J","All","Stm","mollugo.nudicaulis",NA,"C","N","20090617"
"6J","All","Stm","monechima.debile",NA,"C","N","20090617"
"6J","All","Stm","monsonia.augustifolia",NA,"C","N","20090617"
"6J","All","Stm","ocimum.sp",NA,"C","N","20090617"
"6J","All","Stm","osteospermum.vaillantii",NA,"C","N","20090617"
"6J","All","Stm","oxygonum.sinuatum",NA,"C","N","20090617"
"6J","All","Stm","pavonia.patens",NA,"C","N","20090617"
"6J","All","Stm","pelargonium.alchemilloides",NA,"C","N","20090617"
"6J","All","Stm","pentanisia.ouranogyne",NA,"C","N","20090617"
"6J","All","Stm","phyllanthus.maderaspatensis",NA,"C","N","20090617"
"6J","All","Stm","plectranthus.spp",NA,"C","N","20090617"
"6J","All","Stm","pollichia.campestris",NA,"C","N","20090617"
"6J","All","Stm","polygala..l.",NA,"C","N","20090617"
"6J","All","Stm","polygala.sphenoptera",NA,"C","N","20090617"
"6J","All","Stm","portulaca.oleracea",NA,"C","N","20090617"
"6J","All","Stm","portulaca.quadrifida",NA,"C","N","20090617"
"6J","All","Stm","pseudognaphalium..helichrysum.glumaceum.",NA,"C","N","20090617"
"6J","All","Stm","psilotrichum.schimperi",NA,"C","N","20090617"
"6J","All","Stm","rhinacanthus.ndorensis",NA,"C","N","20090617"
"6J","All","Stm","rhynchosia.holstii",NA,"C","N","20090617"
"6J","All","Stm","schkuhria.pinnata",NA,"C","N","20090617"
"6J","All","Stm","sida.2",NA,"C","N","20090617"
"6J","All","Stm","sida.cuneifolia",NA,"C","N","20090617"
"6J","All","Stm","solanum.incanum",NA,"C","N","20090617"
"6J","All","Stm","solanum.indicum",NA,"C","N","20090617"
"6J","All","Stm","tribulus.terrestris",NA,"C","N","20090617"
"6J","All","Stm","u",NA,"C","N","20090617"
"6J","All","Stm","w",NA,"C","N","20090617"
"6J","All","Stm","x_4",NA,"C","N","20090617"
"6J","All","Stm","x_5",NA,"C","N","20090617"
"6J","All","Stm","x_6",NA,"C","N","20090617"
"6J","All","Stm","x_7",NA,"C","N","20090617"
"6J","All","Stm","x_8",NA,"C","N","20090617"
"6H","1st","","bracharia.lacnantha",2,"C","N","20090617"
"6H","1st","","lintonia.nutans",NA,"C","N","20090617"
"6H","1st","","pennisetum.mezianum",NA,"C","N","20090617"
"6H","1st","","pennisetum.straminium",4,"C","N","20090617"
"6H","1st","","themeda.triandra",3,"C","N","20090617"
"6H","1st","","bare",5,"C","N","20090617"
"6H","1st","","x_2",NA,"C","N","20090617"
"6H","1st","","aristida.kenyensis",NA,"C","N","20090617"
"6H","1st","","bothriochloa.insculpta",NA,"C","N","20090617"
"6H","1st","","bracharia.3",NA,"C","N","20090617"
"6H","1st","","bracharia.eruciformis",NA,"C","N","20090617"
"6H","1st","","chloris.sp",NA,"C","N","20090617"
"6H","1st","","cynodon.dactylon",NA,"C","N","20090617"
"6H","1st","","cynodon.plectostachyus",NA,"C","N","20090617"
"6H","1st","","cyperus...mariscus.spp",NA,"C","N","20090617"
"6H","1st","","digitaria.2",NA,"C","N","20090617"
"6H","1st","","digitaria.milanjiana",NA,"C","N","20090617"
"6H","1st","","dinebra.retroflexa",NA,"C","N","20090617"
"6H","1st","","eragrostis.tenuifolia",NA,"C","N","20090617"
"6H","1st","","harpachne.schimperi",NA,"C","N","20090617"
"6H","1st","","microchloa.kunthii",NA,"C","N","20090617"
"6H","1st","","panicum.astrosanguinum",NA,"C","N","20090617"
"6H","1st","","setaria.acromelaena..small.",NA,"C","N","20090617"
"6H","1st","","setaria.sphaecealata..big.",NA,"C","N","20090617"
"6H","1st","","sporobolus.pyramidalis",NA,"C","N","20090617"
"6H","1st","","tragus.berteronianus",NA,"C","N","20090617"
"6H","1st","","x_3",NA,"C","N","20090617"
"6H","1st","","acalypha.crenata",NA,"C","N","20090617"
"6H","1st","","aerva.lanata",NA,"C","N","20090617"
"6H","1st","","amaranthus.hibridus",NA,"C","N","20090617"
"6H","1st","","aspilia.pluriseta",NA,"C","N","20090617"
"6H","1st","","asterolinon.adoense..v.",NA,"C","N","20090617"
"6H","1st","","caralluma.acutangula",NA,"C","N","20090617"
"6H","1st","","chenopodium.opulifolium",NA,"C","N","20090617"
"6H","1st","","chenopodium.schraderianum",NA,"C","N","20090617"
"6H","1st","","commelina.spp",NA,"C","N","20090617"
"6H","1st","","commicarpus.pedunculosus",NA,"C","N","20090617"
"6H","1st","","conyza.sp",NA,"C","N","20090617"
"6H","1st","","corchorus.sp",NA,"C","N","20090617"
"6H","1st","","crotelaria.sp",NA,"C","N","20090617"
"6H","1st","","cyathula.orthacantha",NA,"C","N","20090617"
"6H","1st","","dyscoriste.radicans",NA,"C","N","20090617"
"6H","1st","","euphorbia.inaequilatera",NA,"C","N","20090617"
"6H","1st","","evolvulus.alsinoides",NA,"C","N","20090617"
"6H","1st","","fern",NA,"C","N","20090617"
"6H","1st","","gutenbergia.sp",NA,"C","N","20090617"
"6H","1st","","hermannia.uhligii",NA,"C","N","20090617"
"6H","1st","","hibiscus.flavifolius",NA,"C","N","20090617"
"6H","1st","","hibiscus.trionum",NA,"C","N","20090617"
"6H","1st","","indigofera.brevicalyx",NA,"C","N","20090617"
"6H","1st","","indigofera.schimperi",NA,"C","N","20090617"
"6H","1st","","ipomea.sinensis",NA,"C","N","20090617"
"6H","1st","","justicia.dichipteroides",NA,"C","N","20090617"
"6H","1st","","k",NA,"C","N","20090617"
"6H","1st","","kyllinga.sp",NA,"C","N","20090617"
"6H","1st","","leucas.glabrata",NA,"C","N","20090617"
"6H","1st","","leucas.martiniscensis",NA,"C","N","20090617"
"6H","1st","","lily.a",NA,"C","N","20090617"
"6H","1st","","lily.b",NA,"C","N","20090617"
"6H","1st","","lippia.javanica",NA,"C","N","20090617"
"6H","1st","","melhania.spp.",NA,"C","N","20090617"
"6H","1st","","misopates.orontium",NA,"C","N","20090617"
"6H","1st","","mollugo.nudicaulis",NA,"C","N","20090617"
"6H","1st","","monechima.debile",NA,"C","N","20090617"
"6H","1st","","monsonia.augustifolia",NA,"C","N","20090617"
"6H","1st","","ocimum.sp",NA,"C","N","20090617"
"6H","1st","","osteospermum.vaillantii",NA,"C","N","20090617"
"6H","1st","","oxygonum.sinuatum",NA,"C","N","20090617"
"6H","1st","","pavonia.patens",NA,"C","N","20090617"
"6H","1st","","pelargonium.alchemilloides",NA,"C","N","20090617"
"6H","1st","","pentanisia.ouranogyne",NA,"C","N","20090617"
"6H","1st","","phyllanthus.maderaspatensis",NA,"C","N","20090617"
"6H","1st","","plectranthus.spp",NA,"C","N","20090617"
"6H","1st","","pollichia.campestris",NA,"C","N","20090617"
"6H","1st","","polygala..l.",NA,"C","N","20090617"
"6H","1st","","polygala.sphenoptera",NA,"C","N","20090617"
"6H","1st","","portulaca.oleracea",NA,"C","N","20090617"
"6H","1st","","portulaca.quadrifida",NA,"C","N","20090617"
"6H","1st","","pseudognaphalium..helichrysum.glumaceum.",NA,"C","N","20090617"
"6H","1st","","psilotrichum.schimperi",NA,"C","N","20090617"
"6H","1st","","rhinacanthus.ndorensis",NA,"C","N","20090617"
"6H","1st","","rhynchosia.holstii",NA,"C","N","20090617"
"6H","1st","","schkuhria.pinnata",NA,"C","N","20090617"
"6H","1st","","sida.2",NA,"C","N","20090617"
"6H","1st","","sida.cuneifolia",NA,"C","N","20090617"
"6H","1st","","solanum.incanum",NA,"C","N","20090617"
"6H","1st","","solanum.indicum",NA,"C","N","20090617"
"6H","1st","","tribulus.terrestris",NA,"C","N","20090617"
"6H","1st","","u",NA,"C","N","20090617"
"6H","1st","","w",NA,"C","N","20090617"
"6H","1st","","x_4",NA,"C","N","20090617"
"6H","1st","","x_5",NA,"C","N","20090617"
"6H","1st","","x_6",NA,"C","N","20090617"
"6H","1st","","x_7",NA,"C","N","20090617"
"6H","1st","","x_8",NA,"C","N","20090617"
"6H","All","Lvs","bracharia.lacnantha",7,"C","N","20090617"
"6H","All","Lvs","lintonia.nutans",NA,"C","N","20090617"
"6H","All","Lvs","pennisetum.mezianum",NA,"C","N","20090617"
"6H","All","Lvs","pennisetum.straminium",5,"C","N","20090617"
"6H","All","Lvs","themeda.triandra",9,"C","N","20090617"
"6H","All","Lvs","bare",NA,"C","N","20090617"
"6H","All","Lvs","x_2",NA,"C","N","20090617"
"6H","All","Lvs","aristida.kenyensis",NA,"C","N","20090617"
"6H","All","Lvs","bothriochloa.insculpta",NA,"C","N","20090617"
"6H","All","Lvs","bracharia.3",NA,"C","N","20090617"
"6H","All","Lvs","bracharia.eruciformis",NA,"C","N","20090617"
"6H","All","Lvs","chloris.sp",NA,"C","N","20090617"
"6H","All","Lvs","cynodon.dactylon",NA,"C","N","20090617"
"6H","All","Lvs","cynodon.plectostachyus",NA,"C","N","20090617"
"6H","All","Lvs","cyperus...mariscus.spp",NA,"C","N","20090617"
"6H","All","Lvs","digitaria.2",NA,"C","N","20090617"
"6H","All","Lvs","digitaria.milanjiana",NA,"C","N","20090617"
"6H","All","Lvs","dinebra.retroflexa",NA,"C","N","20090617"
"6H","All","Lvs","eragrostis.tenuifolia",NA,"C","N","20090617"
"6H","All","Lvs","harpachne.schimperi",NA,"C","N","20090617"
"6H","All","Lvs","microchloa.kunthii",NA,"C","N","20090617"
"6H","All","Lvs","panicum.astrosanguinum",NA,"C","N","20090617"
"6H","All","Lvs","setaria.acromelaena..small.",NA,"C","N","20090617"
"6H","All","Lvs","setaria.sphaecealata..big.",NA,"C","N","20090617"
"6H","All","Lvs","sporobolus.pyramidalis",NA,"C","N","20090617"
"6H","All","Lvs","tragus.berteronianus",NA,"C","N","20090617"
"6H","All","Lvs","x_3",NA,"C","N","20090617"
"6H","All","Lvs","acalypha.crenata",NA,"C","N","20090617"
"6H","All","Lvs","aerva.lanata",NA,"C","N","20090617"
"6H","All","Lvs","amaranthus.hibridus",NA,"C","N","20090617"
"6H","All","Lvs","aspilia.pluriseta",NA,"C","N","20090617"
"6H","All","Lvs","asterolinon.adoense..v.",NA,"C","N","20090617"
"6H","All","Lvs","caralluma.acutangula",NA,"C","N","20090617"
"6H","All","Lvs","chenopodium.opulifolium",NA,"C","N","20090617"
"6H","All","Lvs","chenopodium.schraderianum",NA,"C","N","20090617"
"6H","All","Lvs","commelina.spp",NA,"C","N","20090617"
"6H","All","Lvs","commicarpus.pedunculosus",NA,"C","N","20090617"
"6H","All","Lvs","conyza.sp",NA,"C","N","20090617"
"6H","All","Lvs","corchorus.sp",NA,"C","N","20090617"
"6H","All","Lvs","crotelaria.sp",NA,"C","N","20090617"
"6H","All","Lvs","cyathula.orthacantha",NA,"C","N","20090617"
"6H","All","Lvs","dyscoriste.radicans",NA,"C","N","20090617"
"6H","All","Lvs","euphorbia.inaequilatera",NA,"C","N","20090617"
"6H","All","Lvs","evolvulus.alsinoides",NA,"C","N","20090617"
"6H","All","Lvs","fern",NA,"C","N","20090617"
"6H","All","Lvs","gutenbergia.sp",NA,"C","N","20090617"
"6H","All","Lvs","hermannia.uhligii",NA,"C","N","20090617"
"6H","All","Lvs","hibiscus.flavifolius",NA,"C","N","20090617"
"6H","All","Lvs","hibiscus.trionum",NA,"C","N","20090617"
"6H","All","Lvs","indigofera.brevicalyx",NA,"C","N","20090617"
"6H","All","Lvs","indigofera.schimperi",NA,"C","N","20090617"
"6H","All","Lvs","ipomea.sinensis",NA,"C","N","20090617"
"6H","All","Lvs","justicia.dichipteroides",NA,"C","N","20090617"
"6H","All","Lvs","k",NA,"C","N","20090617"
"6H","All","Lvs","kyllinga.sp",NA,"C","N","20090617"
"6H","All","Lvs","leucas.glabrata",NA,"C","N","20090617"
"6H","All","Lvs","leucas.martiniscensis",NA,"C","N","20090617"
"6H","All","Lvs","lily.a",NA,"C","N","20090617"
"6H","All","Lvs","lily.b",NA,"C","N","20090617"
"6H","All","Lvs","lippia.javanica",NA,"C","N","20090617"
"6H","All","Lvs","melhania.spp.",NA,"C","N","20090617"
"6H","All","Lvs","misopates.orontium",NA,"C","N","20090617"
"6H","All","Lvs","mollugo.nudicaulis",NA,"C","N","20090617"
"6H","All","Lvs","monechima.debile",NA,"C","N","20090617"
"6H","All","Lvs","monsonia.augustifolia",NA,"C","N","20090617"
"6H","All","Lvs","ocimum.sp",NA,"C","N","20090617"
"6H","All","Lvs","osteospermum.vaillantii",NA,"C","N","20090617"
"6H","All","Lvs","oxygonum.sinuatum",NA,"C","N","20090617"
"6H","All","Lvs","pavonia.patens",NA,"C","N","20090617"
"6H","All","Lvs","pelargonium.alchemilloides",NA,"C","N","20090617"
"6H","All","Lvs","pentanisia.ouranogyne",NA,"C","N","20090617"
"6H","All","Lvs","phyllanthus.maderaspatensis",NA,"C","N","20090617"
"6H","All","Lvs","plectranthus.spp",NA,"C","N","20090617"
"6H","All","Lvs","pollichia.campestris",NA,"C","N","20090617"
"6H","All","Lvs","polygala..l.",NA,"C","N","20090617"
"6H","All","Lvs","polygala.sphenoptera",NA,"C","N","20090617"
"6H","All","Lvs","portulaca.oleracea",NA,"C","N","20090617"
"6H","All","Lvs","portulaca.quadrifida",NA,"C","N","20090617"
"6H","All","Lvs","pseudognaphalium..helichrysum.glumaceum.",NA,"C","N","20090617"
"6H","All","Lvs","psilotrichum.schimperi",NA,"C","N","20090617"
"6H","All","Lvs","rhinacanthus.ndorensis",NA,"C","N","20090617"
"6H","All","Lvs","rhynchosia.holstii",NA,"C","N","20090617"
"6H","All","Lvs","schkuhria.pinnata",NA,"C","N","20090617"
"6H","All","Lvs","sida.2",NA,"C","N","20090617"
"6H","All","Lvs","sida.cuneifolia",NA,"C","N","20090617"
"6H","All","Lvs","solanum.incanum",NA,"C","N","20090617"
"6H","All","Lvs","solanum.indicum",NA,"C","N","20090617"
"6H","All","Lvs","tribulus.terrestris",NA,"C","N","20090617"
"6H","All","Lvs","u",NA,"C","N","20090617"
"6H","All","Lvs","w",NA,"C","N","20090617"
"6H","All","Lvs","x_4",NA,"C","N","20090617"
"6H","All","Lvs","x_5",NA,"C","N","20090617"
"6H","All","Lvs","x_6",NA,"C","N","20090617"
"6H","All","Lvs","x_7",NA,"C","N","20090617"
"6H","All","Lvs","x_8",NA,"C","N","20090617"
"6H","All","Stm","bracharia.lacnantha",NA,"C","N","20090617"
"6H","All","Stm","lintonia.nutans",NA,"C","N","20090617"
"6H","All","Stm","pennisetum.mezianum",NA,"C","N","20090617"
"6H","All","Stm","pennisetum.straminium",6,"C","N","20090617"
"6H","All","Stm","themeda.triandra",2,"C","N","20090617"
"6H","All","Stm","bare",NA,"C","N","20090617"
"6H","All","Stm","x_2",NA,"C","N","20090617"
"6H","All","Stm","aristida.kenyensis",NA,"C","N","20090617"
"6H","All","Stm","bothriochloa.insculpta",NA,"C","N","20090617"
"6H","All","Stm","bracharia.3",NA,"C","N","20090617"
"6H","All","Stm","bracharia.eruciformis",NA,"C","N","20090617"
"6H","All","Stm","chloris.sp",NA,"C","N","20090617"
"6H","All","Stm","cynodon.dactylon",NA,"C","N","20090617"
"6H","All","Stm","cynodon.plectostachyus",NA,"C","N","20090617"
"6H","All","Stm","cyperus...mariscus.spp",NA,"C","N","20090617"
"6H","All","Stm","digitaria.2",NA,"C","N","20090617"
"6H","All","Stm","digitaria.milanjiana",NA,"C","N","20090617"
"6H","All","Stm","dinebra.retroflexa",NA,"C","N","20090617"
"6H","All","Stm","eragrostis.tenuifolia",NA,"C","N","20090617"
"6H","All","Stm","harpachne.schimperi",NA,"C","N","20090617"
"6H","All","Stm","microchloa.kunthii",NA,"C","N","20090617"
"6H","All","Stm","panicum.astrosanguinum",NA,"C","N","20090617"
"6H","All","Stm","setaria.acromelaena..small.",NA,"C","N","20090617"
"6H","All","Stm","setaria.sphaecealata..big.",NA,"C","N","20090617"
"6H","All","Stm","sporobolus.pyramidalis",NA,"C","N","20090617"
"6H","All","Stm","tragus.berteronianus",NA,"C","N","20090617"
"6H","All","Stm","x_3",NA,"C","N","20090617"
"6H","All","Stm","acalypha.crenata",NA,"C","N","20090617"
"6H","All","Stm","aerva.lanata",NA,"C","N","20090617"
"6H","All","Stm","amaranthus.hibridus",NA,"C","N","20090617"
"6H","All","Stm","aspilia.pluriseta",NA,"C","N","20090617"
"6H","All","Stm","asterolinon.adoense..v.",NA,"C","N","20090617"
"6H","All","Stm","caralluma.acutangula",NA,"C","N","20090617"
"6H","All","Stm","chenopodium.opulifolium",NA,"C","N","20090617"
"6H","All","Stm","chenopodium.schraderianum",NA,"C","N","20090617"
"6H","All","Stm","commelina.spp",NA,"C","N","20090617"
"6H","All","Stm","commicarpus.pedunculosus",NA,"C","N","20090617"
"6H","All","Stm","conyza.sp",NA,"C","N","20090617"
"6H","All","Stm","corchorus.sp",NA,"C","N","20090617"
"6H","All","Stm","crotelaria.sp",NA,"C","N","20090617"
"6H","All","Stm","cyathula.orthacantha",NA,"C","N","20090617"
"6H","All","Stm","dyscoriste.radicans",NA,"C","N","20090617"
"6H","All","Stm","euphorbia.inaequilatera",NA,"C","N","20090617"
"6H","All","Stm","evolvulus.alsinoides",NA,"C","N","20090617"
"6H","All","Stm","fern",NA,"C","N","20090617"
"6H","All","Stm","gutenbergia.sp",NA,"C","N","20090617"
"6H","All","Stm","hermannia.uhligii",NA,"C","N","20090617"
"6H","All","Stm","hibiscus.flavifolius",NA,"C","N","20090617"
"6H","All","Stm","hibiscus.trionum",NA,"C","N","20090617"
"6H","All","Stm","indigofera.brevicalyx",NA,"C","N","20090617"
"6H","All","Stm","indigofera.schimperi",NA,"C","N","20090617"
"6H","All","Stm","ipomea.sinensis",NA,"C","N","20090617"
"6H","All","Stm","justicia.dichipteroides",NA,"C","N","20090617"
"6H","All","Stm","k",NA,"C","N","20090617"
"6H","All","Stm","kyllinga.sp",NA,"C","N","20090617"
"6H","All","Stm","leucas.glabrata",NA,"C","N","20090617"
"6H","All","Stm","leucas.martiniscensis",NA,"C","N","20090617"
"6H","All","Stm","lily.a",NA,"C","N","20090617"
"6H","All","Stm","lily.b",NA,"C","N","20090617"
"6H","All","Stm","lippia.javanica",NA,"C","N","20090617"
"6H","All","Stm","melhania.spp.",NA,"C","N","20090617"
"6H","All","Stm","misopates.orontium",NA,"C","N","20090617"
"6H","All","Stm","mollugo.nudicaulis",NA,"C","N","20090617"
"6H","All","Stm","monechima.debile",NA,"C","N","20090617"
"6H","All","Stm","monsonia.augustifolia",NA,"C","N","20090617"
"6H","All","Stm","ocimum.sp",NA,"C","N","20090617"
"6H","All","Stm","osteospermum.vaillantii",NA,"C","N","20090617"
"6H","All","Stm","oxygonum.sinuatum",NA,"C","N","20090617"
"6H","All","Stm","pavonia.patens",NA,"C","N","20090617"
"6H","All","Stm","pelargonium.alchemilloides",NA,"C","N","20090617"
"6H","All","Stm","pentanisia.ouranogyne",NA,"C","N","20090617"
"6H","All","Stm","phyllanthus.maderaspatensis",NA,"C","N","20090617"
"6H","All","Stm","plectranthus.spp",NA,"C","N","20090617"
"6H","All","Stm","pollichia.campestris",NA,"C","N","20090617"
"6H","All","Stm","polygala..l.",NA,"C","N","20090617"
"6H","All","Stm","polygala.sphenoptera",NA,"C","N","20090617"
"6H","All","Stm","portulaca.oleracea",NA,"C","N","20090617"
"6H","All","Stm","portulaca.quadrifida",NA,"C","N","20090617"
"6H","All","Stm","pseudognaphalium..helichrysum.glumaceum.",NA,"C","N","20090617"
"6H","All","Stm","psilotrichum.schimperi",NA,"C","N","20090617"
"6H","All","Stm","rhinacanthus.ndorensis",NA,"C","N","20090617"
"6H","All","Stm","rhynchosia.holstii",NA,"C","N","20090617"
"6H","All","Stm","schkuhria.pinnata",NA,"C","N","20090617"
"6H","All","Stm","sida.2",NA,"C","N","20090617"
"6H","All","Stm","sida.cuneifolia",NA,"C","N","20090617"
"6H","All","Stm","solanum.incanum",NA,"C","N","20090617"
"6H","All","Stm","solanum.indicum",NA,"C","N","20090617"
"6H","All","Stm","tribulus.terrestris",NA,"C","N","20090617"
"6H","All","Stm","u",NA,"C","N","20090617"
"6H","All","Stm","w",NA,"C","N","20090617"
"6H","All","Stm","x_4",NA,"C","N","20090617"
"6H","All","Stm","x_5",NA,"C","N","20090617"
"6H","All","Stm","x_6",NA,"C","N","20090617"
"6H","All","Stm","x_7",NA,"C","N","20090617"
"6H","All","Stm","x_8",NA,"C","N","20090617"
"6F","1st","","bracharia.lacnantha",3,"C","N","20090617"
"6F","1st","","lintonia.nutans",NA,"C","N","20090617"
"6F","1st","","pennisetum.mezianum",1,"C","N","20090617"
"6F","1st","","pennisetum.straminium",NA,"C","N","20090617"
"6F","1st","","themeda.triandra",2,"C","N","20090617"
"6F","1st","","bare",3,"C","N","20090617"
"6F","1st","","x_2",NA,"C","N","20090617"
"6F","1st","","aristida.kenyensis",NA,"C","N","20090617"
"6F","1st","","bothriochloa.insculpta",NA,"C","N","20090617"
"6F","1st","","bracharia.3",NA,"C","N","20090617"
"6F","1st","","bracharia.eruciformis",NA,"C","N","20090617"
"6F","1st","","chloris.sp",NA,"C","N","20090617"
"6F","1st","","cynodon.dactylon",NA,"C","N","20090617"
"6F","1st","","cynodon.plectostachyus",NA,"C","N","20090617"
"6F","1st","","cyperus...mariscus.spp",NA,"C","N","20090617"
"6F","1st","","digitaria.2",NA,"C","N","20090617"
"6F","1st","","digitaria.milanjiana",NA,"C","N","20090617"
"6F","1st","","dinebra.retroflexa",NA,"C","N","20090617"
"6F","1st","","eragrostis.tenuifolia",NA,"C","N","20090617"
"6F","1st","","harpachne.schimperi",NA,"C","N","20090617"
"6F","1st","","microchloa.kunthii",NA,"C","N","20090617"
"6F","1st","","panicum.astrosanguinum",NA,"C","N","20090617"
"6F","1st","","setaria.acromelaena..small.",NA,"C","N","20090617"
"6F","1st","","setaria.sphaecealata..big.",NA,"C","N","20090617"
"6F","1st","","sporobolus.pyramidalis",NA,"C","N","20090617"
"6F","1st","","tragus.berteronianus",NA,"C","N","20090617"
"6F","1st","","x_3",NA,"C","N","20090617"
"6F","1st","","acalypha.crenata",NA,"C","N","20090617"
"6F","1st","","aerva.lanata",NA,"C","N","20090617"
"6F","1st","","amaranthus.hibridus",NA,"C","N","20090617"
"6F","1st","","aspilia.pluriseta",NA,"C","N","20090617"
"6F","1st","","asterolinon.adoense..v.",NA,"C","N","20090617"
"6F","1st","","caralluma.acutangula",NA,"C","N","20090617"
"6F","1st","","chenopodium.opulifolium",NA,"C","N","20090617"
"6F","1st","","chenopodium.schraderianum",NA,"C","N","20090617"
"6F","1st","","commelina.spp",NA,"C","N","20090617"
"6F","1st","","commicarpus.pedunculosus",NA,"C","N","20090617"
"6F","1st","","conyza.sp",NA,"C","N","20090617"
"6F","1st","","corchorus.sp",NA,"C","N","20090617"
"6F","1st","","crotelaria.sp",NA,"C","N","20090617"
"6F","1st","","cyathula.orthacantha",NA,"C","N","20090617"
"6F","1st","","dyscoriste.radicans",NA,"C","N","20090617"
"6F","1st","","euphorbia.inaequilatera",NA,"C","N","20090617"
"6F","1st","","evolvulus.alsinoides",NA,"C","N","20090617"
"6F","1st","","fern",NA,"C","N","20090617"
"6F","1st","","gutenbergia.sp",NA,"C","N","20090617"
"6F","1st","","hermannia.uhligii",NA,"C","N","20090617"
"6F","1st","","hibiscus.flavifolius",NA,"C","N","20090617"
"6F","1st","","hibiscus.trionum",NA,"C","N","20090617"
"6F","1st","","indigofera.brevicalyx",NA,"C","N","20090617"
"6F","1st","","indigofera.schimperi",NA,"C","N","20090617"
"6F","1st","","ipomea.sinensis",NA,"C","N","20090617"
"6F","1st","","justicia.dichipteroides",NA,"C","N","20090617"
"6F","1st","","k",NA,"C","N","20090617"
"6F","1st","","kyllinga.sp",NA,"C","N","20090617"
"6F","1st","","leucas.glabrata",NA,"C","N","20090617"
"6F","1st","","leucas.martiniscensis",NA,"C","N","20090617"
"6F","1st","","lily.a",NA,"C","N","20090617"
"6F","1st","","lily.b",NA,"C","N","20090617"
"6F","1st","","lippia.javanica",NA,"C","N","20090617"
"6F","1st","","melhania.spp.",NA,"C","N","20090617"
"6F","1st","","misopates.orontium",NA,"C","N","20090617"
"6F","1st","","mollugo.nudicaulis",NA,"C","N","20090617"
"6F","1st","","monechima.debile",NA,"C","N","20090617"
"6F","1st","","monsonia.augustifolia",NA,"C","N","20090617"
"6F","1st","","ocimum.sp",NA,"C","N","20090617"
"6F","1st","","osteospermum.vaillantii",NA,"C","N","20090617"
"6F","1st","","oxygonum.sinuatum",NA,"C","N","20090617"
"6F","1st","","pavonia.patens",NA,"C","N","20090617"
"6F","1st","","pelargonium.alchemilloides",NA,"C","N","20090617"
"6F","1st","","pentanisia.ouranogyne",NA,"C","N","20090617"
"6F","1st","","phyllanthus.maderaspatensis",NA,"C","N","20090617"
"6F","1st","","plectranthus.spp",NA,"C","N","20090617"
"6F","1st","","pollichia.campestris",NA,"C","N","20090617"
"6F","1st","","polygala..l.",NA,"C","N","20090617"
"6F","1st","","polygala.sphenoptera",NA,"C","N","20090617"
"6F","1st","","portulaca.oleracea",NA,"C","N","20090617"
"6F","1st","","portulaca.quadrifida",NA,"C","N","20090617"
"6F","1st","","pseudognaphalium..helichrysum.glumaceum.",NA,"C","N","20090617"
"6F","1st","","psilotrichum.schimperi",NA,"C","N","20090617"
"6F","1st","","rhinacanthus.ndorensis",NA,"C","N","20090617"
"6F","1st","","rhynchosia.holstii",NA,"C","N","20090617"
"6F","1st","","schkuhria.pinnata",NA,"C","N","20090617"
"6F","1st","","sida.2",NA,"C","N","20090617"
"6F","1st","","sida.cuneifolia",NA,"C","N","20090617"
"6F","1st","","solanum.incanum",NA,"C","N","20090617"
"6F","1st","","solanum.indicum",NA,"C","N","20090617"
"6F","1st","","tribulus.terrestris",NA,"C","N","20090617"
"6F","1st","","u",NA,"C","N","20090617"
"6F","1st","","w",NA,"C","N","20090617"
"6F","1st","","x_4",NA,"C","N","20090617"
"6F","1st","","x_5",NA,"C","N","20090617"
"6F","1st","","x_6",NA,"C","N","20090617"
"6F","1st","","x_7",NA,"C","N","20090617"
"6F","1st","","x_8",NA,"C","N","20090617"
"6F","All","Lvs","bracharia.lacnantha",3,"C","N","20090617"
"6F","All","Lvs","lintonia.nutans",NA,"C","N","20090617"
"6F","All","Lvs","pennisetum.mezianum",NA,"C","N","20090617"
"6F","All","Lvs","pennisetum.straminium",NA,"C","N","20090617"
"6F","All","Lvs","themeda.triandra",1,"C","N","20090617"
"6F","All","Lvs","bare",NA,"C","N","20090617"
"6F","All","Lvs","x_2",NA,"C","N","20090617"
"6F","All","Lvs","aristida.kenyensis",NA,"C","N","20090617"
"6F","All","Lvs","bothriochloa.insculpta",NA,"C","N","20090617"
"6F","All","Lvs","bracharia.3",NA,"C","N","20090617"
"6F","All","Lvs","bracharia.eruciformis",NA,"C","N","20090617"
"6F","All","Lvs","chloris.sp",NA,"C","N","20090617"
"6F","All","Lvs","cynodon.dactylon",NA,"C","N","20090617"
"6F","All","Lvs","cynodon.plectostachyus",NA,"C","N","20090617"
"6F","All","Lvs","cyperus...mariscus.spp",NA,"C","N","20090617"
"6F","All","Lvs","digitaria.2",NA,"C","N","20090617"
"6F","All","Lvs","digitaria.milanjiana",NA,"C","N","20090617"
"6F","All","Lvs","dinebra.retroflexa",NA,"C","N","20090617"
"6F","All","Lvs","eragrostis.tenuifolia",NA,"C","N","20090617"
"6F","All","Lvs","harpachne.schimperi",NA,"C","N","20090617"
"6F","All","Lvs","microchloa.kunthii",NA,"C","N","20090617"
"6F","All","Lvs","panicum.astrosanguinum",NA,"C","N","20090617"
"6F","All","Lvs","setaria.acromelaena..small.",NA,"C","N","20090617"
"6F","All","Lvs","setaria.sphaecealata..big.",NA,"C","N","20090617"
"6F","All","Lvs","sporobolus.pyramidalis",NA,"C","N","20090617"
"6F","All","Lvs","tragus.berteronianus",NA,"C","N","20090617"
"6F","All","Lvs","x_3",NA,"C","N","20090617"
"6F","All","Lvs","acalypha.crenata",NA,"C","N","20090617"
"6F","All","Lvs","aerva.lanata",NA,"C","N","20090617"
"6F","All","Lvs","amaranthus.hibridus",NA,"C","N","20090617"
"6F","All","Lvs","aspilia.pluriseta",NA,"C","N","20090617"
"6F","All","Lvs","asterolinon.adoense..v.",NA,"C","N","20090617"
"6F","All","Lvs","caralluma.acutangula",NA,"C","N","20090617"
"6F","All","Lvs","chenopodium.opulifolium",NA,"C","N","20090617"
"6F","All","Lvs","chenopodium.schraderianum",NA,"C","N","20090617"
"6F","All","Lvs","commelina.spp",NA,"C","N","20090617"
"6F","All","Lvs","commicarpus.pedunculosus",NA,"C","N","20090617"
"6F","All","Lvs","conyza.sp",NA,"C","N","20090617"
"6F","All","Lvs","corchorus.sp",NA,"C","N","20090617"
"6F","All","Lvs","crotelaria.sp",NA,"C","N","20090617"
"6F","All","Lvs","cyathula.orthacantha",NA,"C","N","20090617"
"6F","All","Lvs","dyscoriste.radicans",NA,"C","N","20090617"
"6F","All","Lvs","euphorbia.inaequilatera",NA,"C","N","20090617"
"6F","All","Lvs","evolvulus.alsinoides",NA,"C","N","20090617"
"6F","All","Lvs","fern",NA,"C","N","20090617"
"6F","All","Lvs","gutenbergia.sp",NA,"C","N","20090617"
"6F","All","Lvs","hermannia.uhligii",NA,"C","N","20090617"
"6F","All","Lvs","hibiscus.flavifolius",NA,"C","N","20090617"
"6F","All","Lvs","hibiscus.trionum",NA,"C","N","20090617"
"6F","All","Lvs","indigofera.brevicalyx",NA,"C","N","20090617"
"6F","All","Lvs","indigofera.schimperi",NA,"C","N","20090617"
"6F","All","Lvs","ipomea.sinensis",NA,"C","N","20090617"
"6F","All","Lvs","justicia.dichipteroides",NA,"C","N","20090617"
"6F","All","Lvs","k",NA,"C","N","20090617"
"6F","All","Lvs","kyllinga.sp",NA,"C","N","20090617"
"6F","All","Lvs","leucas.glabrata",NA,"C","N","20090617"
"6F","All","Lvs","leucas.martiniscensis",NA,"C","N","20090617"
"6F","All","Lvs","lily.a",NA,"C","N","20090617"
"6F","All","Lvs","lily.b",NA,"C","N","20090617"
"6F","All","Lvs","lippia.javanica",NA,"C","N","20090617"
"6F","All","Lvs","melhania.spp.",NA,"C","N","20090617"
"6F","All","Lvs","misopates.orontium",NA,"C","N","20090617"
"6F","All","Lvs","mollugo.nudicaulis",NA,"C","N","20090617"
"6F","All","Lvs","monechima.debile",NA,"C","N","20090617"
"6F","All","Lvs","monsonia.augustifolia",NA,"C","N","20090617"
"6F","All","Lvs","ocimum.sp",NA,"C","N","20090617"
"6F","All","Lvs","osteospermum.vaillantii",NA,"C","N","20090617"
"6F","All","Lvs","oxygonum.sinuatum",NA,"C","N","20090617"
"6F","All","Lvs","pavonia.patens",NA,"C","N","20090617"
"6F","All","Lvs","pelargonium.alchemilloides",NA,"C","N","20090617"
"6F","All","Lvs","pentanisia.ouranogyne",NA,"C","N","20090617"
"6F","All","Lvs","phyllanthus.maderaspatensis",NA,"C","N","20090617"
"6F","All","Lvs","plectranthus.spp",NA,"C","N","20090617"
"6F","All","Lvs","pollichia.campestris",NA,"C","N","20090617"
"6F","All","Lvs","polygala..l.",NA,"C","N","20090617"
"6F","All","Lvs","polygala.sphenoptera",NA,"C","N","20090617"
"6F","All","Lvs","portulaca.oleracea",NA,"C","N","20090617"
"6F","All","Lvs","portulaca.quadrifida",NA,"C","N","20090617"
"6F","All","Lvs","pseudognaphalium..helichrysum.glumaceum.",NA,"C","N","20090617"
"6F","All","Lvs","psilotrichum.schimperi",NA,"C","N","20090617"
"6F","All","Lvs","rhinacanthus.ndorensis",NA,"C","N","20090617"
"6F","All","Lvs","rhynchosia.holstii",NA,"C","N","20090617"
"6F","All","Lvs","schkuhria.pinnata",NA,"C","N","20090617"
"6F","All","Lvs","sida.2",NA,"C","N","20090617"
"6F","All","Lvs","sida.cuneifolia",NA,"C","N","20090617"
"6F","All","Lvs","solanum.incanum",NA,"C","N","20090617"
"6F","All","Lvs","solanum.indicum",NA,"C","N","20090617"
"6F","All","Lvs","tribulus.terrestris",NA,"C","N","20090617"
"6F","All","Lvs","u",NA,"C","N","20090617"
"6F","All","Lvs","w",NA,"C","N","20090617"
"6F","All","Lvs","x_4",NA,"C","N","20090617"
"6F","All","Lvs","x_5",NA,"C","N","20090617"
"6F","All","Lvs","x_6",NA,"C","N","20090617"
"6F","All","Lvs","x_7",NA,"C","N","20090617"
"6F","All","Lvs","x_8",NA,"C","N","20090617"
"6F","All","Stm","bracharia.lacnantha",NA,"C","N","20090617"
"6F","All","Stm","lintonia.nutans",NA,"C","N","20090617"
"6F","All","Stm","pennisetum.mezianum",1,"C","N","20090617"
"6F","All","Stm","pennisetum.straminium",NA,"C","N","20090617"
"6F","All","Stm","themeda.triandra",2,"C","N","20090617"
"6F","All","Stm","bare",NA,"C","N","20090617"
"6F","All","Stm","x_2",NA,"C","N","20090617"
"6F","All","Stm","aristida.kenyensis",NA,"C","N","20090617"
"6F","All","Stm","bothriochloa.insculpta",NA,"C","N","20090617"
"6F","All","Stm","bracharia.3",NA,"C","N","20090617"
"6F","All","Stm","bracharia.eruciformis",NA,"C","N","20090617"
"6F","All","Stm","chloris.sp",NA,"C","N","20090617"
"6F","All","Stm","cynodon.dactylon",NA,"C","N","20090617"
"6F","All","Stm","cynodon.plectostachyus",NA,"C","N","20090617"
"6F","All","Stm","cyperus...mariscus.spp",NA,"C","N","20090617"
"6F","All","Stm","digitaria.2",NA,"C","N","20090617"
"6F","All","Stm","digitaria.milanjiana",NA,"C","N","20090617"
"6F","All","Stm","dinebra.retroflexa",NA,"C","N","20090617"
"6F","All","Stm","eragrostis.tenuifolia",NA,"C","N","20090617"
"6F","All","Stm","harpachne.schimperi",NA,"C","N","20090617"
"6F","All","Stm","microchloa.kunthii",NA,"C","N","20090617"
"6F","All","Stm","panicum.astrosanguinum",NA,"C","N","20090617"
"6F","All","Stm","setaria.acromelaena..small.",NA,"C","N","20090617"
"6F","All","Stm","setaria.sphaecealata..big.",NA,"C","N","20090617"
"6F","All","Stm","sporobolus.pyramidalis",NA,"C","N","20090617"
"6F","All","Stm","tragus.berteronianus",NA,"C","N","20090617"
"6F","All","Stm","x_3",NA,"C","N","20090617"
"6F","All","Stm","acalypha.crenata",NA,"C","N","20090617"
"6F","All","Stm","aerva.lanata",NA,"C","N","20090617"
"6F","All","Stm","amaranthus.hibridus",NA,"C","N","20090617"
"6F","All","Stm","aspilia.pluriseta",NA,"C","N","20090617"
"6F","All","Stm","asterolinon.adoense..v.",NA,"C","N","20090617"
"6F","All","Stm","caralluma.acutangula",NA,"C","N","20090617"
"6F","All","Stm","chenopodium.opulifolium",NA,"C","N","20090617"
"6F","All","Stm","chenopodium.schraderianum",NA,"C","N","20090617"
"6F","All","Stm","commelina.spp",NA,"C","N","20090617"
"6F","All","Stm","commicarpus.pedunculosus",NA,"C","N","20090617"
"6F","All","Stm","conyza.sp",NA,"C","N","20090617"
"6F","All","Stm","corchorus.sp",NA,"C","N","20090617"
"6F","All","Stm","crotelaria.sp",NA,"C","N","20090617"
"6F","All","Stm","cyathula.orthacantha",NA,"C","N","20090617"
"6F","All","Stm","dyscoriste.radicans",NA,"C","N","20090617"
"6F","All","Stm","euphorbia.inaequilatera",NA,"C","N","20090617"
"6F","All","Stm","evolvulus.alsinoides",NA,"C","N","20090617"
"6F","All","Stm","fern",NA,"C","N","20090617"
"6F","All","Stm","gutenbergia.sp",NA,"C","N","20090617"
"6F","All","Stm","hermannia.uhligii",NA,"C","N","20090617"
"6F","All","Stm","hibiscus.flavifolius",NA,"C","N","20090617"
"6F","All","Stm","hibiscus.trionum",NA,"C","N","20090617"
"6F","All","Stm","indigofera.brevicalyx",NA,"C","N","20090617"
"6F","All","Stm","indigofera.schimperi",NA,"C","N","20090617"
"6F","All","Stm","ipomea.sinensis",NA,"C","N","20090617"
"6F","All","Stm","justicia.dichipteroides",NA,"C","N","20090617"
"6F","All","Stm","k",NA,"C","N","20090617"
"6F","All","Stm","kyllinga.sp",NA,"C","N","20090617"
"6F","All","Stm","leucas.glabrata",NA,"C","N","20090617"
"6F","All","Stm","leucas.martiniscensis",NA,"C","N","20090617"
"6F","All","Stm","lily.a",NA,"C","N","20090617"
"6F","All","Stm","lily.b",NA,"C","N","20090617"
"6F","All","Stm","lippia.javanica",NA,"C","N","20090617"
"6F","All","Stm","melhania.spp.",NA,"C","N","20090617"
"6F","All","Stm","misopates.orontium",NA,"C","N","20090617"
"6F","All","Stm","mollugo.nudicaulis",NA,"C","N","20090617"
"6F","All","Stm","monechima.debile",NA,"C","N","20090617"
"6F","All","Stm","monsonia.augustifolia",NA,"C","N","20090617"
"6F","All","Stm","ocimum.sp",NA,"C","N","20090617"
"6F","All","Stm","osteospermum.vaillantii",NA,"C","N","20090617"
"6F","All","Stm","oxygonum.sinuatum",NA,"C","N","20090617"
"6F","All","Stm","pavonia.patens",NA,"C","N","20090617"
"6F","All","Stm","pelargonium.alchemilloides",NA,"C","N","20090617"
"6F","All","Stm","pentanisia.ouranogyne",NA,"C","N","20090617"
"6F","All","Stm","phyllanthus.maderaspatensis",NA,"C","N","20090617"
"6F","All","Stm","plectranthus.spp",NA,"C","N","20090617"
"6F","All","Stm","pollichia.campestris",NA,"C","N","20090617"
"6F","All","Stm","polygala..l.",NA,"C","N","20090617"
"6F","All","Stm","polygala.sphenoptera",NA,"C","N","20090617"
"6F","All","Stm","portulaca.oleracea",NA,"C","N","20090617"
"6F","All","Stm","portulaca.quadrifida",NA,"C","N","20090617"
"6F","All","Stm","pseudognaphalium..helichrysum.glumaceum.",NA,"C","N","20090617"
"6F","All","Stm","psilotrichum.schimperi",NA,"C","N","20090617"
"6F","All","Stm","rhinacanthus.ndorensis",NA,"C","N","20090617"
"6F","All","Stm","rhynchosia.holstii",NA,"C","N","20090617"
"6F","All","Stm","schkuhria.pinnata",NA,"C","N","20090617"
"6F","All","Stm","sida.2",NA,"C","N","20090617"
"6F","All","Stm","sida.cuneifolia",NA,"C","N","20090617"
"6F","All","Stm","solanum.incanum",NA,"C","N","20090617"
"6F","All","Stm","solanum.indicum",NA,"C","N","20090617"
"6F","All","Stm","tribulus.terrestris",NA,"C","N","20090617"
"6F","All","Stm","u",NA,"C","N","20090617"
"6F","All","Stm","w",NA,"C","N","20090617"
"6F","All","Stm","x_4",NA,"C","N","20090617"
"6F","All","Stm","x_5",NA,"C","N","20090617"
"6F","All","Stm","x_6",NA,"C","N","20090617"
"6F","All","Stm","x_7",NA,"C","N","20090617"
"6F","All","Stm","x_8",NA,"C","N","20090617"
"6D","1st","","bracharia.lacnantha",NA,"C","N","20090617"
"6D","1st","","lintonia.nutans",NA,"C","N","20090617"
"6D","1st","","pennisetum.mezianum",NA,"C","N","20090617"
"6D","1st","","pennisetum.straminium",NA,"C","N","20090617"
"6D","1st","","themeda.triandra",NA,"C","N","20090617"
"6D","1st","","bare",9,"C","N","20090617"
"6D","1st","","x_2",NA,"C","N","20090617"
"6D","1st","","aristida.kenyensis",NA,"C","N","20090617"
"6D","1st","","bothriochloa.insculpta",NA,"C","N","20090617"
"6D","1st","","bracharia.3",NA,"C","N","20090617"
"6D","1st","","bracharia.eruciformis",NA,"C","N","20090617"
"6D","1st","","chloris.sp",NA,"C","N","20090617"
"6D","1st","","cynodon.dactylon",NA,"C","N","20090617"
"6D","1st","","cynodon.plectostachyus",NA,"C","N","20090617"
"6D","1st","","cyperus...mariscus.spp",NA,"C","N","20090617"
"6D","1st","","digitaria.2",NA,"C","N","20090617"
"6D","1st","","digitaria.milanjiana",NA,"C","N","20090617"
"6D","1st","","dinebra.retroflexa",NA,"C","N","20090617"
"6D","1st","","eragrostis.tenuifolia",NA,"C","N","20090617"
"6D","1st","","harpachne.schimperi",NA,"C","N","20090617"
"6D","1st","","microchloa.kunthii",NA,"C","N","20090617"
"6D","1st","","panicum.astrosanguinum",NA,"C","N","20090617"
"6D","1st","","setaria.acromelaena..small.",NA,"C","N","20090617"
"6D","1st","","setaria.sphaecealata..big.",NA,"C","N","20090617"
"6D","1st","","sporobolus.pyramidalis",NA,"C","N","20090617"
"6D","1st","","tragus.berteronianus",NA,"C","N","20090617"
"6D","1st","","x_3",NA,"C","N","20090617"
"6D","1st","","acalypha.crenata",NA,"C","N","20090617"
"6D","1st","","aerva.lanata",NA,"C","N","20090617"
"6D","1st","","amaranthus.hibridus",NA,"C","N","20090617"
"6D","1st","","aspilia.pluriseta",NA,"C","N","20090617"
"6D","1st","","asterolinon.adoense..v.",NA,"C","N","20090617"
"6D","1st","","caralluma.acutangula",NA,"C","N","20090617"
"6D","1st","","chenopodium.opulifolium",NA,"C","N","20090617"
"6D","1st","","chenopodium.schraderianum",NA,"C","N","20090617"
"6D","1st","","commelina.spp",NA,"C","N","20090617"
"6D","1st","","commicarpus.pedunculosus",NA,"C","N","20090617"
"6D","1st","","conyza.sp",NA,"C","N","20090617"
"6D","1st","","corchorus.sp",NA,"C","N","20090617"
"6D","1st","","crotelaria.sp",NA,"C","N","20090617"
"6D","1st","","cyathula.orthacantha",NA,"C","N","20090617"
"6D","1st","","dyscoriste.radicans",NA,"C","N","20090617"
"6D","1st","","euphorbia.inaequilatera",NA,"C","N","20090617"
"6D","1st","","evolvulus.alsinoides",NA,"C","N","20090617"
"6D","1st","","fern",NA,"C","N","20090617"
"6D","1st","","gutenbergia.sp",NA,"C","N","20090617"
"6D","1st","","hermannia.uhligii",NA,"C","N","20090617"
"6D","1st","","hibiscus.flavifolius",NA,"C","N","20090617"
"6D","1st","","hibiscus.trionum",NA,"C","N","20090617"
"6D","1st","","indigofera.brevicalyx",NA,"C","N","20090617"
"6D","1st","","indigofera.schimperi",1,"C","N","20090617"
"6D","1st","","ipomea.sinensis",NA,"C","N","20090617"
"6D","1st","","justicia.dichipteroides",NA,"C","N","20090617"
"6D","1st","","k",NA,"C","N","20090617"
"6D","1st","","kyllinga.sp",NA,"C","N","20090617"
"6D","1st","","leucas.glabrata",NA,"C","N","20090617"
"6D","1st","","leucas.martiniscensis",NA,"C","N","20090617"
"6D","1st","","lily.a",NA,"C","N","20090617"
"6D","1st","","lily.b",NA,"C","N","20090617"
"6D","1st","","lippia.javanica",NA,"C","N","20090617"
"6D","1st","","melhania.spp.",NA,"C","N","20090617"
"6D","1st","","misopates.orontium",NA,"C","N","20090617"
"6D","1st","","mollugo.nudicaulis",NA,"C","N","20090617"
"6D","1st","","monechima.debile",NA,"C","N","20090617"
"6D","1st","","monsonia.augustifolia",NA,"C","N","20090617"
"6D","1st","","ocimum.sp",NA,"C","N","20090617"
"6D","1st","","osteospermum.vaillantii",NA,"C","N","20090617"
"6D","1st","","oxygonum.sinuatum",NA,"C","N","20090617"
"6D","1st","","pavonia.patens",NA,"C","N","20090617"
"6D","1st","","pelargonium.alchemilloides",NA,"C","N","20090617"
"6D","1st","","pentanisia.ouranogyne",NA,"C","N","20090617"
"6D","1st","","phyllanthus.maderaspatensis",NA,"C","N","20090617"
"6D","1st","","plectranthus.spp",NA,"C","N","20090617"
"6D","1st","","pollichia.campestris",NA,"C","N","20090617"
"6D","1st","","polygala..l.",NA,"C","N","20090617"
"6D","1st","","polygala.sphenoptera",NA,"C","N","20090617"
"6D","1st","","portulaca.oleracea",NA,"C","N","20090617"
"6D","1st","","portulaca.quadrifida",NA,"C","N","20090617"
"6D","1st","","pseudognaphalium..helichrysum.glumaceum.",NA,"C","N","20090617"
"6D","1st","","psilotrichum.schimperi",NA,"C","N","20090617"
"6D","1st","","rhinacanthus.ndorensis",NA,"C","N","20090617"
"6D","1st","","rhynchosia.holstii",NA,"C","N","20090617"
"6D","1st","","schkuhria.pinnata",NA,"C","N","20090617"
"6D","1st","","sida.2",NA,"C","N","20090617"
"6D","1st","","sida.cuneifolia",NA,"C","N","20090617"
"6D","1st","","solanum.incanum",NA,"C","N","20090617"
"6D","1st","","solanum.indicum",NA,"C","N","20090617"
"6D","1st","","tribulus.terrestris",NA,"C","N","20090617"
"6D","1st","","u",NA,"C","N","20090617"
"6D","1st","","w",NA,"C","N","20090617"
"6D","1st","","x_4",NA,"C","N","20090617"
"6D","1st","","x_5",NA,"C","N","20090617"
"6D","1st","","x_6",NA,"C","N","20090617"
"6D","1st","","x_7",NA,"C","N","20090617"
"6D","1st","","x_8",NA,"C","N","20090617"
"6D","All","Lvs","bracharia.lacnantha",NA,"C","N","20090617"
"6D","All","Lvs","lintonia.nutans",NA,"C","N","20090617"
"6D","All","Lvs","pennisetum.mezianum",NA,"C","N","20090617"
"6D","All","Lvs","pennisetum.straminium",NA,"C","N","20090617"
"6D","All","Lvs","themeda.triandra",NA,"C","N","20090617"
"6D","All","Lvs","bare",NA,"C","N","20090617"
"6D","All","Lvs","x_2",NA,"C","N","20090617"
"6D","All","Lvs","aristida.kenyensis",NA,"C","N","20090617"
"6D","All","Lvs","bothriochloa.insculpta",NA,"C","N","20090617"
"6D","All","Lvs","bracharia.3",NA,"C","N","20090617"
"6D","All","Lvs","bracharia.eruciformis",NA,"C","N","20090617"
"6D","All","Lvs","chloris.sp",NA,"C","N","20090617"
"6D","All","Lvs","cynodon.dactylon",NA,"C","N","20090617"
"6D","All","Lvs","cynodon.plectostachyus",NA,"C","N","20090617"
"6D","All","Lvs","cyperus...mariscus.spp",NA,"C","N","20090617"
"6D","All","Lvs","digitaria.2",NA,"C","N","20090617"
"6D","All","Lvs","digitaria.milanjiana",NA,"C","N","20090617"
"6D","All","Lvs","dinebra.retroflexa",NA,"C","N","20090617"
"6D","All","Lvs","eragrostis.tenuifolia",NA,"C","N","20090617"
"6D","All","Lvs","harpachne.schimperi",NA,"C","N","20090617"
"6D","All","Lvs","microchloa.kunthii",NA,"C","N","20090617"
"6D","All","Lvs","panicum.astrosanguinum",NA,"C","N","20090617"
"6D","All","Lvs","setaria.acromelaena..small.",NA,"C","N","20090617"
"6D","All","Lvs","setaria.sphaecealata..big.",NA,"C","N","20090617"
"6D","All","Lvs","sporobolus.pyramidalis",NA,"C","N","20090617"
"6D","All","Lvs","tragus.berteronianus",NA,"C","N","20090617"
"6D","All","Lvs","x_3",NA,"C","N","20090617"
"6D","All","Lvs","acalypha.crenata",NA,"C","N","20090617"
"6D","All","Lvs","aerva.lanata",NA,"C","N","20090617"
"6D","All","Lvs","amaranthus.hibridus",NA,"C","N","20090617"
"6D","All","Lvs","aspilia.pluriseta",NA,"C","N","20090617"
"6D","All","Lvs","asterolinon.adoense..v.",NA,"C","N","20090617"
"6D","All","Lvs","caralluma.acutangula",NA,"C","N","20090617"
"6D","All","Lvs","chenopodium.opulifolium",NA,"C","N","20090617"
"6D","All","Lvs","chenopodium.schraderianum",NA,"C","N","20090617"
"6D","All","Lvs","commelina.spp",NA,"C","N","20090617"
"6D","All","Lvs","commicarpus.pedunculosus",NA,"C","N","20090617"
"6D","All","Lvs","conyza.sp",NA,"C","N","20090617"
"6D","All","Lvs","corchorus.sp",NA,"C","N","20090617"
"6D","All","Lvs","crotelaria.sp",NA,"C","N","20090617"
"6D","All","Lvs","cyathula.orthacantha",NA,"C","N","20090617"
"6D","All","Lvs","dyscoriste.radicans",NA,"C","N","20090617"
"6D","All","Lvs","euphorbia.inaequilatera",NA,"C","N","20090617"
"6D","All","Lvs","evolvulus.alsinoides",NA,"C","N","20090617"
"6D","All","Lvs","fern",NA,"C","N","20090617"
"6D","All","Lvs","gutenbergia.sp",NA,"C","N","20090617"
"6D","All","Lvs","hermannia.uhligii",NA,"C","N","20090617"
"6D","All","Lvs","hibiscus.flavifolius",NA,"C","N","20090617"
"6D","All","Lvs","hibiscus.trionum",NA,"C","N","20090617"
"6D","All","Lvs","indigofera.brevicalyx",NA,"C","N","20090617"
"6D","All","Lvs","indigofera.schimperi",NA,"C","N","20090617"
"6D","All","Lvs","ipomea.sinensis",NA,"C","N","20090617"
"6D","All","Lvs","justicia.dichipteroides",NA,"C","N","20090617"
"6D","All","Lvs","k",NA,"C","N","20090617"
"6D","All","Lvs","kyllinga.sp",NA,"C","N","20090617"
"6D","All","Lvs","leucas.glabrata",NA,"C","N","20090617"
"6D","All","Lvs","leucas.martiniscensis",NA,"C","N","20090617"
"6D","All","Lvs","lily.a",NA,"C","N","20090617"
"6D","All","Lvs","lily.b",NA,"C","N","20090617"
"6D","All","Lvs","lippia.javanica",NA,"C","N","20090617"
"6D","All","Lvs","melhania.spp.",NA,"C","N","20090617"
"6D","All","Lvs","misopates.orontium",NA,"C","N","20090617"
"6D","All","Lvs","mollugo.nudicaulis",NA,"C","N","20090617"
"6D","All","Lvs","monechima.debile",NA,"C","N","20090617"
"6D","All","Lvs","monsonia.augustifolia",NA,"C","N","20090617"
"6D","All","Lvs","ocimum.sp",NA,"C","N","20090617"
"6D","All","Lvs","osteospermum.vaillantii",NA,"C","N","20090617"
"6D","All","Lvs","oxygonum.sinuatum",NA,"C","N","20090617"
"6D","All","Lvs","pavonia.patens",NA,"C","N","20090617"
"6D","All","Lvs","pelargonium.alchemilloides",NA,"C","N","20090617"
"6D","All","Lvs","pentanisia.ouranogyne",NA,"C","N","20090617"
"6D","All","Lvs","phyllanthus.maderaspatensis",NA,"C","N","20090617"
"6D","All","Lvs","plectranthus.spp",NA,"C","N","20090617"
"6D","All","Lvs","pollichia.campestris",NA,"C","N","20090617"
"6D","All","Lvs","polygala..l.",NA,"C","N","20090617"
"6D","All","Lvs","polygala.sphenoptera",NA,"C","N","20090617"
"6D","All","Lvs","portulaca.oleracea",NA,"C","N","20090617"
"6D","All","Lvs","portulaca.quadrifida",NA,"C","N","20090617"
"6D","All","Lvs","pseudognaphalium..helichrysum.glumaceum.",NA,"C","N","20090617"
"6D","All","Lvs","psilotrichum.schimperi",NA,"C","N","20090617"
"6D","All","Lvs","rhinacanthus.ndorensis",NA,"C","N","20090617"
"6D","All","Lvs","rhynchosia.holstii",NA,"C","N","20090617"
"6D","All","Lvs","schkuhria.pinnata",NA,"C","N","20090617"
"6D","All","Lvs","sida.2",NA,"C","N","20090617"
"6D","All","Lvs","sida.cuneifolia",NA,"C","N","20090617"
"6D","All","Lvs","solanum.incanum",NA,"C","N","20090617"
"6D","All","Lvs","solanum.indicum",NA,"C","N","20090617"
"6D","All","Lvs","tribulus.terrestris",NA,"C","N","20090617"
"6D","All","Lvs","u",NA,"C","N","20090617"
"6D","All","Lvs","w",NA,"C","N","20090617"
"6D","All","Lvs","x_4",NA,"C","N","20090617"
"6D","All","Lvs","x_5",NA,"C","N","20090617"
"6D","All","Lvs","x_6",NA,"C","N","20090617"
"6D","All","Lvs","x_7",NA,"C","N","20090617"
"6D","All","Lvs","x_8",NA,"C","N","20090617"
"6D","All","Stm","bracharia.lacnantha",NA,"C","N","20090617"
"6D","All","Stm","lintonia.nutans",NA,"C","N","20090617"
"6D","All","Stm","pennisetum.mezianum",NA,"C","N","20090617"
"6D","All","Stm","pennisetum.straminium",NA,"C","N","20090617"
"6D","All","Stm","themeda.triandra",NA,"C","N","20090617"
"6D","All","Stm","bare",NA,"C","N","20090617"
"6D","All","Stm","x_2",NA,"C","N","20090617"
"6D","All","Stm","aristida.kenyensis",NA,"C","N","20090617"
"6D","All","Stm","bothriochloa.insculpta",NA,"C","N","20090617"
"6D","All","Stm","bracharia.3",NA,"C","N","20090617"
"6D","All","Stm","bracharia.eruciformis",NA,"C","N","20090617"
"6D","All","Stm","chloris.sp",NA,"C","N","20090617"
"6D","All","Stm","cynodon.dactylon",NA,"C","N","20090617"
"6D","All","Stm","cynodon.plectostachyus",NA,"C","N","20090617"
"6D","All","Stm","cyperus...mariscus.spp",NA,"C","N","20090617"
"6D","All","Stm","digitaria.2",NA,"C","N","20090617"
"6D","All","Stm","digitaria.milanjiana",NA,"C","N","20090617"
"6D","All","Stm","dinebra.retroflexa",NA,"C","N","20090617"
"6D","All","Stm","eragrostis.tenuifolia",NA,"C","N","20090617"
"6D","All","Stm","harpachne.schimperi",NA,"C","N","20090617"
"6D","All","Stm","microchloa.kunthii",NA,"C","N","20090617"
"6D","All","Stm","panicum.astrosanguinum",NA,"C","N","20090617"
"6D","All","Stm","setaria.acromelaena..small.",NA,"C","N","20090617"
"6D","All","Stm","setaria.sphaecealata..big.",NA,"C","N","20090617"
"6D","All","Stm","sporobolus.pyramidalis",NA,"C","N","20090617"
"6D","All","Stm","tragus.berteronianus",NA,"C","N","20090617"
"6D","All","Stm","x_3",NA,"C","N","20090617"
"6D","All","Stm","acalypha.crenata",NA,"C","N","20090617"
"6D","All","Stm","aerva.lanata",NA,"C","N","20090617"
"6D","All","Stm","amaranthus.hibridus",NA,"C","N","20090617"
"6D","All","Stm","aspilia.pluriseta",NA,"C","N","20090617"
"6D","All","Stm","asterolinon.adoense..v.",NA,"C","N","20090617"
"6D","All","Stm","caralluma.acutangula",NA,"C","N","20090617"
"6D","All","Stm","chenopodium.opulifolium",NA,"C","N","20090617"
"6D","All","Stm","chenopodium.schraderianum",NA,"C","N","20090617"
"6D","All","Stm","commelina.spp",NA,"C","N","20090617"
"6D","All","Stm","commicarpus.pedunculosus",NA,"C","N","20090617"
"6D","All","Stm","conyza.sp",NA,"C","N","20090617"
"6D","All","Stm","corchorus.sp",NA,"C","N","20090617"
"6D","All","Stm","crotelaria.sp",NA,"C","N","20090617"
"6D","All","Stm","cyathula.orthacantha",NA,"C","N","20090617"
"6D","All","Stm","dyscoriste.radicans",NA,"C","N","20090617"
"6D","All","Stm","euphorbia.inaequilatera",NA,"C","N","20090617"
"6D","All","Stm","evolvulus.alsinoides",NA,"C","N","20090617"
"6D","All","Stm","fern",NA,"C","N","20090617"
"6D","All","Stm","gutenbergia.sp",NA,"C","N","20090617"
"6D","All","Stm","hermannia.uhligii",NA,"C","N","20090617"
"6D","All","Stm","hibiscus.flavifolius",NA,"C","N","20090617"
"6D","All","Stm","hibiscus.trionum",NA,"C","N","20090617"
"6D","All","Stm","indigofera.brevicalyx",NA,"C","N","20090617"
"6D","All","Stm","indigofera.schimperi",1,"C","N","20090617"
"6D","All","Stm","ipomea.sinensis",NA,"C","N","20090617"
"6D","All","Stm","justicia.dichipteroides",NA,"C","N","20090617"
"6D","All","Stm","k",NA,"C","N","20090617"
"6D","All","Stm","kyllinga.sp",NA,"C","N","20090617"
"6D","All","Stm","leucas.glabrata",NA,"C","N","20090617"
"6D","All","Stm","leucas.martiniscensis",NA,"C","N","20090617"
"6D","All","Stm","lily.a",NA,"C","N","20090617"
"6D","All","Stm","lily.b",NA,"C","N","20090617"
"6D","All","Stm","lippia.javanica",NA,"C","N","20090617"
"6D","All","Stm","melhania.spp.",NA,"C","N","20090617"
"6D","All","Stm","misopates.orontium",NA,"C","N","20090617"
"6D","All","Stm","mollugo.nudicaulis",NA,"C","N","20090617"
"6D","All","Stm","monechima.debile",NA,"C","N","20090617"
"6D","All","Stm","monsonia.augustifolia",NA,"C","N","20090617"
"6D","All","Stm","ocimum.sp",NA,"C","N","20090617"
"6D","All","Stm","osteospermum.vaillantii",NA,"C","N","20090617"
"6D","All","Stm","oxygonum.sinuatum",NA,"C","N","20090617"
"6D","All","Stm","pavonia.patens",NA,"C","N","20090617"
"6D","All","Stm","pelargonium.alchemilloides",NA,"C","N","20090617"
"6D","All","Stm","pentanisia.ouranogyne",NA,"C","N","20090617"
"6D","All","Stm","phyllanthus.maderaspatensis",NA,"C","N","20090617"
"6D","All","Stm","plectranthus.spp",NA,"C","N","20090617"
"6D","All","Stm","pollichia.campestris",NA,"C","N","20090617"
"6D","All","Stm","polygala..l.",NA,"C","N","20090617"
"6D","All","Stm","polygala.sphenoptera",NA,"C","N","20090617"
"6D","All","Stm","portulaca.oleracea",NA,"C","N","20090617"
"6D","All","Stm","portulaca.quadrifida",NA,"C","N","20090617"
"6D","All","Stm","pseudognaphalium..helichrysum.glumaceum.",NA,"C","N","20090617"
"6D","All","Stm","psilotrichum.schimperi",NA,"C","N","20090617"
"6D","All","Stm","rhinacanthus.ndorensis",NA,"C","N","20090617"
"6D","All","Stm","rhynchosia.holstii",NA,"C","N","20090617"
"6D","All","Stm","schkuhria.pinnata",NA,"C","N","20090617"
"6D","All","Stm","sida.2",NA,"C","N","20090617"
"6D","All","Stm","sida.cuneifolia",NA,"C","N","20090617"
"6D","All","Stm","solanum.incanum",NA,"C","N","20090617"
"6D","All","Stm","solanum.indicum",NA,"C","N","20090617"
"6D","All","Stm","tribulus.terrestris",NA,"C","N","20090617"
"6D","All","Stm","u",NA,"C","N","20090617"
"6D","All","Stm","w",NA,"C","N","20090617"
"6D","All","Stm","x_4",NA,"C","N","20090617"
"6D","All","Stm","x_5",NA,"C","N","20090617"
"6D","All","Stm","x_6",NA,"C","N","20090617"
"6D","All","Stm","x_7",NA,"C","N","20090617"
"6D","All","Stm","x_8",NA,"C","N","20090617"
"6B","1st","","bracharia.lacnantha",NA,"C","N","20090617"
"6B","1st","","lintonia.nutans",NA,"C","N","20090617"
"6B","1st","","pennisetum.mezianum",NA,"C","N","20090617"
"6B","1st","","pennisetum.straminium",2,"C","N","20090617"
"6B","1st","","themeda.triandra",7,"C","N","20090617"
"6B","1st","","bare",3,"C","N","20090617"
"6B","1st","","x_2",NA,"C","N","20090617"
"6B","1st","","aristida.kenyensis",NA,"C","N","20090617"
"6B","1st","","bothriochloa.insculpta",NA,"C","N","20090617"
"6B","1st","","bracharia.3",NA,"C","N","20090617"
"6B","1st","","bracharia.eruciformis",NA,"C","N","20090617"
"6B","1st","","chloris.sp",NA,"C","N","20090617"
"6B","1st","","cynodon.dactylon",NA,"C","N","20090617"
"6B","1st","","cynodon.plectostachyus",NA,"C","N","20090617"
"6B","1st","","cyperus...mariscus.spp",NA,"C","N","20090617"
"6B","1st","","digitaria.2",NA,"C","N","20090617"
"6B","1st","","digitaria.milanjiana",NA,"C","N","20090617"
"6B","1st","","dinebra.retroflexa",NA,"C","N","20090617"
"6B","1st","","eragrostis.tenuifolia",NA,"C","N","20090617"
"6B","1st","","harpachne.schimperi",NA,"C","N","20090617"
"6B","1st","","microchloa.kunthii",NA,"C","N","20090617"
"6B","1st","","panicum.astrosanguinum",NA,"C","N","20090617"
"6B","1st","","setaria.acromelaena..small.",NA,"C","N","20090617"
"6B","1st","","setaria.sphaecealata..big.",NA,"C","N","20090617"
"6B","1st","","sporobolus.pyramidalis",NA,"C","N","20090617"
"6B","1st","","tragus.berteronianus",NA,"C","N","20090617"
"6B","1st","","x_3",NA,"C","N","20090617"
"6B","1st","","acalypha.crenata",NA,"C","N","20090617"
"6B","1st","","aerva.lanata",NA,"C","N","20090617"
"6B","1st","","amaranthus.hibridus",NA,"C","N","20090617"
"6B","1st","","aspilia.pluriseta",NA,"C","N","20090617"
"6B","1st","","asterolinon.adoense..v.",NA,"C","N","20090617"
"6B","1st","","caralluma.acutangula",NA,"C","N","20090617"
"6B","1st","","chenopodium.opulifolium",NA,"C","N","20090617"
"6B","1st","","chenopodium.schraderianum",NA,"C","N","20090617"
"6B","1st","","commelina.spp",NA,"C","N","20090617"
"6B","1st","","commicarpus.pedunculosus",NA,"C","N","20090617"
"6B","1st","","conyza.sp",NA,"C","N","20090617"
"6B","1st","","corchorus.sp",NA,"C","N","20090617"
"6B","1st","","crotelaria.sp",NA,"C","N","20090617"
"6B","1st","","cyathula.orthacantha",NA,"C","N","20090617"
"6B","1st","","dyscoriste.radicans",NA,"C","N","20090617"
"6B","1st","","euphorbia.inaequilatera",NA,"C","N","20090617"
"6B","1st","","evolvulus.alsinoides",NA,"C","N","20090617"
"6B","1st","","fern",NA,"C","N","20090617"
"6B","1st","","gutenbergia.sp",NA,"C","N","20090617"
"6B","1st","","hermannia.uhligii",NA,"C","N","20090617"
"6B","1st","","hibiscus.flavifolius",NA,"C","N","20090617"
"6B","1st","","hibiscus.trionum",NA,"C","N","20090617"
"6B","1st","","indigofera.brevicalyx",NA,"C","N","20090617"
"6B","1st","","indigofera.schimperi",NA,"C","N","20090617"
"6B","1st","","ipomea.sinensis",NA,"C","N","20090617"
"6B","1st","","justicia.dichipteroides",NA,"C","N","20090617"
"6B","1st","","k",NA,"C","N","20090617"
"6B","1st","","kyllinga.sp",NA,"C","N","20090617"
"6B","1st","","leucas.glabrata",NA,"C","N","20090617"
"6B","1st","","leucas.martiniscensis",NA,"C","N","20090617"
"6B","1st","","lily.a",NA,"C","N","20090617"
"6B","1st","","lily.b",NA,"C","N","20090617"
"6B","1st","","lippia.javanica",NA,"C","N","20090617"
"6B","1st","","melhania.spp.",NA,"C","N","20090617"
"6B","1st","","misopates.orontium",NA,"C","N","20090617"
"6B","1st","","mollugo.nudicaulis",NA,"C","N","20090617"
"6B","1st","","monechima.debile",NA,"C","N","20090617"
"6B","1st","","monsonia.augustifolia",NA,"C","N","20090617"
"6B","1st","","ocimum.sp",NA,"C","N","20090617"
"6B","1st","","osteospermum.vaillantii",NA,"C","N","20090617"
"6B","1st","","oxygonum.sinuatum",NA,"C","N","20090617"
"6B","1st","","pavonia.patens",NA,"C","N","20090617"
"6B","1st","","pelargonium.alchemilloides",NA,"C","N","20090617"
"6B","1st","","pentanisia.ouranogyne",NA,"C","N","20090617"
"6B","1st","","phyllanthus.maderaspatensis",NA,"C","N","20090617"
"6B","1st","","plectranthus.spp",NA,"C","N","20090617"
"6B","1st","","pollichia.campestris",NA,"C","N","20090617"
"6B","1st","","polygala..l.",NA,"C","N","20090617"
"6B","1st","","polygala.sphenoptera",NA,"C","N","20090617"
"6B","1st","","portulaca.oleracea",NA,"C","N","20090617"
"6B","1st","","portulaca.quadrifida",NA,"C","N","20090617"
"6B","1st","","pseudognaphalium..helichrysum.glumaceum.",NA,"C","N","20090617"
"6B","1st","","psilotrichum.schimperi",NA,"C","N","20090617"
"6B","1st","","rhinacanthus.ndorensis",NA,"C","N","20090617"
"6B","1st","","rhynchosia.holstii",NA,"C","N","20090617"
"6B","1st","","schkuhria.pinnata",NA,"C","N","20090617"
"6B","1st","","sida.2",NA,"C","N","20090617"
"6B","1st","","sida.cuneifolia",NA,"C","N","20090617"
"6B","1st","","solanum.incanum",NA,"C","N","20090617"
"6B","1st","","solanum.indicum",NA,"C","N","20090617"
"6B","1st","","tribulus.terrestris",NA,"C","N","20090617"
"6B","1st","","u",NA,"C","N","20090617"
"6B","1st","","w",NA,"C","N","20090617"
"6B","1st","","x_4",NA,"C","N","20090617"
"6B","1st","","x_5",NA,"C","N","20090617"
"6B","1st","","x_6",NA,"C","N","20090617"
"6B","1st","","x_7",NA,"C","N","20090617"
"6B","1st","","x_8",NA,"C","N","20090617"
"6B","All","Lvs","bracharia.lacnantha",NA,"C","N","20090617"
"6B","All","Lvs","lintonia.nutans",NA,"C","N","20090617"
"6B","All","Lvs","pennisetum.mezianum",NA,"C","N","20090617"
"6B","All","Lvs","pennisetum.straminium",1,"C","N","20090617"
"6B","All","Lvs","themeda.triandra",10,"C","N","20090617"
"6B","All","Lvs","bare",NA,"C","N","20090617"
"6B","All","Lvs","x_2",NA,"C","N","20090617"
"6B","All","Lvs","aristida.kenyensis",NA,"C","N","20090617"
"6B","All","Lvs","bothriochloa.insculpta",NA,"C","N","20090617"
"6B","All","Lvs","bracharia.3",NA,"C","N","20090617"
"6B","All","Lvs","bracharia.eruciformis",NA,"C","N","20090617"
"6B","All","Lvs","chloris.sp",NA,"C","N","20090617"
"6B","All","Lvs","cynodon.dactylon",NA,"C","N","20090617"
"6B","All","Lvs","cynodon.plectostachyus",NA,"C","N","20090617"
"6B","All","Lvs","cyperus...mariscus.spp",NA,"C","N","20090617"
"6B","All","Lvs","digitaria.2",NA,"C","N","20090617"
"6B","All","Lvs","digitaria.milanjiana",NA,"C","N","20090617"
"6B","All","Lvs","dinebra.retroflexa",NA,"C","N","20090617"
"6B","All","Lvs","eragrostis.tenuifolia",NA,"C","N","20090617"
"6B","All","Lvs","harpachne.schimperi",NA,"C","N","20090617"
"6B","All","Lvs","microchloa.kunthii",NA,"C","N","20090617"
"6B","All","Lvs","panicum.astrosanguinum",NA,"C","N","20090617"
"6B","All","Lvs","setaria.acromelaena..small.",NA,"C","N","20090617"
"6B","All","Lvs","setaria.sphaecealata..big.",NA,"C","N","20090617"
"6B","All","Lvs","sporobolus.pyramidalis",NA,"C","N","20090617"
"6B","All","Lvs","tragus.berteronianus",NA,"C","N","20090617"
"6B","All","Lvs","x_3",NA,"C","N","20090617"
"6B","All","Lvs","acalypha.crenata",NA,"C","N","20090617"
"6B","All","Lvs","aerva.lanata",NA,"C","N","20090617"
"6B","All","Lvs","amaranthus.hibridus",NA,"C","N","20090617"
"6B","All","Lvs","aspilia.pluriseta",NA,"C","N","20090617"
"6B","All","Lvs","asterolinon.adoense..v.",NA,"C","N","20090617"
"6B","All","Lvs","caralluma.acutangula",NA,"C","N","20090617"
"6B","All","Lvs","chenopodium.opulifolium",NA,"C","N","20090617"
"6B","All","Lvs","chenopodium.schraderianum",NA,"C","N","20090617"
"6B","All","Lvs","commelina.spp",NA,"C","N","20090617"
"6B","All","Lvs","commicarpus.pedunculosus",NA,"C","N","20090617"
"6B","All","Lvs","conyza.sp",NA,"C","N","20090617"
"6B","All","Lvs","corchorus.sp",NA,"C","N","20090617"
"6B","All","Lvs","crotelaria.sp",NA,"C","N","20090617"
"6B","All","Lvs","cyathula.orthacantha",NA,"C","N","20090617"
"6B","All","Lvs","dyscoriste.radicans",NA,"C","N","20090617"
"6B","All","Lvs","euphorbia.inaequilatera",NA,"C","N","20090617"
"6B","All","Lvs","evolvulus.alsinoides",NA,"C","N","20090617"
"6B","All","Lvs","fern",NA,"C","N","20090617"
"6B","All","Lvs","gutenbergia.sp",NA,"C","N","20090617"
"6B","All","Lvs","hermannia.uhligii",NA,"C","N","20090617"
"6B","All","Lvs","hibiscus.flavifolius",NA,"C","N","20090617"
"6B","All","Lvs","hibiscus.trionum",NA,"C","N","20090617"
"6B","All","Lvs","indigofera.brevicalyx",NA,"C","N","20090617"
"6B","All","Lvs","indigofera.schimperi",NA,"C","N","20090617"
"6B","All","Lvs","ipomea.sinensis",NA,"C","N","20090617"
"6B","All","Lvs","justicia.dichipteroides",NA,"C","N","20090617"
"6B","All","Lvs","k",NA,"C","N","20090617"
"6B","All","Lvs","kyllinga.sp",NA,"C","N","20090617"
"6B","All","Lvs","leucas.glabrata",NA,"C","N","20090617"
"6B","All","Lvs","leucas.martiniscensis",NA,"C","N","20090617"
"6B","All","Lvs","lily.a",NA,"C","N","20090617"
"6B","All","Lvs","lily.b",NA,"C","N","20090617"
"6B","All","Lvs","lippia.javanica",NA,"C","N","20090617"
"6B","All","Lvs","melhania.spp.",NA,"C","N","20090617"
"6B","All","Lvs","misopates.orontium",NA,"C","N","20090617"
"6B","All","Lvs","mollugo.nudicaulis",NA,"C","N","20090617"
"6B","All","Lvs","monechima.debile",NA,"C","N","20090617"
"6B","All","Lvs","monsonia.augustifolia",NA,"C","N","20090617"
"6B","All","Lvs","ocimum.sp",NA,"C","N","20090617"
"6B","All","Lvs","osteospermum.vaillantii",NA,"C","N","20090617"
"6B","All","Lvs","oxygonum.sinuatum",NA,"C","N","20090617"
"6B","All","Lvs","pavonia.patens",NA,"C","N","20090617"
"6B","All","Lvs","pelargonium.alchemilloides",NA,"C","N","20090617"
"6B","All","Lvs","pentanisia.ouranogyne",NA,"C","N","20090617"
"6B","All","Lvs","phyllanthus.maderaspatensis",NA,"C","N","20090617"
"6B","All","Lvs","plectranthus.spp",NA,"C","N","20090617"
"6B","All","Lvs","pollichia.campestris",NA,"C","N","20090617"
"6B","All","Lvs","polygala..l.",NA,"C","N","20090617"
"6B","All","Lvs","polygala.sphenoptera",NA,"C","N","20090617"
"6B","All","Lvs","portulaca.oleracea",NA,"C","N","20090617"
"6B","All","Lvs","portulaca.quadrifida",NA,"C","N","20090617"
"6B","All","Lvs","pseudognaphalium..helichrysum.glumaceum.",NA,"C","N","20090617"
"6B","All","Lvs","psilotrichum.schimperi",NA,"C","N","20090617"
"6B","All","Lvs","rhinacanthus.ndorensis",NA,"C","N","20090617"
"6B","All","Lvs","rhynchosia.holstii",NA,"C","N","20090617"
"6B","All","Lvs","schkuhria.pinnata",NA,"C","N","20090617"
"6B","All","Lvs","sida.2",NA,"C","N","20090617"
"6B","All","Lvs","sida.cuneifolia",NA,"C","N","20090617"
"6B","All","Lvs","solanum.incanum",NA,"C","N","20090617"
"6B","All","Lvs","solanum.indicum",NA,"C","N","20090617"
"6B","All","Lvs","tribulus.terrestris",NA,"C","N","20090617"
"6B","All","Lvs","u",NA,"C","N","20090617"
"6B","All","Lvs","w",NA,"C","N","20090617"
"6B","All","Lvs","x_4",NA,"C","N","20090617"
"6B","All","Lvs","x_5",NA,"C","N","20090617"
"6B","All","Lvs","x_6",NA,"C","N","20090617"
"6B","All","Lvs","x_7",NA,"C","N","20090617"
"6B","All","Lvs","x_8",NA,"C","N","20090617"
"6B","All","Stm","bracharia.lacnantha",NA,"C","N","20090617"
"6B","All","Stm","lintonia.nutans",NA,"C","N","20090617"
"6B","All","Stm","pennisetum.mezianum",NA,"C","N","20090617"
"6B","All","Stm","pennisetum.straminium",1,"C","N","20090617"
"6B","All","Stm","themeda.triandra",NA,"C","N","20090617"
"6B","All","Stm","bare",NA,"C","N","20090617"
"6B","All","Stm","x_2",NA,"C","N","20090617"
"6B","All","Stm","aristida.kenyensis",NA,"C","N","20090617"
"6B","All","Stm","bothriochloa.insculpta",NA,"C","N","20090617"
"6B","All","Stm","bracharia.3",NA,"C","N","20090617"
"6B","All","Stm","bracharia.eruciformis",NA,"C","N","20090617"
"6B","All","Stm","chloris.sp",NA,"C","N","20090617"
"6B","All","Stm","cynodon.dactylon",NA,"C","N","20090617"
"6B","All","Stm","cynodon.plectostachyus",NA,"C","N","20090617"
"6B","All","Stm","cyperus...mariscus.spp",NA,"C","N","20090617"
"6B","All","Stm","digitaria.2",NA,"C","N","20090617"
"6B","All","Stm","digitaria.milanjiana",NA,"C","N","20090617"
"6B","All","Stm","dinebra.retroflexa",NA,"C","N","20090617"
"6B","All","Stm","eragrostis.tenuifolia",NA,"C","N","20090617"
"6B","All","Stm","harpachne.schimperi",NA,"C","N","20090617"
"6B","All","Stm","microchloa.kunthii",NA,"C","N","20090617"
"6B","All","Stm","panicum.astrosanguinum",NA,"C","N","20090617"
"6B","All","Stm","setaria.acromelaena..small.",NA,"C","N","20090617"
"6B","All","Stm","setaria.sphaecealata..big.",NA,"C","N","20090617"
"6B","All","Stm","sporobolus.pyramidalis",NA,"C","N","20090617"
"6B","All","Stm","tragus.berteronianus",NA,"C","N","20090617"
"6B","All","Stm","x_3",NA,"C","N","20090617"
"6B","All","Stm","acalypha.crenata",NA,"C","N","20090617"
"6B","All","Stm","aerva.lanata",NA,"C","N","20090617"
"6B","All","Stm","amaranthus.hibridus",NA,"C","N","20090617"
"6B","All","Stm","aspilia.pluriseta",NA,"C","N","20090617"
"6B","All","Stm","asterolinon.adoense..v.",NA,"C","N","20090617"
"6B","All","Stm","caralluma.acutangula",NA,"C","N","20090617"
"6B","All","Stm","chenopodium.opulifolium",NA,"C","N","20090617"
"6B","All","Stm","chenopodium.schraderianum",NA,"C","N","20090617"
"6B","All","Stm","commelina.spp",NA,"C","N","20090617"
"6B","All","Stm","commicarpus.pedunculosus",NA,"C","N","20090617"
"6B","All","Stm","conyza.sp",NA,"C","N","20090617"
"6B","All","Stm","corchorus.sp",NA,"C","N","20090617"
"6B","All","Stm","crotelaria.sp",NA,"C","N","20090617"
"6B","All","Stm","cyathula.orthacantha",NA,"C","N","20090617"
"6B","All","Stm","dyscoriste.radicans",NA,"C","N","20090617"
"6B","All","Stm","euphorbia.inaequilatera",NA,"C","N","20090617"
"6B","All","Stm","evolvulus.alsinoides",NA,"C","N","20090617"
"6B","All","Stm","fern",NA,"C","N","20090617"
"6B","All","Stm","gutenbergia.sp",NA,"C","N","20090617"
"6B","All","Stm","hermannia.uhligii",NA,"C","N","20090617"
"6B","All","Stm","hibiscus.flavifolius",NA,"C","N","20090617"
"6B","All","Stm","hibiscus.trionum",NA,"C","N","20090617"
"6B","All","Stm","indigofera.brevicalyx",NA,"C","N","20090617"
"6B","All","Stm","indigofera.schimperi",NA,"C","N","20090617"
"6B","All","Stm","ipomea.sinensis",NA,"C","N","20090617"
"6B","All","Stm","justicia.dichipteroides",NA,"C","N","20090617"
"6B","All","Stm","k",NA,"C","N","20090617"
"6B","All","Stm","kyllinga.sp",NA,"C","N","20090617"
"6B","All","Stm","leucas.glabrata",NA,"C","N","20090617"
"6B","All","Stm","leucas.martiniscensis",NA,"C","N","20090617"
"6B","All","Stm","lily.a",NA,"C","N","20090617"
"6B","All","Stm","lily.b",NA,"C","N","20090617"
"6B","All","Stm","lippia.javanica",NA,"C","N","20090617"
"6B","All","Stm","melhania.spp.",NA,"C","N","20090617"
"6B","All","Stm","misopates.orontium",NA,"C","N","20090617"
"6B","All","Stm","mollugo.nudicaulis",NA,"C","N","20090617"
"6B","All","Stm","monechima.debile",NA,"C","N","20090617"
"6B","All","Stm","monsonia.augustifolia",NA,"C","N","20090617"
"6B","All","Stm","ocimum.sp",NA,"C","N","20090617"
"6B","All","Stm","osteospermum.vaillantii",NA,"C","N","20090617"
"6B","All","Stm","oxygonum.sinuatum",NA,"C","N","20090617"
"6B","All","Stm","pavonia.patens",NA,"C","N","20090617"
"6B","All","Stm","pelargonium.alchemilloides",NA,"C","N","20090617"
"6B","All","Stm","pentanisia.ouranogyne",NA,"C","N","20090617"
"6B","All","Stm","phyllanthus.maderaspatensis",NA,"C","N","20090617"
"6B","All","Stm","plectranthus.spp",NA,"C","N","20090617"
"6B","All","Stm","pollichia.campestris",NA,"C","N","20090617"
"6B","All","Stm","polygala..l.",NA,"C","N","20090617"
"6B","All","Stm","polygala.sphenoptera",NA,"C","N","20090617"
"6B","All","Stm","portulaca.oleracea",NA,"C","N","20090617"
"6B","All","Stm","portulaca.quadrifida",NA,"C","N","20090617"
"6B","All","Stm","pseudognaphalium..helichrysum.glumaceum.",NA,"C","N","20090617"
"6B","All","Stm","psilotrichum.schimperi",NA,"C","N","20090617"
"6B","All","Stm","rhinacanthus.ndorensis",NA,"C","N","20090617"
"6B","All","Stm","rhynchosia.holstii",NA,"C","N","20090617"
"6B","All","Stm","schkuhria.pinnata",NA,"C","N","20090617"
"6B","All","Stm","sida.2",NA,"C","N","20090617"
"6B","All","Stm","sida.cuneifolia",NA,"C","N","20090617"
"6B","All","Stm","solanum.incanum",NA,"C","N","20090617"
"6B","All","Stm","solanum.indicum",NA,"C","N","20090617"
"6B","All","Stm","tribulus.terrestris",NA,"C","N","20090617"
"6B","All","Stm","u",NA,"C","N","20090617"
"6B","All","Stm","w",NA,"C","N","20090617"
"6B","All","Stm","x_4",NA,"C","N","20090617"
"6B","All","Stm","x_5",NA,"C","N","20090617"
"6B","All","Stm","x_6",NA,"C","N","20090617"
"6B","All","Stm","x_7",NA,"C","N","20090617"
"6B","All","Stm","x_8",NA,"C","N","20090617"
"7A","1st","","bracharia.lacnantha",NA,"C","N","20090617"
"7A","1st","","lintonia.nutans",NA,"C","N","20090617"
"7A","1st","","pennisetum.mezianum",NA,"C","N","20090617"
"7A","1st","","pennisetum.straminium",NA,"C","N","20090617"
"7A","1st","","themeda.triandra",NA,"C","N","20090617"
"7A","1st","","bare",7,"C","N","20090617"
"7A","1st","","x_2",NA,"C","N","20090617"
"7A","1st","","aristida.kenyensis",NA,"C","N","20090617"
"7A","1st","","bothriochloa.insculpta",NA,"C","N","20090617"
"7A","1st","","bracharia.3",NA,"C","N","20090617"
"7A","1st","","bracharia.eruciformis",NA,"C","N","20090617"
"7A","1st","","chloris.sp",NA,"C","N","20090617"
"7A","1st","","cynodon.dactylon",NA,"C","N","20090617"
"7A","1st","","cynodon.plectostachyus",NA,"C","N","20090617"
"7A","1st","","cyperus...mariscus.spp",NA,"C","N","20090617"
"7A","1st","","digitaria.2",NA,"C","N","20090617"
"7A","1st","","digitaria.milanjiana",NA,"C","N","20090617"
"7A","1st","","dinebra.retroflexa",NA,"C","N","20090617"
"7A","1st","","eragrostis.tenuifolia",NA,"C","N","20090617"
"7A","1st","","harpachne.schimperi",NA,"C","N","20090617"
"7A","1st","","microchloa.kunthii",NA,"C","N","20090617"
"7A","1st","","panicum.astrosanguinum",NA,"C","N","20090617"
"7A","1st","","setaria.acromelaena..small.",NA,"C","N","20090617"
"7A","1st","","setaria.sphaecealata..big.",NA,"C","N","20090617"
"7A","1st","","sporobolus.pyramidalis",NA,"C","N","20090617"
"7A","1st","","tragus.berteronianus",NA,"C","N","20090617"
"7A","1st","","x_3",NA,"C","N","20090617"
"7A","1st","","acalypha.crenata",NA,"C","N","20090617"
"7A","1st","","aerva.lanata",NA,"C","N","20090617"
"7A","1st","","amaranthus.hibridus",NA,"C","N","20090617"
"7A","1st","","aspilia.pluriseta",NA,"C","N","20090617"
"7A","1st","","asterolinon.adoense..v.",NA,"C","N","20090617"
"7A","1st","","caralluma.acutangula",NA,"C","N","20090617"
"7A","1st","","chenopodium.opulifolium",NA,"C","N","20090617"
"7A","1st","","chenopodium.schraderianum",NA,"C","N","20090617"
"7A","1st","","commelina.spp",NA,"C","N","20090617"
"7A","1st","","commicarpus.pedunculosus",NA,"C","N","20090617"
"7A","1st","","conyza.sp",NA,"C","N","20090617"
"7A","1st","","corchorus.sp",NA,"C","N","20090617"
"7A","1st","","crotelaria.sp",NA,"C","N","20090617"
"7A","1st","","cyathula.orthacantha",NA,"C","N","20090617"
"7A","1st","","dyscoriste.radicans",NA,"C","N","20090617"
"7A","1st","","euphorbia.inaequilatera",NA,"C","N","20090617"
"7A","1st","","evolvulus.alsinoides",NA,"C","N","20090617"
"7A","1st","","fern",NA,"C","N","20090617"
"7A","1st","","gutenbergia.sp",NA,"C","N","20090617"
"7A","1st","","hermannia.uhligii",NA,"C","N","20090617"
"7A","1st","","hibiscus.flavifolius",NA,"C","N","20090617"
"7A","1st","","hibiscus.trionum",NA,"C","N","20090617"
"7A","1st","","indigofera.brevicalyx",NA,"C","N","20090617"
"7A","1st","","indigofera.schimperi",NA,"C","N","20090617"
"7A","1st","","ipomea.sinensis",NA,"C","N","20090617"
"7A","1st","","justicia.dichipteroides",NA,"C","N","20090617"
"7A","1st","","k",NA,"C","N","20090617"
"7A","1st","","kyllinga.sp",NA,"C","N","20090617"
"7A","1st","","leucas.glabrata",NA,"C","N","20090617"
"7A","1st","","leucas.martiniscensis",NA,"C","N","20090617"
"7A","1st","","lily.a",NA,"C","N","20090617"
"7A","1st","","lily.b",NA,"C","N","20090617"
"7A","1st","","lippia.javanica",NA,"C","N","20090617"
"7A","1st","","melhania.spp.",NA,"C","N","20090617"
"7A","1st","","misopates.orontium",NA,"C","N","20090617"
"7A","1st","","mollugo.nudicaulis",NA,"C","N","20090617"
"7A","1st","","monechima.debile",NA,"C","N","20090617"
"7A","1st","","monsonia.augustifolia",NA,"C","N","20090617"
"7A","1st","","ocimum.sp",NA,"C","N","20090617"
"7A","1st","","osteospermum.vaillantii",NA,"C","N","20090617"
"7A","1st","","oxygonum.sinuatum",NA,"C","N","20090617"
"7A","1st","","pavonia.patens",NA,"C","N","20090617"
"7A","1st","","pelargonium.alchemilloides",NA,"C","N","20090617"
"7A","1st","","pentanisia.ouranogyne",NA,"C","N","20090617"
"7A","1st","","phyllanthus.maderaspatensis",NA,"C","N","20090617"
"7A","1st","","plectranthus.spp",NA,"C","N","20090617"
"7A","1st","","pollichia.campestris",NA,"C","N","20090617"
"7A","1st","","polygala..l.",NA,"C","N","20090617"
"7A","1st","","polygala.sphenoptera",NA,"C","N","20090617"
"7A","1st","","portulaca.oleracea",NA,"C","N","20090617"
"7A","1st","","portulaca.quadrifida",NA,"C","N","20090617"
"7A","1st","","pseudognaphalium..helichrysum.glumaceum.",NA,"C","N","20090617"
"7A","1st","","psilotrichum.schimperi",NA,"C","N","20090617"
"7A","1st","","rhinacanthus.ndorensis",NA,"C","N","20090617"
"7A","1st","","rhynchosia.holstii",NA,"C","N","20090617"
"7A","1st","","schkuhria.pinnata",NA,"C","N","20090617"
"7A","1st","","sida.2",NA,"C","N","20090617"
"7A","1st","","sida.cuneifolia",NA,"C","N","20090617"
"7A","1st","","solanum.incanum",NA,"C","N","20090617"
"7A","1st","","solanum.indicum",NA,"C","N","20090617"
"7A","1st","","tribulus.terrestris",NA,"C","N","20090617"
"7A","1st","","u",NA,"C","N","20090617"
"7A","1st","","w",NA,"C","N","20090617"
"7A","1st","","x_4",NA,"C","N","20090617"
"7A","1st","","x_5",NA,"C","N","20090617"
"7A","1st","","x_6",NA,"C","N","20090617"
"7A","1st","","x_7",NA,"C","N","20090617"
"7A","1st","","x_8",NA,"C","N","20090617"
"7C","1st","","bracharia.lacnantha",NA,"C","N","20090617"
"7C","1st","","lintonia.nutans",NA,"C","N","20090617"
"7C","1st","","pennisetum.mezianum",NA,"C","N","20090617"
"7C","1st","","pennisetum.straminium",NA,"C","N","20090617"
"7C","1st","","themeda.triandra",NA,"C","N","20090617"
"7C","1st","","bare",NA,"C","N","20090617"
"7C","1st","","x_2",NA,"C","N","20090617"
"7C","1st","","aristida.kenyensis",NA,"C","N","20090617"
"7C","1st","","bothriochloa.insculpta",NA,"C","N","20090617"
"7C","1st","","bracharia.3",NA,"C","N","20090617"
"7C","1st","","bracharia.eruciformis",NA,"C","N","20090617"
"7C","1st","","chloris.sp",NA,"C","N","20090617"
"7C","1st","","cynodon.dactylon",NA,"C","N","20090617"
"7C","1st","","cynodon.plectostachyus",NA,"C","N","20090617"
"7C","1st","","cyperus...mariscus.spp",NA,"C","N","20090617"
"7C","1st","","digitaria.2",NA,"C","N","20090617"
"7C","1st","","digitaria.milanjiana",NA,"C","N","20090617"
"7C","1st","","dinebra.retroflexa",NA,"C","N","20090617"
"7C","1st","","eragrostis.tenuifolia",NA,"C","N","20090617"
"7C","1st","","harpachne.schimperi",NA,"C","N","20090617"
"7C","1st","","microchloa.kunthii",NA,"C","N","20090617"
"7C","1st","","panicum.astrosanguinum",NA,"C","N","20090617"
"7C","1st","","setaria.acromelaena..small.",NA,"C","N","20090617"
"7C","1st","","setaria.sphaecealata..big.",NA,"C","N","20090617"
"7C","1st","","sporobolus.pyramidalis",NA,"C","N","20090617"
"7C","1st","","tragus.berteronianus",NA,"C","N","20090617"
"7C","1st","","x_3",NA,"C","N","20090617"
"7C","1st","","acalypha.crenata",NA,"C","N","20090617"
"7C","1st","","aerva.lanata",NA,"C","N","20090617"
"7C","1st","","amaranthus.hibridus",NA,"C","N","20090617"
"7C","1st","","aspilia.pluriseta",NA,"C","N","20090617"
"7C","1st","","asterolinon.adoense..v.",NA,"C","N","20090617"
"7C","1st","","caralluma.acutangula",NA,"C","N","20090617"
"7C","1st","","chenopodium.opulifolium",NA,"C","N","20090617"
"7C","1st","","chenopodium.schraderianum",NA,"C","N","20090617"
"7C","1st","","commelina.spp",NA,"C","N","20090617"
"7C","1st","","commicarpus.pedunculosus",NA,"C","N","20090617"
"7C","1st","","conyza.sp",NA,"C","N","20090617"
"7C","1st","","corchorus.sp",NA,"C","N","20090617"
"7C","1st","","crotelaria.sp",NA,"C","N","20090617"
"7C","1st","","cyathula.orthacantha",NA,"C","N","20090617"
"7C","1st","","dyscoriste.radicans",NA,"C","N","20090617"
"7C","1st","","euphorbia.inaequilatera",NA,"C","N","20090617"
"7C","1st","","evolvulus.alsinoides",NA,"C","N","20090617"
"7C","1st","","fern",NA,"C","N","20090617"
"7C","1st","","gutenbergia.sp",NA,"C","N","20090617"
"7C","1st","","hermannia.uhligii",NA,"C","N","20090617"
"7C","1st","","hibiscus.flavifolius",NA,"C","N","20090617"
"7C","1st","","hibiscus.trionum",NA,"C","N","20090617"
"7C","1st","","indigofera.brevicalyx",NA,"C","N","20090617"
"7C","1st","","indigofera.schimperi",NA,"C","N","20090617"
"7C","1st","","ipomea.sinensis",NA,"C","N","20090617"
"7C","1st","","justicia.dichipteroides",NA,"C","N","20090617"
"7C","1st","","k",NA,"C","N","20090617"
"7C","1st","","kyllinga.sp",NA,"C","N","20090617"
"7C","1st","","leucas.glabrata",NA,"C","N","20090617"
"7C","1st","","leucas.martiniscensis",NA,"C","N","20090617"
"7C","1st","","lily.a",NA,"C","N","20090617"
"7C","1st","","lily.b",NA,"C","N","20090617"
"7C","1st","","lippia.javanica",NA,"C","N","20090617"
"7C","1st","","melhania.spp.",NA,"C","N","20090617"
"7C","1st","","misopates.orontium",NA,"C","N","20090617"
"7C","1st","","mollugo.nudicaulis",NA,"C","N","20090617"
"7C","1st","","monechima.debile",NA,"C","N","20090617"
"7C","1st","","monsonia.augustifolia",NA,"C","N","20090617"
"7C","1st","","ocimum.sp",NA,"C","N","20090617"
"7C","1st","","osteospermum.vaillantii",NA,"C","N","20090617"
"7C","1st","","oxygonum.sinuatum",NA,"C","N","20090617"
"7C","1st","","pavonia.patens",NA,"C","N","20090617"
"7C","1st","","pelargonium.alchemilloides",NA,"C","N","20090617"
"7C","1st","","pentanisia.ouranogyne",NA,"C","N","20090617"
"7C","1st","","phyllanthus.maderaspatensis",NA,"C","N","20090617"
"7C","1st","","plectranthus.spp",NA,"C","N","20090617"
"7C","1st","","pollichia.campestris",NA,"C","N","20090617"
"7C","1st","","polygala..l.",NA,"C","N","20090617"
"7C","1st","","polygala.sphenoptera",NA,"C","N","20090617"
"7C","1st","","portulaca.oleracea",NA,"C","N","20090617"
"7C","1st","","portulaca.quadrifida",NA,"C","N","20090617"
"7C","1st","","pseudognaphalium..helichrysum.glumaceum.",NA,"C","N","20090617"
"7C","1st","","psilotrichum.schimperi",NA,"C","N","20090617"
"7C","1st","","rhinacanthus.ndorensis",NA,"C","N","20090617"
"7C","1st","","rhynchosia.holstii",NA,"C","N","20090617"
"7C","1st","","schkuhria.pinnata",NA,"C","N","20090617"
"7C","1st","","sida.2",NA,"C","N","20090617"
"7C","1st","","sida.cuneifolia",NA,"C","N","20090617"
"7C","1st","","solanum.incanum",NA,"C","N","20090617"
"7C","1st","","solanum.indicum",NA,"C","N","20090617"
"7C","1st","","tribulus.terrestris",NA,"C","N","20090617"
"7C","1st","","u",NA,"C","N","20090617"
"7C","1st","","w",NA,"C","N","20090617"
"7C","1st","","x_4",NA,"C","N","20090617"
"7C","1st","","x_5",NA,"C","N","20090617"
"7C","1st","","x_6",NA,"C","N","20090617"
"7C","1st","","x_7",NA,"C","N","20090617"
"7C","1st","","x_8",NA,"C","N","20090617"
"7E","1st","","bracharia.lacnantha",NA,"C","N","20090617"
"7E","1st","","lintonia.nutans",NA,"C","N","20090617"
"7E","1st","","pennisetum.mezianum",NA,"C","N","20090617"
"7E","1st","","pennisetum.straminium",NA,"C","N","20090617"
"7E","1st","","themeda.triandra",NA,"C","N","20090617"
"7E","1st","","bare",2,"C","N","20090617"
"7E","1st","","x_2",NA,"C","N","20090617"
"7E","1st","","aristida.kenyensis",NA,"C","N","20090617"
"7E","1st","","bothriochloa.insculpta",NA,"C","N","20090617"
"7E","1st","","bracharia.3",NA,"C","N","20090617"
"7E","1st","","bracharia.eruciformis",NA,"C","N","20090617"
"7E","1st","","chloris.sp",NA,"C","N","20090617"
"7E","1st","","cynodon.dactylon",NA,"C","N","20090617"
"7E","1st","","cynodon.plectostachyus",NA,"C","N","20090617"
"7E","1st","","cyperus...mariscus.spp",NA,"C","N","20090617"
"7E","1st","","digitaria.2",NA,"C","N","20090617"
"7E","1st","","digitaria.milanjiana",NA,"C","N","20090617"
"7E","1st","","dinebra.retroflexa",NA,"C","N","20090617"
"7E","1st","","eragrostis.tenuifolia",NA,"C","N","20090617"
"7E","1st","","harpachne.schimperi",NA,"C","N","20090617"
"7E","1st","","microchloa.kunthii",NA,"C","N","20090617"
"7E","1st","","panicum.astrosanguinum",NA,"C","N","20090617"
"7E","1st","","setaria.acromelaena..small.",NA,"C","N","20090617"
"7E","1st","","setaria.sphaecealata..big.",NA,"C","N","20090617"
"7E","1st","","sporobolus.pyramidalis",NA,"C","N","20090617"
"7E","1st","","tragus.berteronianus",NA,"C","N","20090617"
"7E","1st","","x_3",NA,"C","N","20090617"
"7E","1st","","acalypha.crenata",NA,"C","N","20090617"
"7E","1st","","aerva.lanata",NA,"C","N","20090617"
"7E","1st","","amaranthus.hibridus",NA,"C","N","20090617"
"7E","1st","","aspilia.pluriseta",NA,"C","N","20090617"
"7E","1st","","asterolinon.adoense..v.",NA,"C","N","20090617"
"7E","1st","","caralluma.acutangula",NA,"C","N","20090617"
"7E","1st","","chenopodium.opulifolium",NA,"C","N","20090617"
"7E","1st","","chenopodium.schraderianum",NA,"C","N","20090617"
"7E","1st","","commelina.spp",NA,"C","N","20090617"
"7E","1st","","commicarpus.pedunculosus",NA,"C","N","20090617"
"7E","1st","","conyza.sp",NA,"C","N","20090617"
"7E","1st","","corchorus.sp",NA,"C","N","20090617"
"7E","1st","","crotelaria.sp",NA,"C","N","20090617"
"7E","1st","","cyathula.orthacantha",NA,"C","N","20090617"
"7E","1st","","dyscoriste.radicans",NA,"C","N","20090617"
"7E","1st","","euphorbia.inaequilatera",NA,"C","N","20090617"
"7E","1st","","evolvulus.alsinoides",NA,"C","N","20090617"
"7E","1st","","fern",NA,"C","N","20090617"
"7E","1st","","gutenbergia.sp",NA,"C","N","20090617"
"7E","1st","","hermannia.uhligii",NA,"C","N","20090617"
"7E","1st","","hibiscus.flavifolius",NA,"C","N","20090617"
"7E","1st","","hibiscus.trionum",NA,"C","N","20090617"
"7E","1st","","indigofera.brevicalyx",NA,"C","N","20090617"
"7E","1st","","indigofera.schimperi",NA,"C","N","20090617"
"7E","1st","","ipomea.sinensis",NA,"C","N","20090617"
"7E","1st","","justicia.dichipteroides",NA,"C","N","20090617"
"7E","1st","","k",NA,"C","N","20090617"
"7E","1st","","kyllinga.sp",NA,"C","N","20090617"
"7E","1st","","leucas.glabrata",NA,"C","N","20090617"
"7E","1st","","leucas.martiniscensis",NA,"C","N","20090617"
"7E","1st","","lily.a",NA,"C","N","20090617"
"7E","1st","","lily.b",NA,"C","N","20090617"
"7E","1st","","lippia.javanica",NA,"C","N","20090617"
"7E","1st","","melhania.spp.",NA,"C","N","20090617"
"7E","1st","","misopates.orontium",NA,"C","N","20090617"
"7E","1st","","mollugo.nudicaulis",NA,"C","N","20090617"
"7E","1st","","monechima.debile",NA,"C","N","20090617"
"7E","1st","","monsonia.augustifolia",NA,"C","N","20090617"
"7E","1st","","ocimum.sp",NA,"C","N","20090617"
"7E","1st","","osteospermum.vaillantii",NA,"C","N","20090617"
"7E","1st","","oxygonum.sinuatum",NA,"C","N","20090617"
"7E","1st","","pavonia.patens",NA,"C","N","20090617"
"7E","1st","","pelargonium.alchemilloides",NA,"C","N","20090617"
"7E","1st","","pentanisia.ouranogyne",NA,"C","N","20090617"
"7E","1st","","phyllanthus.maderaspatensis",NA,"C","N","20090617"
"7E","1st","","plectranthus.spp",NA,"C","N","20090617"
"7E","1st","","pollichia.campestris",NA,"C","N","20090617"
"7E","1st","","polygala..l.",NA,"C","N","20090617"
"7E","1st","","polygala.sphenoptera",NA,"C","N","20090617"
"7E","1st","","portulaca.oleracea",NA,"C","N","20090617"
"7E","1st","","portulaca.quadrifida",NA,"C","N","20090617"
"7E","1st","","pseudognaphalium..helichrysum.glumaceum.",NA,"C","N","20090617"
"7E","1st","","psilotrichum.schimperi",NA,"C","N","20090617"
"7E","1st","","rhinacanthus.ndorensis",NA,"C","N","20090617"
"7E","1st","","rhynchosia.holstii",NA,"C","N","20090617"
"7E","1st","","schkuhria.pinnata",NA,"C","N","20090617"
"7E","1st","","sida.2",NA,"C","N","20090617"
"7E","1st","","sida.cuneifolia",NA,"C","N","20090617"
"7E","1st","","solanum.incanum",NA,"C","N","20090617"
"7E","1st","","solanum.indicum",NA,"C","N","20090617"
"7E","1st","","tribulus.terrestris",NA,"C","N","20090617"
"7E","1st","","u",NA,"C","N","20090617"
"7E","1st","","w",NA,"C","N","20090617"
"7E","1st","","x_4",NA,"C","N","20090617"
"7E","1st","","x_5",NA,"C","N","20090617"
"7E","1st","","x_6",NA,"C","N","20090617"
"7E","1st","","x_7",NA,"C","N","20090617"
"7E","1st","","x_8",NA,"C","N","20090617"
"7G","1st","","bracharia.lacnantha",NA,"C","N","20090617"
"7G","1st","","lintonia.nutans",NA,"C","N","20090617"
"7G","1st","","pennisetum.mezianum",NA,"C","N","20090617"
"7G","1st","","pennisetum.straminium",NA,"C","N","20090617"
"7G","1st","","themeda.triandra",NA,"C","N","20090617"
"7G","1st","","bare",3,"C","N","20090617"
"7G","1st","","x_2",NA,"C","N","20090617"
"7G","1st","","aristida.kenyensis",NA,"C","N","20090617"
"7G","1st","","bothriochloa.insculpta",NA,"C","N","20090617"
"7G","1st","","bracharia.3",NA,"C","N","20090617"
"7G","1st","","bracharia.eruciformis",NA,"C","N","20090617"
"7G","1st","","chloris.sp",NA,"C","N","20090617"
"7G","1st","","cynodon.dactylon",NA,"C","N","20090617"
"7G","1st","","cynodon.plectostachyus",NA,"C","N","20090617"
"7G","1st","","cyperus...mariscus.spp",NA,"C","N","20090617"
"7G","1st","","digitaria.2",6,"C","N","20090617"
"7G","1st","","digitaria.milanjiana",NA,"C","N","20090617"
"7G","1st","","dinebra.retroflexa",NA,"C","N","20090617"
"7G","1st","","eragrostis.tenuifolia",NA,"C","N","20090617"
"7G","1st","","harpachne.schimperi",NA,"C","N","20090617"
"7G","1st","","microchloa.kunthii",NA,"C","N","20090617"
"7G","1st","","panicum.astrosanguinum",NA,"C","N","20090617"
"7G","1st","","setaria.acromelaena..small.",NA,"C","N","20090617"
"7G","1st","","setaria.sphaecealata..big.",NA,"C","N","20090617"
"7G","1st","","sporobolus.pyramidalis",NA,"C","N","20090617"
"7G","1st","","tragus.berteronianus",NA,"C","N","20090617"
"7G","1st","","x_3",NA,"C","N","20090617"
"7G","1st","","acalypha.crenata",NA,"C","N","20090617"
"7G","1st","","aerva.lanata",NA,"C","N","20090617"
"7G","1st","","amaranthus.hibridus",NA,"C","N","20090617"
"7G","1st","","aspilia.pluriseta",NA,"C","N","20090617"
"7G","1st","","asterolinon.adoense..v.",NA,"C","N","20090617"
"7G","1st","","caralluma.acutangula",NA,"C","N","20090617"
"7G","1st","","chenopodium.opulifolium",NA,"C","N","20090617"
"7G","1st","","chenopodium.schraderianum",NA,"C","N","20090617"
"7G","1st","","commelina.spp",NA,"C","N","20090617"
"7G","1st","","commicarpus.pedunculosus",NA,"C","N","20090617"
"7G","1st","","conyza.sp",NA,"C","N","20090617"
"7G","1st","","corchorus.sp",NA,"C","N","20090617"
"7G","1st","","crotelaria.sp",NA,"C","N","20090617"
"7G","1st","","cyathula.orthacantha",NA,"C","N","20090617"
"7G","1st","","dyscoriste.radicans",NA,"C","N","20090617"
"7G","1st","","euphorbia.inaequilatera",NA,"C","N","20090617"
"7G","1st","","evolvulus.alsinoides",NA,"C","N","20090617"
"7G","1st","","fern",NA,"C","N","20090617"
"7G","1st","","gutenbergia.sp",NA,"C","N","20090617"
"7G","1st","","hermannia.uhligii",NA,"C","N","20090617"
"7G","1st","","hibiscus.flavifolius",NA,"C","N","20090617"
"7G","1st","","hibiscus.trionum",NA,"C","N","20090617"
"7G","1st","","indigofera.brevicalyx",NA,"C","N","20090617"
"7G","1st","","indigofera.schimperi",NA,"C","N","20090617"
"7G","1st","","ipomea.sinensis",NA,"C","N","20090617"
"7G","1st","","justicia.dichipteroides",NA,"C","N","20090617"
"7G","1st","","k",NA,"C","N","20090617"
"7G","1st","","kyllinga.sp",NA,"C","N","20090617"
"7G","1st","","leucas.glabrata",NA,"C","N","20090617"
"7G","1st","","leucas.martiniscensis",NA,"C","N","20090617"
"7G","1st","","lily.a",NA,"C","N","20090617"
"7G","1st","","lily.b",NA,"C","N","20090617"
"7G","1st","","lippia.javanica",NA,"C","N","20090617"
"7G","1st","","melhania.spp.",NA,"C","N","20090617"
"7G","1st","","misopates.orontium",NA,"C","N","20090617"
"7G","1st","","mollugo.nudicaulis",NA,"C","N","20090617"
"7G","1st","","monechima.debile",NA,"C","N","20090617"
"7G","1st","","monsonia.augustifolia",NA,"C","N","20090617"
"7G","1st","","ocimum.sp",NA,"C","N","20090617"
"7G","1st","","osteospermum.vaillantii",NA,"C","N","20090617"
"7G","1st","","oxygonum.sinuatum",NA,"C","N","20090617"
"7G","1st","","pavonia.patens",NA,"C","N","20090617"
"7G","1st","","pelargonium.alchemilloides",NA,"C","N","20090617"
"7G","1st","","pentanisia.ouranogyne",NA,"C","N","20090617"
"7G","1st","","phyllanthus.maderaspatensis",NA,"C","N","20090617"
"7G","1st","","plectranthus.spp",NA,"C","N","20090617"
"7G","1st","","pollichia.campestris",NA,"C","N","20090617"
"7G","1st","","polygala..l.",NA,"C","N","20090617"
"7G","1st","","polygala.sphenoptera",NA,"C","N","20090617"
"7G","1st","","portulaca.oleracea",NA,"C","N","20090617"
"7G","1st","","portulaca.quadrifida",NA,"C","N","20090617"
"7G","1st","","pseudognaphalium..helichrysum.glumaceum.",NA,"C","N","20090617"
"7G","1st","","psilotrichum.schimperi",NA,"C","N","20090617"
"7G","1st","","rhinacanthus.ndorensis",NA,"C","N","20090617"
"7G","1st","","rhynchosia.holstii",NA,"C","N","20090617"
"7G","1st","","schkuhria.pinnata",NA,"C","N","20090617"
"7G","1st","","sida.2",NA,"C","N","20090617"
"7G","1st","","sida.cuneifolia",NA,"C","N","20090617"
"7G","1st","","solanum.incanum",NA,"C","N","20090617"
"7G","1st","","solanum.indicum",NA,"C","N","20090617"
"7G","1st","","tribulus.terrestris",NA,"C","N","20090617"
"7G","1st","","u",NA,"C","N","20090617"
"7G","1st","","w",NA,"C","N","20090617"
"7G","1st","","x_4",NA,"C","N","20090617"
"7G","1st","","x_5",NA,"C","N","20090617"
"7G","1st","","x_6",NA,"C","N","20090617"
"7G","1st","","x_7",NA,"C","N","20090617"
"7G","1st","","x_8",NA,"C","N","20090617"
"7I","1st","","bracharia.lacnantha",NA,"C","N","20090617"
"7I","1st","","lintonia.nutans",NA,"C","N","20090617"
"7I","1st","","pennisetum.mezianum",NA,"C","N","20090617"
"7I","1st","","pennisetum.straminium",NA,"C","N","20090617"
"7I","1st","","themeda.triandra",NA,"C","N","20090617"
"7I","1st","","bare",8,"C","N","20090617"
"7I","1st","","x_2",NA,"C","N","20090617"
"7I","1st","","aristida.kenyensis",NA,"C","N","20090617"
"7I","1st","","bothriochloa.insculpta",NA,"C","N","20090617"
"7I","1st","","bracharia.3",NA,"C","N","20090617"
"7I","1st","","bracharia.eruciformis",NA,"C","N","20090617"
"7I","1st","","chloris.sp",NA,"C","N","20090617"
"7I","1st","","cynodon.dactylon",NA,"C","N","20090617"
"7I","1st","","cynodon.plectostachyus",NA,"C","N","20090617"
"7I","1st","","cyperus...mariscus.spp",NA,"C","N","20090617"
"7I","1st","","digitaria.2",NA,"C","N","20090617"
"7I","1st","","digitaria.milanjiana",NA,"C","N","20090617"
"7I","1st","","dinebra.retroflexa",NA,"C","N","20090617"
"7I","1st","","eragrostis.tenuifolia",NA,"C","N","20090617"
"7I","1st","","harpachne.schimperi",NA,"C","N","20090617"
"7I","1st","","microchloa.kunthii",NA,"C","N","20090617"
"7I","1st","","panicum.astrosanguinum",NA,"C","N","20090617"
"7I","1st","","setaria.acromelaena..small.",NA,"C","N","20090617"
"7I","1st","","setaria.sphaecealata..big.",NA,"C","N","20090617"
"7I","1st","","sporobolus.pyramidalis",NA,"C","N","20090617"
"7I","1st","","tragus.berteronianus",NA,"C","N","20090617"
"7I","1st","","x_3",NA,"C","N","20090617"
"7I","1st","","acalypha.crenata",NA,"C","N","20090617"
"7I","1st","","aerva.lanata",NA,"C","N","20090617"
"7I","1st","","amaranthus.hibridus",NA,"C","N","20090617"
"7I","1st","","aspilia.pluriseta",NA,"C","N","20090617"
"7I","1st","","asterolinon.adoense..v.",NA,"C","N","20090617"
"7I","1st","","caralluma.acutangula",NA,"C","N","20090617"
"7I","1st","","chenopodium.opulifolium",NA,"C","N","20090617"
"7I","1st","","chenopodium.schraderianum",NA,"C","N","20090617"
"7I","1st","","commelina.spp",NA,"C","N","20090617"
"7I","1st","","commicarpus.pedunculosus",NA,"C","N","20090617"
"7I","1st","","conyza.sp",NA,"C","N","20090617"
"7I","1st","","corchorus.sp",NA,"C","N","20090617"
"7I","1st","","crotelaria.sp",NA,"C","N","20090617"
"7I","1st","","cyathula.orthacantha",NA,"C","N","20090617"
"7I","1st","","dyscoriste.radicans",NA,"C","N","20090617"
"7I","1st","","euphorbia.inaequilatera",NA,"C","N","20090617"
"7I","1st","","evolvulus.alsinoides",NA,"C","N","20090617"
"7I","1st","","fern",NA,"C","N","20090617"
"7I","1st","","gutenbergia.sp",NA,"C","N","20090617"
"7I","1st","","hermannia.uhligii",NA,"C","N","20090617"
"7I","1st","","hibiscus.flavifolius",NA,"C","N","20090617"
"7I","1st","","hibiscus.trionum",NA,"C","N","20090617"
"7I","1st","","indigofera.brevicalyx",NA,"C","N","20090617"
"7I","1st","","indigofera.schimperi",NA,"C","N","20090617"
"7I","1st","","ipomea.sinensis",NA,"C","N","20090617"
"7I","1st","","justicia.dichipteroides",NA,"C","N","20090617"
"7I","1st","","k",NA,"C","N","20090617"
"7I","1st","","kyllinga.sp",NA,"C","N","20090617"
"7I","1st","","leucas.glabrata",NA,"C","N","20090617"
"7I","1st","","leucas.martiniscensis",NA,"C","N","20090617"
"7I","1st","","lily.a",NA,"C","N","20090617"
"7I","1st","","lily.b",NA,"C","N","20090617"
"7I","1st","","lippia.javanica",NA,"C","N","20090617"
"7I","1st","","melhania.spp.",NA,"C","N","20090617"
"7I","1st","","misopates.orontium",NA,"C","N","20090617"
"7I","1st","","mollugo.nudicaulis",NA,"C","N","20090617"
"7I","1st","","monechima.debile",NA,"C","N","20090617"
"7I","1st","","monsonia.augustifolia",NA,"C","N","20090617"
"7I","1st","","ocimum.sp",NA,"C","N","20090617"
"7I","1st","","osteospermum.vaillantii",NA,"C","N","20090617"
"7I","1st","","oxygonum.sinuatum",NA,"C","N","20090617"
"7I","1st","","pavonia.patens",NA,"C","N","20090617"
"7I","1st","","pelargonium.alchemilloides",NA,"C","N","20090617"
"7I","1st","","pentanisia.ouranogyne",NA,"C","N","20090617"
"7I","1st","","phyllanthus.maderaspatensis",NA,"C","N","20090617"
"7I","1st","","plectranthus.spp",NA,"C","N","20090617"
"7I","1st","","pollichia.campestris",NA,"C","N","20090617"
"7I","1st","","polygala..l.",NA,"C","N","20090617"
"7I","1st","","polygala.sphenoptera",NA,"C","N","20090617"
"7I","1st","","portulaca.oleracea",NA,"C","N","20090617"
"7I","1st","","portulaca.quadrifida",NA,"C","N","20090617"
"7I","1st","","pseudognaphalium..helichrysum.glumaceum.",NA,"C","N","20090617"
"7I","1st","","psilotrichum.schimperi",NA,"C","N","20090617"
"7I","1st","","rhinacanthus.ndorensis",NA,"C","N","20090617"
"7I","1st","","rhynchosia.holstii",NA,"C","N","20090617"
"7I","1st","","schkuhria.pinnata",NA,"C","N","20090617"
"7I","1st","","sida.2",NA,"C","N","20090617"
"7I","1st","","sida.cuneifolia",NA,"C","N","20090617"
"7I","1st","","solanum.incanum",NA,"C","N","20090617"
"7I","1st","","solanum.indicum",NA,"C","N","20090617"
"7I","1st","","tribulus.terrestris",NA,"C","N","20090617"
"7I","1st","","u",NA,"C","N","20090617"
"7I","1st","","w",NA,"C","N","20090617"
"7I","1st","","x_4",NA,"C","N","20090617"
"7I","1st","","x_5",NA,"C","N","20090617"
"7I","1st","","x_6",NA,"C","N","20090617"
"7I","1st","","x_7",NA,"C","N","20090617"
"7I","1st","","x_8",NA,"C","N","20090617"
"8J","1st","","bracharia.lacnantha",NA,"C","N","20090617"
"8J","1st","","lintonia.nutans",NA,"C","N","20090617"
"8J","1st","","pennisetum.mezianum",NA,"C","N","20090617"
"8J","1st","","pennisetum.straminium",8,"C","N","20090617"
"8J","1st","","themeda.triandra",3,"C","N","20090617"
"8J","1st","","bare",1,"C","N","20090617"
"8J","1st","","x_2",NA,"C","N","20090617"
"8J","1st","","aristida.kenyensis",NA,"C","N","20090617"
"8J","1st","","bothriochloa.insculpta",NA,"C","N","20090617"
"8J","1st","","bracharia.3",NA,"C","N","20090617"
"8J","1st","","bracharia.eruciformis",1,"C","N","20090617"
"8J","1st","","chloris.sp",NA,"C","N","20090617"
"8J","1st","","cynodon.dactylon",NA,"C","N","20090617"
"8J","1st","","cynodon.plectostachyus",NA,"C","N","20090617"
"8J","1st","","cyperus...mariscus.spp",NA,"C","N","20090617"
"8J","1st","","digitaria.2",NA,"C","N","20090617"
"8J","1st","","digitaria.milanjiana",NA,"C","N","20090617"
"8J","1st","","dinebra.retroflexa",NA,"C","N","20090617"
"8J","1st","","eragrostis.tenuifolia",NA,"C","N","20090617"
"8J","1st","","harpachne.schimperi",NA,"C","N","20090617"
"8J","1st","","microchloa.kunthii",NA,"C","N","20090617"
"8J","1st","","panicum.astrosanguinum",NA,"C","N","20090617"
"8J","1st","","setaria.acromelaena..small.",NA,"C","N","20090617"
"8J","1st","","setaria.sphaecealata..big.",NA,"C","N","20090617"
"8J","1st","","sporobolus.pyramidalis",NA,"C","N","20090617"
"8J","1st","","tragus.berteronianus",NA,"C","N","20090617"
"8J","1st","","x_3",NA,"C","N","20090617"
"8J","1st","","acalypha.crenata",NA,"C","N","20090617"
"8J","1st","","aerva.lanata",NA,"C","N","20090617"
"8J","1st","","amaranthus.hibridus",NA,"C","N","20090617"
"8J","1st","","aspilia.pluriseta",NA,"C","N","20090617"
"8J","1st","","asterolinon.adoense..v.",NA,"C","N","20090617"
"8J","1st","","caralluma.acutangula",NA,"C","N","20090617"
"8J","1st","","chenopodium.opulifolium",NA,"C","N","20090617"
"8J","1st","","chenopodium.schraderianum",NA,"C","N","20090617"
"8J","1st","","commelina.spp",NA,"C","N","20090617"
"8J","1st","","commicarpus.pedunculosus",NA,"C","N","20090617"
"8J","1st","","conyza.sp",NA,"C","N","20090617"
"8J","1st","","corchorus.sp",NA,"C","N","20090617"
"8J","1st","","crotelaria.sp",NA,"C","N","20090617"
"8J","1st","","cyathula.orthacantha",NA,"C","N","20090617"
"8J","1st","","dyscoriste.radicans",NA,"C","N","20090617"
"8J","1st","","euphorbia.inaequilatera",NA,"C","N","20090617"
"8J","1st","","evolvulus.alsinoides",NA,"C","N","20090617"
"8J","1st","","fern",NA,"C","N","20090617"
"8J","1st","","gutenbergia.sp",NA,"C","N","20090617"
"8J","1st","","hermannia.uhligii",NA,"C","N","20090617"
"8J","1st","","hibiscus.flavifolius",NA,"C","N","20090617"
"8J","1st","","hibiscus.trionum",NA,"C","N","20090617"
"8J","1st","","indigofera.brevicalyx",NA,"C","N","20090617"
"8J","1st","","indigofera.schimperi",NA,"C","N","20090617"
"8J","1st","","ipomea.sinensis",NA,"C","N","20090617"
"8J","1st","","justicia.dichipteroides",NA,"C","N","20090617"
"8J","1st","","k",NA,"C","N","20090617"
"8J","1st","","kyllinga.sp",NA,"C","N","20090617"
"8J","1st","","leucas.glabrata",NA,"C","N","20090617"
"8J","1st","","leucas.martiniscensis",NA,"C","N","20090617"
"8J","1st","","lily.a",NA,"C","N","20090617"
"8J","1st","","lily.b",NA,"C","N","20090617"
"8J","1st","","lippia.javanica",NA,"C","N","20090617"
"8J","1st","","melhania.spp.",NA,"C","N","20090617"
"8J","1st","","misopates.orontium",NA,"C","N","20090617"
"8J","1st","","mollugo.nudicaulis",NA,"C","N","20090617"
"8J","1st","","monechima.debile",NA,"C","N","20090617"
"8J","1st","","monsonia.augustifolia",NA,"C","N","20090617"
"8J","1st","","ocimum.sp",NA,"C","N","20090617"
"8J","1st","","osteospermum.vaillantii",NA,"C","N","20090617"
"8J","1st","","oxygonum.sinuatum",NA,"C","N","20090617"
"8J","1st","","pavonia.patens",NA,"C","N","20090617"
"8J","1st","","pelargonium.alchemilloides",NA,"C","N","20090617"
"8J","1st","","pentanisia.ouranogyne",NA,"C","N","20090617"
"8J","1st","","phyllanthus.maderaspatensis",NA,"C","N","20090617"
"8J","1st","","plectranthus.spp",NA,"C","N","20090617"
"8J","1st","","pollichia.campestris",NA,"C","N","20090617"
"8J","1st","","polygala..l.",NA,"C","N","20090617"
"8J","1st","","polygala.sphenoptera",NA,"C","N","20090617"
"8J","1st","","portulaca.oleracea",NA,"C","N","20090617"
"8J","1st","","portulaca.quadrifida",NA,"C","N","20090617"
"8J","1st","","pseudognaphalium..helichrysum.glumaceum.",NA,"C","N","20090617"
"8J","1st","","psilotrichum.schimperi",NA,"C","N","20090617"
"8J","1st","","rhinacanthus.ndorensis",NA,"C","N","20090617"
"8J","1st","","rhynchosia.holstii",NA,"C","N","20090617"
"8J","1st","","schkuhria.pinnata",NA,"C","N","20090617"
"8J","1st","","sida.2",NA,"C","N","20090617"
"8J","1st","","sida.cuneifolia",NA,"C","N","20090617"
"8J","1st","","solanum.incanum",NA,"C","N","20090617"
"8J","1st","","solanum.indicum",NA,"C","N","20090617"
"8J","1st","","tribulus.terrestris",NA,"C","N","20090617"
"8J","1st","","u",NA,"C","N","20090617"
"8J","1st","","w",NA,"C","N","20090617"
"8J","1st","","x_4",NA,"C","N","20090617"
"8J","1st","","x_5",NA,"C","N","20090617"
"8J","1st","","x_6",NA,"C","N","20090617"
"8J","1st","","x_7",NA,"C","N","20090617"
"8J","1st","","x_8",NA,"C","N","20090617"
"8H","1st","","bracharia.lacnantha",NA,"C","N","20090617"
"8H","1st","","lintonia.nutans",NA,"C","N","20090617"
"8H","1st","","pennisetum.mezianum",NA,"C","N","20090617"
"8H","1st","","pennisetum.straminium",10,"C","N","20090617"
"8H","1st","","themeda.triandra",NA,"C","N","20090617"
"8H","1st","","bare",NA,"C","N","20090617"
"8H","1st","","x_2",NA,"C","N","20090617"
"8H","1st","","aristida.kenyensis",NA,"C","N","20090617"
"8H","1st","","bothriochloa.insculpta",NA,"C","N","20090617"
"8H","1st","","bracharia.3",NA,"C","N","20090617"
"8H","1st","","bracharia.eruciformis",NA,"C","N","20090617"
"8H","1st","","chloris.sp",NA,"C","N","20090617"
"8H","1st","","cynodon.dactylon",NA,"C","N","20090617"
"8H","1st","","cynodon.plectostachyus",NA,"C","N","20090617"
"8H","1st","","cyperus...mariscus.spp",NA,"C","N","20090617"
"8H","1st","","digitaria.2",NA,"C","N","20090617"
"8H","1st","","digitaria.milanjiana",NA,"C","N","20090617"
"8H","1st","","dinebra.retroflexa",NA,"C","N","20090617"
"8H","1st","","eragrostis.tenuifolia",NA,"C","N","20090617"
"8H","1st","","harpachne.schimperi",NA,"C","N","20090617"
"8H","1st","","microchloa.kunthii",NA,"C","N","20090617"
"8H","1st","","panicum.astrosanguinum",NA,"C","N","20090617"
"8H","1st","","setaria.acromelaena..small.",NA,"C","N","20090617"
"8H","1st","","setaria.sphaecealata..big.",NA,"C","N","20090617"
"8H","1st","","sporobolus.pyramidalis",NA,"C","N","20090617"
"8H","1st","","tragus.berteronianus",NA,"C","N","20090617"
"8H","1st","","x_3",NA,"C","N","20090617"
"8H","1st","","acalypha.crenata",NA,"C","N","20090617"
"8H","1st","","aerva.lanata",NA,"C","N","20090617"
"8H","1st","","amaranthus.hibridus",NA,"C","N","20090617"
"8H","1st","","aspilia.pluriseta",NA,"C","N","20090617"
"8H","1st","","asterolinon.adoense..v.",NA,"C","N","20090617"
"8H","1st","","caralluma.acutangula",NA,"C","N","20090617"
"8H","1st","","chenopodium.opulifolium",NA,"C","N","20090617"
"8H","1st","","chenopodium.schraderianum",NA,"C","N","20090617"
"8H","1st","","commelina.spp",NA,"C","N","20090617"
"8H","1st","","commicarpus.pedunculosus",NA,"C","N","20090617"
"8H","1st","","conyza.sp",NA,"C","N","20090617"
"8H","1st","","corchorus.sp",NA,"C","N","20090617"
"8H","1st","","crotelaria.sp",NA,"C","N","20090617"
"8H","1st","","cyathula.orthacantha",NA,"C","N","20090617"
"8H","1st","","dyscoriste.radicans",NA,"C","N","20090617"
"8H","1st","","euphorbia.inaequilatera",NA,"C","N","20090617"
"8H","1st","","evolvulus.alsinoides",NA,"C","N","20090617"
"8H","1st","","fern",NA,"C","N","20090617"
"8H","1st","","gutenbergia.sp",NA,"C","N","20090617"
"8H","1st","","hermannia.uhligii",NA,"C","N","20090617"
"8H","1st","","hibiscus.flavifolius",NA,"C","N","20090617"
"8H","1st","","hibiscus.trionum",NA,"C","N","20090617"
"8H","1st","","indigofera.brevicalyx",NA,"C","N","20090617"
"8H","1st","","indigofera.schimperi",NA,"C","N","20090617"
"8H","1st","","ipomea.sinensis",NA,"C","N","20090617"
"8H","1st","","justicia.dichipteroides",NA,"C","N","20090617"
"8H","1st","","k",NA,"C","N","20090617"
"8H","1st","","kyllinga.sp",NA,"C","N","20090617"
"8H","1st","","leucas.glabrata",NA,"C","N","20090617"
"8H","1st","","leucas.martiniscensis",NA,"C","N","20090617"
"8H","1st","","lily.a",NA,"C","N","20090617"
"8H","1st","","lily.b",NA,"C","N","20090617"
"8H","1st","","lippia.javanica",NA,"C","N","20090617"
"8H","1st","","melhania.spp.",NA,"C","N","20090617"
"8H","1st","","misopates.orontium",NA,"C","N","20090617"
"8H","1st","","mollugo.nudicaulis",NA,"C","N","20090617"
"8H","1st","","monechima.debile",NA,"C","N","20090617"
"8H","1st","","monsonia.augustifolia",NA,"C","N","20090617"
"8H","1st","","ocimum.sp",NA,"C","N","20090617"
"8H","1st","","osteospermum.vaillantii",NA,"C","N","20090617"
"8H","1st","","oxygonum.sinuatum",NA,"C","N","20090617"
"8H","1st","","pavonia.patens",NA,"C","N","20090617"
"8H","1st","","pelargonium.alchemilloides",NA,"C","N","20090617"
"8H","1st","","pentanisia.ouranogyne",NA,"C","N","20090617"
"8H","1st","","phyllanthus.maderaspatensis",NA,"C","N","20090617"
"8H","1st","","plectranthus.spp",NA,"C","N","20090617"
"8H","1st","","pollichia.campestris",NA,"C","N","20090617"
"8H","1st","","polygala..l.",NA,"C","N","20090617"
"8H","1st","","polygala.sphenoptera",NA,"C","N","20090617"
"8H","1st","","portulaca.oleracea",NA,"C","N","20090617"
"8H","1st","","portulaca.quadrifida",NA,"C","N","20090617"
"8H","1st","","pseudognaphalium..helichrysum.glumaceum.",NA,"C","N","20090617"
"8H","1st","","psilotrichum.schimperi",NA,"C","N","20090617"
"8H","1st","","rhinacanthus.ndorensis",NA,"C","N","20090617"
"8H","1st","","rhynchosia.holstii",NA,"C","N","20090617"
"8H","1st","","schkuhria.pinnata",NA,"C","N","20090617"
"8H","1st","","sida.2",NA,"C","N","20090617"
"8H","1st","","sida.cuneifolia",NA,"C","N","20090617"
"8H","1st","","solanum.incanum",NA,"C","N","20090617"
"8H","1st","","solanum.indicum",NA,"C","N","20090617"
"8H","1st","","tribulus.terrestris",NA,"C","N","20090617"
"8H","1st","","u",NA,"C","N","20090617"
"8H","1st","","w",NA,"C","N","20090617"
"8H","1st","","x_4",NA,"C","N","20090617"
"8H","1st","","x_5",NA,"C","N","20090617"
"8H","1st","","x_6",NA,"C","N","20090617"
"8H","1st","","x_7",NA,"C","N","20090617"
"8H","1st","","x_8",NA,"C","N","20090617"
"8F","1st","","bracharia.lacnantha",NA,"C","N","20090617"
"8F","1st","","lintonia.nutans",NA,"C","N","20090617"
"8F","1st","","pennisetum.mezianum",NA,"C","N","20090617"
"8F","1st","","pennisetum.straminium",NA,"C","N","20090617"
"8F","1st","","themeda.triandra",NA,"C","N","20090617"
"8F","1st","","bare",8,"C","N","20090617"
"8F","1st","","x_2",NA,"C","N","20090617"
"8F","1st","","aristida.kenyensis",NA,"C","N","20090617"
"8F","1st","","bothriochloa.insculpta",NA,"C","N","20090617"
"8F","1st","","bracharia.3",NA,"C","N","20090617"
"8F","1st","","bracharia.eruciformis",NA,"C","N","20090617"
"8F","1st","","chloris.sp",NA,"C","N","20090617"
"8F","1st","","cynodon.dactylon",NA,"C","N","20090617"
"8F","1st","","cynodon.plectostachyus",NA,"C","N","20090617"
"8F","1st","","cyperus...mariscus.spp",NA,"C","N","20090617"
"8F","1st","","digitaria.2",NA,"C","N","20090617"
"8F","1st","","digitaria.milanjiana",NA,"C","N","20090617"
"8F","1st","","dinebra.retroflexa",NA,"C","N","20090617"
"8F","1st","","eragrostis.tenuifolia",NA,"C","N","20090617"
"8F","1st","","harpachne.schimperi",NA,"C","N","20090617"
"8F","1st","","microchloa.kunthii",NA,"C","N","20090617"
"8F","1st","","panicum.astrosanguinum",NA,"C","N","20090617"
"8F","1st","","setaria.acromelaena..small.",NA,"C","N","20090617"
"8F","1st","","setaria.sphaecealata..big.",NA,"C","N","20090617"
"8F","1st","","sporobolus.pyramidalis",NA,"C","N","20090617"
"8F","1st","","tragus.berteronianus",NA,"C","N","20090617"
"8F","1st","","x_3",NA,"C","N","20090617"
"8F","1st","","acalypha.crenata",NA,"C","N","20090617"
"8F","1st","","aerva.lanata",NA,"C","N","20090617"
"8F","1st","","amaranthus.hibridus",NA,"C","N","20090617"
"8F","1st","","aspilia.pluriseta",NA,"C","N","20090617"
"8F","1st","","asterolinon.adoense..v.",NA,"C","N","20090617"
"8F","1st","","caralluma.acutangula",NA,"C","N","20090617"
"8F","1st","","chenopodium.opulifolium",NA,"C","N","20090617"
"8F","1st","","chenopodium.schraderianum",NA,"C","N","20090617"
"8F","1st","","commelina.spp",NA,"C","N","20090617"
"8F","1st","","commicarpus.pedunculosus",NA,"C","N","20090617"
"8F","1st","","conyza.sp",NA,"C","N","20090617"
"8F","1st","","corchorus.sp",NA,"C","N","20090617"
"8F","1st","","crotelaria.sp",NA,"C","N","20090617"
"8F","1st","","cyathula.orthacantha",NA,"C","N","20090617"
"8F","1st","","dyscoriste.radicans",NA,"C","N","20090617"
"8F","1st","","euphorbia.inaequilatera",NA,"C","N","20090617"
"8F","1st","","evolvulus.alsinoides",NA,"C","N","20090617"
"8F","1st","","fern",NA,"C","N","20090617"
"8F","1st","","gutenbergia.sp",NA,"C","N","20090617"
"8F","1st","","hermannia.uhligii",NA,"C","N","20090617"
"8F","1st","","hibiscus.flavifolius",NA,"C","N","20090617"
"8F","1st","","hibiscus.trionum",NA,"C","N","20090617"
"8F","1st","","indigofera.brevicalyx",NA,"C","N","20090617"
"8F","1st","","indigofera.schimperi",NA,"C","N","20090617"
"8F","1st","","ipomea.sinensis",NA,"C","N","20090617"
"8F","1st","","justicia.dichipteroides",NA,"C","N","20090617"
"8F","1st","","k",NA,"C","N","20090617"
"8F","1st","","kyllinga.sp",NA,"C","N","20090617"
"8F","1st","","leucas.glabrata",NA,"C","N","20090617"
"8F","1st","","leucas.martiniscensis",NA,"C","N","20090617"
"8F","1st","","lily.a",NA,"C","N","20090617"
"8F","1st","","lily.b",NA,"C","N","20090617"
"8F","1st","","lippia.javanica",NA,"C","N","20090617"
"8F","1st","","melhania.spp.",NA,"C","N","20090617"
"8F","1st","","misopates.orontium",NA,"C","N","20090617"
"8F","1st","","mollugo.nudicaulis",NA,"C","N","20090617"
"8F","1st","","monechima.debile",NA,"C","N","20090617"
"8F","1st","","monsonia.augustifolia",NA,"C","N","20090617"
"8F","1st","","ocimum.sp",NA,"C","N","20090617"
"8F","1st","","osteospermum.vaillantii",NA,"C","N","20090617"
"8F","1st","","oxygonum.sinuatum",NA,"C","N","20090617"
"8F","1st","","pavonia.patens",NA,"C","N","20090617"
"8F","1st","","pelargonium.alchemilloides",NA,"C","N","20090617"
"8F","1st","","pentanisia.ouranogyne",NA,"C","N","20090617"
"8F","1st","","phyllanthus.maderaspatensis",NA,"C","N","20090617"
"8F","1st","","plectranthus.spp",NA,"C","N","20090617"
"8F","1st","","pollichia.campestris",NA,"C","N","20090617"
"8F","1st","","polygala..l.",NA,"C","N","20090617"
"8F","1st","","polygala.sphenoptera",NA,"C","N","20090617"
"8F","1st","","portulaca.oleracea",NA,"C","N","20090617"
"8F","1st","","portulaca.quadrifida",NA,"C","N","20090617"
"8F","1st","","pseudognaphalium..helichrysum.glumaceum.",NA,"C","N","20090617"
"8F","1st","","psilotrichum.schimperi",NA,"C","N","20090617"
"8F","1st","","rhinacanthus.ndorensis",NA,"C","N","20090617"
"8F","1st","","rhynchosia.holstii",NA,"C","N","20090617"
"8F","1st","","schkuhria.pinnata",NA,"C","N","20090617"
"8F","1st","","sida.2",NA,"C","N","20090617"
"8F","1st","","sida.cuneifolia",NA,"C","N","20090617"
"8F","1st","","solanum.incanum",NA,"C","N","20090617"
"8F","1st","","solanum.indicum",NA,"C","N","20090617"
"8F","1st","","tribulus.terrestris",NA,"C","N","20090617"
"8F","1st","","u",NA,"C","N","20090617"
"8F","1st","","w",NA,"C","N","20090617"
"8F","1st","","x_4",NA,"C","N","20090617"
"8F","1st","","x_5",NA,"C","N","20090617"
"8F","1st","","x_6",NA,"C","N","20090617"
"8F","1st","","x_7",NA,"C","N","20090617"
"8F","1st","","x_8",NA,"C","N","20090617"
"8D","1st","","bracharia.lacnantha",NA,"C","N","20090617"
"8D","1st","","lintonia.nutans",NA,"C","N","20090617"
"8D","1st","","pennisetum.mezianum",4,"C","N","20090617"
"8D","1st","","pennisetum.straminium",NA,"C","N","20090617"
"8D","1st","","themeda.triandra",NA,"C","N","20090617"
"8D","1st","","bare",1,"C","N","20090617"
"8D","1st","","x_2",NA,"C","N","20090617"
"8D","1st","","aristida.kenyensis",NA,"C","N","20090617"
"8D","1st","","bothriochloa.insculpta",NA,"C","N","20090617"
"8D","1st","","bracharia.3",NA,"C","N","20090617"
"8D","1st","","bracharia.eruciformis",NA,"C","N","20090617"
"8D","1st","","chloris.sp",NA,"C","N","20090617"
"8D","1st","","cynodon.dactylon",NA,"C","N","20090617"
"8D","1st","","cynodon.plectostachyus",NA,"C","N","20090617"
"8D","1st","","cyperus...mariscus.spp",NA,"C","N","20090617"
"8D","1st","","digitaria.2",NA,"C","N","20090617"
"8D","1st","","digitaria.milanjiana",NA,"C","N","20090617"
"8D","1st","","dinebra.retroflexa",NA,"C","N","20090617"
"8D","1st","","eragrostis.tenuifolia",NA,"C","N","20090617"
"8D","1st","","harpachne.schimperi",NA,"C","N","20090617"
"8D","1st","","microchloa.kunthii",NA,"C","N","20090617"
"8D","1st","","panicum.astrosanguinum",NA,"C","N","20090617"
"8D","1st","","setaria.acromelaena..small.",NA,"C","N","20090617"
"8D","1st","","setaria.sphaecealata..big.",NA,"C","N","20090617"
"8D","1st","","sporobolus.pyramidalis",NA,"C","N","20090617"
"8D","1st","","tragus.berteronianus",NA,"C","N","20090617"
"8D","1st","","x_3",NA,"C","N","20090617"
"8D","1st","","acalypha.crenata",NA,"C","N","20090617"
"8D","1st","","aerva.lanata",NA,"C","N","20090617"
"8D","1st","","amaranthus.hibridus",NA,"C","N","20090617"
"8D","1st","","aspilia.pluriseta",NA,"C","N","20090617"
"8D","1st","","asterolinon.adoense..v.",NA,"C","N","20090617"
"8D","1st","","caralluma.acutangula",NA,"C","N","20090617"
"8D","1st","","chenopodium.opulifolium",NA,"C","N","20090617"
"8D","1st","","chenopodium.schraderianum",NA,"C","N","20090617"
"8D","1st","","commelina.spp",NA,"C","N","20090617"
"8D","1st","","commicarpus.pedunculosus",NA,"C","N","20090617"
"8D","1st","","conyza.sp",NA,"C","N","20090617"
"8D","1st","","corchorus.sp",NA,"C","N","20090617"
"8D","1st","","crotelaria.sp",NA,"C","N","20090617"
"8D","1st","","cyathula.orthacantha",NA,"C","N","20090617"
"8D","1st","","dyscoriste.radicans",NA,"C","N","20090617"
"8D","1st","","euphorbia.inaequilatera",NA,"C","N","20090617"
"8D","1st","","evolvulus.alsinoides",NA,"C","N","20090617"
"8D","1st","","fern",NA,"C","N","20090617"
"8D","1st","","gutenbergia.sp",NA,"C","N","20090617"
"8D","1st","","hermannia.uhligii",NA,"C","N","20090617"
"8D","1st","","hibiscus.flavifolius",NA,"C","N","20090617"
"8D","1st","","hibiscus.trionum",NA,"C","N","20090617"
"8D","1st","","indigofera.brevicalyx",NA,"C","N","20090617"
"8D","1st","","indigofera.schimperi",NA,"C","N","20090617"
"8D","1st","","ipomea.sinensis",NA,"C","N","20090617"
"8D","1st","","justicia.dichipteroides",NA,"C","N","20090617"
"8D","1st","","k",NA,"C","N","20090617"
"8D","1st","","kyllinga.sp",NA,"C","N","20090617"
"8D","1st","","leucas.glabrata",NA,"C","N","20090617"
"8D","1st","","leucas.martiniscensis",NA,"C","N","20090617"
"8D","1st","","lily.a",NA,"C","N","20090617"
"8D","1st","","lily.b",NA,"C","N","20090617"
"8D","1st","","lippia.javanica",NA,"C","N","20090617"
"8D","1st","","melhania.spp.",NA,"C","N","20090617"
"8D","1st","","misopates.orontium",NA,"C","N","20090617"
"8D","1st","","mollugo.nudicaulis",NA,"C","N","20090617"
"8D","1st","","monechima.debile",NA,"C","N","20090617"
"8D","1st","","monsonia.augustifolia",NA,"C","N","20090617"
"8D","1st","","ocimum.sp",NA,"C","N","20090617"
"8D","1st","","osteospermum.vaillantii",NA,"C","N","20090617"
"8D","1st","","oxygonum.sinuatum",NA,"C","N","20090617"
"8D","1st","","pavonia.patens",NA,"C","N","20090617"
"8D","1st","","pelargonium.alchemilloides",NA,"C","N","20090617"
"8D","1st","","pentanisia.ouranogyne",NA,"C","N","20090617"
"8D","1st","","phyllanthus.maderaspatensis",NA,"C","N","20090617"
"8D","1st","","plectranthus.spp",NA,"C","N","20090617"
"8D","1st","","pollichia.campestris",NA,"C","N","20090617"
"8D","1st","","polygala..l.",NA,"C","N","20090617"
"8D","1st","","polygala.sphenoptera",NA,"C","N","20090617"
"8D","1st","","portulaca.oleracea",NA,"C","N","20090617"
"8D","1st","","portulaca.quadrifida",NA,"C","N","20090617"
"8D","1st","","pseudognaphalium..helichrysum.glumaceum.",NA,"C","N","20090617"
"8D","1st","","psilotrichum.schimperi",NA,"C","N","20090617"
"8D","1st","","rhinacanthus.ndorensis",NA,"C","N","20090617"
"8D","1st","","rhynchosia.holstii",NA,"C","N","20090617"
"8D","1st","","schkuhria.pinnata",NA,"C","N","20090617"
"8D","1st","","sida.2",NA,"C","N","20090617"
"8D","1st","","sida.cuneifolia",NA,"C","N","20090617"
"8D","1st","","solanum.incanum",NA,"C","N","20090617"
"8D","1st","","solanum.indicum",NA,"C","N","20090617"
"8D","1st","","tribulus.terrestris",NA,"C","N","20090617"
"8D","1st","","u",NA,"C","N","20090617"
"8D","1st","","w",NA,"C","N","20090617"
"8D","1st","","x_4",NA,"C","N","20090617"
"8D","1st","","x_5",NA,"C","N","20090617"
"8D","1st","","x_6",NA,"C","N","20090617"
"8D","1st","","x_7",NA,"C","N","20090617"
"8D","1st","","x_8",NA,"C","N","20090617"
"8B","1st","","bracharia.lacnantha",1,"C","N","20090617"
"8B","1st","","lintonia.nutans",NA,"C","N","20090617"
"8B","1st","","pennisetum.mezianum",NA,"C","N","20090617"
"8B","1st","","pennisetum.straminium",NA,"C","N","20090617"
"8B","1st","","themeda.triandra",7,"C","N","20090617"
"8B","1st","","bare",9,"C","N","20090617"
"8B","1st","","x_2",NA,"C","N","20090617"
"8B","1st","","aristida.kenyensis",NA,"C","N","20090617"
"8B","1st","","bothriochloa.insculpta",NA,"C","N","20090617"
"8B","1st","","bracharia.3",NA,"C","N","20090617"
"8B","1st","","bracharia.eruciformis",NA,"C","N","20090617"
"8B","1st","","chloris.sp",NA,"C","N","20090617"
"8B","1st","","cynodon.dactylon",NA,"C","N","20090617"
"8B","1st","","cynodon.plectostachyus",NA,"C","N","20090617"
"8B","1st","","cyperus...mariscus.spp",NA,"C","N","20090617"
"8B","1st","","digitaria.2",NA,"C","N","20090617"
"8B","1st","","digitaria.milanjiana",NA,"C","N","20090617"
"8B","1st","","dinebra.retroflexa",NA,"C","N","20090617"
"8B","1st","","eragrostis.tenuifolia",NA,"C","N","20090617"
"8B","1st","","harpachne.schimperi",NA,"C","N","20090617"
"8B","1st","","microchloa.kunthii",NA,"C","N","20090617"
"8B","1st","","panicum.astrosanguinum",NA,"C","N","20090617"
"8B","1st","","setaria.acromelaena..small.",NA,"C","N","20090617"
"8B","1st","","setaria.sphaecealata..big.",NA,"C","N","20090617"
"8B","1st","","sporobolus.pyramidalis",NA,"C","N","20090617"
"8B","1st","","tragus.berteronianus",NA,"C","N","20090617"
"8B","1st","","x_3",NA,"C","N","20090617"
"8B","1st","","acalypha.crenata",NA,"C","N","20090617"
"8B","1st","","aerva.lanata",NA,"C","N","20090617"
"8B","1st","","amaranthus.hibridus",NA,"C","N","20090617"
"8B","1st","","aspilia.pluriseta",NA,"C","N","20090617"
"8B","1st","","asterolinon.adoense..v.",NA,"C","N","20090617"
"8B","1st","","caralluma.acutangula",NA,"C","N","20090617"
"8B","1st","","chenopodium.opulifolium",NA,"C","N","20090617"
"8B","1st","","chenopodium.schraderianum",NA,"C","N","20090617"
"8B","1st","","commelina.spp",NA,"C","N","20090617"
"8B","1st","","commicarpus.pedunculosus",NA,"C","N","20090617"
"8B","1st","","conyza.sp",NA,"C","N","20090617"
"8B","1st","","corchorus.sp",NA,"C","N","20090617"
"8B","1st","","crotelaria.sp",NA,"C","N","20090617"
"8B","1st","","cyathula.orthacantha",NA,"C","N","20090617"
"8B","1st","","dyscoriste.radicans",NA,"C","N","20090617"
"8B","1st","","euphorbia.inaequilatera",NA,"C","N","20090617"
"8B","1st","","evolvulus.alsinoides",NA,"C","N","20090617"
"8B","1st","","fern",NA,"C","N","20090617"
"8B","1st","","gutenbergia.sp",NA,"C","N","20090617"
"8B","1st","","hermannia.uhligii",NA,"C","N","20090617"
"8B","1st","","hibiscus.flavifolius",NA,"C","N","20090617"
"8B","1st","","hibiscus.trionum",NA,"C","N","20090617"
"8B","1st","","indigofera.brevicalyx",NA,"C","N","20090617"
"8B","1st","","indigofera.schimperi",NA,"C","N","20090617"
"8B","1st","","ipomea.sinensis",NA,"C","N","20090617"
"8B","1st","","justicia.dichipteroides",NA,"C","N","20090617"
"8B","1st","","k",NA,"C","N","20090617"
"8B","1st","","kyllinga.sp",NA,"C","N","20090617"
"8B","1st","","leucas.glabrata",NA,"C","N","20090617"
"8B","1st","","leucas.martiniscensis",NA,"C","N","20090617"
"8B","1st","","lily.a",NA,"C","N","20090617"
"8B","1st","","lily.b",NA,"C","N","20090617"
"8B","1st","","lippia.javanica",NA,"C","N","20090617"
"8B","1st","","melhania.spp.",NA,"C","N","20090617"
"8B","1st","","misopates.orontium",NA,"C","N","20090617"
"8B","1st","","mollugo.nudicaulis",NA,"C","N","20090617"
"8B","1st","","monechima.debile",NA,"C","N","20090617"
"8B","1st","","monsonia.augustifolia",NA,"C","N","20090617"
"8B","1st","","ocimum.sp",NA,"C","N","20090617"
"8B","1st","","osteospermum.vaillantii",NA,"C","N","20090617"
"8B","1st","","oxygonum.sinuatum",NA,"C","N","20090617"
"8B","1st","","pavonia.patens",NA,"C","N","20090617"
"8B","1st","","pelargonium.alchemilloides",NA,"C","N","20090617"
"8B","1st","","pentanisia.ouranogyne",NA,"C","N","20090617"
"8B","1st","","phyllanthus.maderaspatensis",NA,"C","N","20090617"
"8B","1st","","plectranthus.spp",NA,"C","N","20090617"
"8B","1st","","pollichia.campestris",NA,"C","N","20090617"
"8B","1st","","polygala..l.",NA,"C","N","20090617"
"8B","1st","","polygala.sphenoptera",NA,"C","N","20090617"
"8B","1st","","portulaca.oleracea",NA,"C","N","20090617"
"8B","1st","","portulaca.quadrifida",NA,"C","N","20090617"
"8B","1st","","pseudognaphalium..helichrysum.glumaceum.",NA,"C","N","20090617"
"8B","1st","","psilotrichum.schimperi",NA,"C","N","20090617"
"8B","1st","","rhinacanthus.ndorensis",NA,"C","N","20090617"
"8B","1st","","rhynchosia.holstii",NA,"C","N","20090617"
"8B","1st","","schkuhria.pinnata",NA,"C","N","20090617"
"8B","1st","","sida.2",NA,"C","N","20090617"
"8B","1st","","sida.cuneifolia",NA,"C","N","20090617"
"8B","1st","","solanum.incanum",NA,"C","N","20090617"
"8B","1st","","solanum.indicum",NA,"C","N","20090617"
"8B","1st","","tribulus.terrestris",NA,"C","N","20090617"
"8B","1st","","u",NA,"C","N","20090617"
"8B","1st","","w",NA,"C","N","20090617"
"8B","1st","","x_4",NA,"C","N","20090617"
"8B","1st","","x_5",NA,"C","N","20090617"
"8B","1st","","x_6",NA,"C","N","20090617"
"8B","1st","","x_7",NA,"C","N","20090617"
"8B","1st","","x_8",NA,"C","N","20090617"
"9A","1st","","bracharia.lacnantha",NA,"C","N","20090617"
"9A","1st","","lintonia.nutans",NA,"C","N","20090617"
"9A","1st","","pennisetum.mezianum",NA,"C","N","20090617"
"9A","1st","","pennisetum.straminium",NA,"C","N","20090617"
"9A","1st","","themeda.triandra",NA,"C","N","20090617"
"9A","1st","","bare",2,"C","N","20090617"
"9A","1st","","x_2",NA,"C","N","20090617"
"9A","1st","","aristida.kenyensis",NA,"C","N","20090617"
"9A","1st","","bothriochloa.insculpta",NA,"C","N","20090617"
"9A","1st","","bracharia.3",NA,"C","N","20090617"
"9A","1st","","bracharia.eruciformis",NA,"C","N","20090617"
"9A","1st","","chloris.sp",NA,"C","N","20090617"
"9A","1st","","cynodon.dactylon",NA,"C","N","20090617"
"9A","1st","","cynodon.plectostachyus",NA,"C","N","20090617"
"9A","1st","","cyperus...mariscus.spp",NA,"C","N","20090617"
"9A","1st","","digitaria.2",NA,"C","N","20090617"
"9A","1st","","digitaria.milanjiana",NA,"C","N","20090617"
"9A","1st","","dinebra.retroflexa",NA,"C","N","20090617"
"9A","1st","","eragrostis.tenuifolia",NA,"C","N","20090617"
"9A","1st","","harpachne.schimperi",NA,"C","N","20090617"
"9A","1st","","microchloa.kunthii",NA,"C","N","20090617"
"9A","1st","","panicum.astrosanguinum",NA,"C","N","20090617"
"9A","1st","","setaria.acromelaena..small.",NA,"C","N","20090617"
"9A","1st","","setaria.sphaecealata..big.",NA,"C","N","20090617"
"9A","1st","","sporobolus.pyramidalis",NA,"C","N","20090617"
"9A","1st","","tragus.berteronianus",NA,"C","N","20090617"
"9A","1st","","x_3",NA,"C","N","20090617"
"9A","1st","","acalypha.crenata",NA,"C","N","20090617"
"9A","1st","","aerva.lanata",NA,"C","N","20090617"
"9A","1st","","amaranthus.hibridus",NA,"C","N","20090617"
"9A","1st","","aspilia.pluriseta",NA,"C","N","20090617"
"9A","1st","","asterolinon.adoense..v.",NA,"C","N","20090617"
"9A","1st","","caralluma.acutangula",NA,"C","N","20090617"
"9A","1st","","chenopodium.opulifolium",NA,"C","N","20090617"
"9A","1st","","chenopodium.schraderianum",NA,"C","N","20090617"
"9A","1st","","commelina.spp",NA,"C","N","20090617"
"9A","1st","","commicarpus.pedunculosus",NA,"C","N","20090617"
"9A","1st","","conyza.sp",NA,"C","N","20090617"
"9A","1st","","corchorus.sp",NA,"C","N","20090617"
"9A","1st","","crotelaria.sp",NA,"C","N","20090617"
"9A","1st","","cyathula.orthacantha",NA,"C","N","20090617"
"9A","1st","","dyscoriste.radicans",NA,"C","N","20090617"
"9A","1st","","euphorbia.inaequilatera",NA,"C","N","20090617"
"9A","1st","","evolvulus.alsinoides",NA,"C","N","20090617"
"9A","1st","","fern",NA,"C","N","20090617"
"9A","1st","","gutenbergia.sp",NA,"C","N","20090617"
"9A","1st","","hermannia.uhligii",NA,"C","N","20090617"
"9A","1st","","hibiscus.flavifolius",NA,"C","N","20090617"
"9A","1st","","hibiscus.trionum",NA,"C","N","20090617"
"9A","1st","","indigofera.brevicalyx",NA,"C","N","20090617"
"9A","1st","","indigofera.schimperi",NA,"C","N","20090617"
"9A","1st","","ipomea.sinensis",NA,"C","N","20090617"
"9A","1st","","justicia.dichipteroides",NA,"C","N","20090617"
"9A","1st","","k",NA,"C","N","20090617"
"9A","1st","","kyllinga.sp",NA,"C","N","20090617"
"9A","1st","","leucas.glabrata",NA,"C","N","20090617"
"9A","1st","","leucas.martiniscensis",NA,"C","N","20090617"
"9A","1st","","lily.a",NA,"C","N","20090617"
"9A","1st","","lily.b",NA,"C","N","20090617"
"9A","1st","","lippia.javanica",NA,"C","N","20090617"
"9A","1st","","melhania.spp.",NA,"C","N","20090617"
"9A","1st","","misopates.orontium",NA,"C","N","20090617"
"9A","1st","","mollugo.nudicaulis",NA,"C","N","20090617"
"9A","1st","","monechima.debile",NA,"C","N","20090617"
"9A","1st","","monsonia.augustifolia",NA,"C","N","20090617"
"9A","1st","","ocimum.sp",NA,"C","N","20090617"
"9A","1st","","osteospermum.vaillantii",NA,"C","N","20090617"
"9A","1st","","oxygonum.sinuatum",NA,"C","N","20090617"
"9A","1st","","pavonia.patens",NA,"C","N","20090617"
"9A","1st","","pelargonium.alchemilloides",NA,"C","N","20090617"
"9A","1st","","pentanisia.ouranogyne",NA,"C","N","20090617"
"9A","1st","","phyllanthus.maderaspatensis",NA,"C","N","20090617"
"9A","1st","","plectranthus.spp",NA,"C","N","20090617"
"9A","1st","","pollichia.campestris",NA,"C","N","20090617"
"9A","1st","","polygala..l.",NA,"C","N","20090617"
"9A","1st","","polygala.sphenoptera",NA,"C","N","20090617"
"9A","1st","","portulaca.oleracea",NA,"C","N","20090617"
"9A","1st","","portulaca.quadrifida",NA,"C","N","20090617"
"9A","1st","","pseudognaphalium..helichrysum.glumaceum.",NA,"C","N","20090617"
"9A","1st","","psilotrichum.schimperi",NA,"C","N","20090617"
"9A","1st","","rhinacanthus.ndorensis",NA,"C","N","20090617"
"9A","1st","","rhynchosia.holstii",NA,"C","N","20090617"
"9A","1st","","schkuhria.pinnata",NA,"C","N","20090617"
"9A","1st","","sida.2",NA,"C","N","20090617"
"9A","1st","","sida.cuneifolia",NA,"C","N","20090617"
"9A","1st","","solanum.incanum",NA,"C","N","20090617"
"9A","1st","","solanum.indicum",NA,"C","N","20090617"
"9A","1st","","tribulus.terrestris",NA,"C","N","20090617"
"9A","1st","","u",NA,"C","N","20090617"
"9A","1st","","w",NA,"C","N","20090617"
"9A","1st","","x_4",NA,"C","N","20090617"
"9A","1st","","x_5",NA,"C","N","20090617"
"9A","1st","","x_6",NA,"C","N","20090617"
"9A","1st","","x_7",NA,"C","N","20090617"
"9A","1st","","x_8",NA,"C","N","20090617"
"9C","1st","","bracharia.lacnantha",NA,"C","N","20090617"
"9C","1st","","lintonia.nutans",NA,"C","N","20090617"
"9C","1st","","pennisetum.mezianum",NA,"C","N","20090617"
"9C","1st","","pennisetum.straminium",NA,"C","N","20090617"
"9C","1st","","themeda.triandra",NA,"C","N","20090617"
"9C","1st","","bare",2,"C","N","20090617"
"9C","1st","","x_2",NA,"C","N","20090617"
"9C","1st","","aristida.kenyensis",NA,"C","N","20090617"
"9C","1st","","bothriochloa.insculpta",NA,"C","N","20090617"
"9C","1st","","bracharia.3",NA,"C","N","20090617"
"9C","1st","","bracharia.eruciformis",NA,"C","N","20090617"
"9C","1st","","chloris.sp",NA,"C","N","20090617"
"9C","1st","","cynodon.dactylon",NA,"C","N","20090617"
"9C","1st","","cynodon.plectostachyus",NA,"C","N","20090617"
"9C","1st","","cyperus...mariscus.spp",1,"C","N","20090617"
"9C","1st","","digitaria.2",NA,"C","N","20090617"
"9C","1st","","digitaria.milanjiana",NA,"C","N","20090617"
"9C","1st","","dinebra.retroflexa",NA,"C","N","20090617"
"9C","1st","","eragrostis.tenuifolia",NA,"C","N","20090617"
"9C","1st","","harpachne.schimperi",NA,"C","N","20090617"
"9C","1st","","microchloa.kunthii",NA,"C","N","20090617"
"9C","1st","","panicum.astrosanguinum",NA,"C","N","20090617"
"9C","1st","","setaria.acromelaena..small.",NA,"C","N","20090617"
"9C","1st","","setaria.sphaecealata..big.",NA,"C","N","20090617"
"9C","1st","","sporobolus.pyramidalis",NA,"C","N","20090617"
"9C","1st","","tragus.berteronianus",NA,"C","N","20090617"
"9C","1st","","x_3",NA,"C","N","20090617"
"9C","1st","","acalypha.crenata",NA,"C","N","20090617"
"9C","1st","","aerva.lanata",NA,"C","N","20090617"
"9C","1st","","amaranthus.hibridus",NA,"C","N","20090617"
"9C","1st","","aspilia.pluriseta",NA,"C","N","20090617"
"9C","1st","","asterolinon.adoense..v.",NA,"C","N","20090617"
"9C","1st","","caralluma.acutangula",NA,"C","N","20090617"
"9C","1st","","chenopodium.opulifolium",NA,"C","N","20090617"
"9C","1st","","chenopodium.schraderianum",NA,"C","N","20090617"
"9C","1st","","commelina.spp",NA,"C","N","20090617"
"9C","1st","","commicarpus.pedunculosus",NA,"C","N","20090617"
"9C","1st","","conyza.sp",NA,"C","N","20090617"
"9C","1st","","corchorus.sp",NA,"C","N","20090617"
"9C","1st","","crotelaria.sp",NA,"C","N","20090617"
"9C","1st","","cyathula.orthacantha",NA,"C","N","20090617"
"9C","1st","","dyscoriste.radicans",NA,"C","N","20090617"
"9C","1st","","euphorbia.inaequilatera",NA,"C","N","20090617"
"9C","1st","","evolvulus.alsinoides",NA,"C","N","20090617"
"9C","1st","","fern",NA,"C","N","20090617"
"9C","1st","","gutenbergia.sp",NA,"C","N","20090617"
"9C","1st","","hermannia.uhligii",NA,"C","N","20090617"
"9C","1st","","hibiscus.flavifolius",NA,"C","N","20090617"
"9C","1st","","hibiscus.trionum",NA,"C","N","20090617"
"9C","1st","","indigofera.brevicalyx",NA,"C","N","20090617"
"9C","1st","","indigofera.schimperi",NA,"C","N","20090617"
"9C","1st","","ipomea.sinensis",NA,"C","N","20090617"
"9C","1st","","justicia.dichipteroides",NA,"C","N","20090617"
"9C","1st","","k",NA,"C","N","20090617"
"9C","1st","","kyllinga.sp",NA,"C","N","20090617"
"9C","1st","","leucas.glabrata",NA,"C","N","20090617"
"9C","1st","","leucas.martiniscensis",NA,"C","N","20090617"
"9C","1st","","lily.a",NA,"C","N","20090617"
"9C","1st","","lily.b",NA,"C","N","20090617"
"9C","1st","","lippia.javanica",NA,"C","N","20090617"
"9C","1st","","melhania.spp.",NA,"C","N","20090617"
"9C","1st","","misopates.orontium",NA,"C","N","20090617"
"9C","1st","","mollugo.nudicaulis",NA,"C","N","20090617"
"9C","1st","","monechima.debile",NA,"C","N","20090617"
"9C","1st","","monsonia.augustifolia",NA,"C","N","20090617"
"9C","1st","","ocimum.sp",NA,"C","N","20090617"
"9C","1st","","osteospermum.vaillantii",NA,"C","N","20090617"
"9C","1st","","oxygonum.sinuatum",NA,"C","N","20090617"
"9C","1st","","pavonia.patens",NA,"C","N","20090617"
"9C","1st","","pelargonium.alchemilloides",NA,"C","N","20090617"
"9C","1st","","pentanisia.ouranogyne",NA,"C","N","20090617"
"9C","1st","","phyllanthus.maderaspatensis",NA,"C","N","20090617"
"9C","1st","","plectranthus.spp",NA,"C","N","20090617"
"9C","1st","","pollichia.campestris",NA,"C","N","20090617"
"9C","1st","","polygala..l.",NA,"C","N","20090617"
"9C","1st","","polygala.sphenoptera",NA,"C","N","20090617"
"9C","1st","","portulaca.oleracea",NA,"C","N","20090617"
"9C","1st","","portulaca.quadrifida",NA,"C","N","20090617"
"9C","1st","","pseudognaphalium..helichrysum.glumaceum.",NA,"C","N","20090617"
"9C","1st","","psilotrichum.schimperi",NA,"C","N","20090617"
"9C","1st","","rhinacanthus.ndorensis",NA,"C","N","20090617"
"9C","1st","","rhynchosia.holstii",NA,"C","N","20090617"
"9C","1st","","schkuhria.pinnata",NA,"C","N","20090617"
"9C","1st","","sida.2",NA,"C","N","20090617"
"9C","1st","","sida.cuneifolia",NA,"C","N","20090617"
"9C","1st","","solanum.incanum",NA,"C","N","20090617"
"9C","1st","","solanum.indicum",NA,"C","N","20090617"
"9C","1st","","tribulus.terrestris",NA,"C","N","20090617"
"9C","1st","","u",NA,"C","N","20090617"
"9C","1st","","w",NA,"C","N","20090617"
"9C","1st","","x_4",NA,"C","N","20090617"
"9C","1st","","x_5",NA,"C","N","20090617"
"9C","1st","","x_6",NA,"C","N","20090617"
"9C","1st","","x_7",NA,"C","N","20090617"
"9C","1st","","x_8",NA,"C","N","20090617"
"9E","1st","","bracharia.lacnantha",NA,"C","N","20090617"
"9E","1st","","lintonia.nutans",NA,"C","N","20090617"
"9E","1st","","pennisetum.mezianum",NA,"C","N","20090617"
"9E","1st","","pennisetum.straminium",NA,"C","N","20090617"
"9E","1st","","themeda.triandra",NA,"C","N","20090617"
"9E","1st","","bare",2,"C","N","20090617"
"9E","1st","","x_2",NA,"C","N","20090617"
"9E","1st","","aristida.kenyensis",NA,"C","N","20090617"
"9E","1st","","bothriochloa.insculpta",NA,"C","N","20090617"
"9E","1st","","bracharia.3",NA,"C","N","20090617"
"9E","1st","","bracharia.eruciformis",NA,"C","N","20090617"
"9E","1st","","chloris.sp",NA,"C","N","20090617"
"9E","1st","","cynodon.dactylon",NA,"C","N","20090617"
"9E","1st","","cynodon.plectostachyus",NA,"C","N","20090617"
"9E","1st","","cyperus...mariscus.spp",NA,"C","N","20090617"
"9E","1st","","digitaria.2",NA,"C","N","20090617"
"9E","1st","","digitaria.milanjiana",NA,"C","N","20090617"
"9E","1st","","dinebra.retroflexa",NA,"C","N","20090617"
"9E","1st","","eragrostis.tenuifolia",NA,"C","N","20090617"
"9E","1st","","harpachne.schimperi",NA,"C","N","20090617"
"9E","1st","","microchloa.kunthii",NA,"C","N","20090617"
"9E","1st","","panicum.astrosanguinum",NA,"C","N","20090617"
"9E","1st","","setaria.acromelaena..small.",NA,"C","N","20090617"
"9E","1st","","setaria.sphaecealata..big.",NA,"C","N","20090617"
"9E","1st","","sporobolus.pyramidalis",NA,"C","N","20090617"
"9E","1st","","tragus.berteronianus",NA,"C","N","20090617"
"9E","1st","","x_3",NA,"C","N","20090617"
"9E","1st","","acalypha.crenata",NA,"C","N","20090617"
"9E","1st","","aerva.lanata",NA,"C","N","20090617"
"9E","1st","","amaranthus.hibridus",NA,"C","N","20090617"
"9E","1st","","aspilia.pluriseta",NA,"C","N","20090617"
"9E","1st","","asterolinon.adoense..v.",NA,"C","N","20090617"
"9E","1st","","caralluma.acutangula",NA,"C","N","20090617"
"9E","1st","","chenopodium.opulifolium",NA,"C","N","20090617"
"9E","1st","","chenopodium.schraderianum",NA,"C","N","20090617"
"9E","1st","","commelina.spp",NA,"C","N","20090617"
"9E","1st","","commicarpus.pedunculosus",NA,"C","N","20090617"
"9E","1st","","conyza.sp",NA,"C","N","20090617"
"9E","1st","","corchorus.sp",NA,"C","N","20090617"
"9E","1st","","crotelaria.sp",NA,"C","N","20090617"
"9E","1st","","cyathula.orthacantha",NA,"C","N","20090617"
"9E","1st","","dyscoriste.radicans",NA,"C","N","20090617"
"9E","1st","","euphorbia.inaequilatera",NA,"C","N","20090617"
"9E","1st","","evolvulus.alsinoides",NA,"C","N","20090617"
"9E","1st","","fern",NA,"C","N","20090617"
"9E","1st","","gutenbergia.sp",NA,"C","N","20090617"
"9E","1st","","hermannia.uhligii",NA,"C","N","20090617"
"9E","1st","","hibiscus.flavifolius",NA,"C","N","20090617"
"9E","1st","","hibiscus.trionum",NA,"C","N","20090617"
"9E","1st","","indigofera.brevicalyx",NA,"C","N","20090617"
"9E","1st","","indigofera.schimperi",NA,"C","N","20090617"
"9E","1st","","ipomea.sinensis",NA,"C","N","20090617"
"9E","1st","","justicia.dichipteroides",NA,"C","N","20090617"
"9E","1st","","k",NA,"C","N","20090617"
"9E","1st","","kyllinga.sp",NA,"C","N","20090617"
"9E","1st","","leucas.glabrata",NA,"C","N","20090617"
"9E","1st","","leucas.martiniscensis",NA,"C","N","20090617"
"9E","1st","","lily.a",NA,"C","N","20090617"
"9E","1st","","lily.b",NA,"C","N","20090617"
"9E","1st","","lippia.javanica",NA,"C","N","20090617"
"9E","1st","","melhania.spp.",NA,"C","N","20090617"
"9E","1st","","misopates.orontium",NA,"C","N","20090617"
"9E","1st","","mollugo.nudicaulis",NA,"C","N","20090617"
"9E","1st","","monechima.debile",NA,"C","N","20090617"
"9E","1st","","monsonia.augustifolia",NA,"C","N","20090617"
"9E","1st","","ocimum.sp",NA,"C","N","20090617"
"9E","1st","","osteospermum.vaillantii",NA,"C","N","20090617"
"9E","1st","","oxygonum.sinuatum",NA,"C","N","20090617"
"9E","1st","","pavonia.patens",NA,"C","N","20090617"
"9E","1st","","pelargonium.alchemilloides",NA,"C","N","20090617"
"9E","1st","","pentanisia.ouranogyne",NA,"C","N","20090617"
"9E","1st","","phyllanthus.maderaspatensis",NA,"C","N","20090617"
"9E","1st","","plectranthus.spp",NA,"C","N","20090617"
"9E","1st","","pollichia.campestris",NA,"C","N","20090617"
"9E","1st","","polygala..l.",NA,"C","N","20090617"
"9E","1st","","polygala.sphenoptera",NA,"C","N","20090617"
"9E","1st","","portulaca.oleracea",NA,"C","N","20090617"
"9E","1st","","portulaca.quadrifida",NA,"C","N","20090617"
"9E","1st","","pseudognaphalium..helichrysum.glumaceum.",NA,"C","N","20090617"
"9E","1st","","psilotrichum.schimperi",1,"C","N","20090617"
"9E","1st","","rhinacanthus.ndorensis",NA,"C","N","20090617"
"9E","1st","","rhynchosia.holstii",NA,"C","N","20090617"
"9E","1st","","schkuhria.pinnata",NA,"C","N","20090617"
"9E","1st","","sida.2",NA,"C","N","20090617"
"9E","1st","","sida.cuneifolia",NA,"C","N","20090617"
"9E","1st","","solanum.incanum",NA,"C","N","20090617"
"9E","1st","","solanum.indicum",NA,"C","N","20090617"
"9E","1st","","tribulus.terrestris",NA,"C","N","20090617"
"9E","1st","","u",NA,"C","N","20090617"
"9E","1st","","w",NA,"C","N","20090617"
"9E","1st","","x_4",NA,"C","N","20090617"
"9E","1st","","x_5",NA,"C","N","20090617"
"9E","1st","","x_6",NA,"C","N","20090617"
"9E","1st","","x_7",NA,"C","N","20090617"
"9E","1st","","x_8",NA,"C","N","20090617"
"9G","1st","","bracharia.lacnantha",NA,"C","N","20090617"
"9G","1st","","lintonia.nutans",NA,"C","N","20090617"
"9G","1st","","pennisetum.mezianum",NA,"C","N","20090617"
"9G","1st","","pennisetum.straminium",NA,"C","N","20090617"
"9G","1st","","themeda.triandra",NA,"C","N","20090617"
"9G","1st","","bare",7,"C","N","20090617"
"9G","1st","","x_2",NA,"C","N","20090617"
"9G","1st","","aristida.kenyensis",NA,"C","N","20090617"
"9G","1st","","bothriochloa.insculpta",NA,"C","N","20090617"
"9G","1st","","bracharia.3",NA,"C","N","20090617"
"9G","1st","","bracharia.eruciformis",NA,"C","N","20090617"
"9G","1st","","chloris.sp",NA,"C","N","20090617"
"9G","1st","","cynodon.dactylon",NA,"C","N","20090617"
"9G","1st","","cynodon.plectostachyus",NA,"C","N","20090617"
"9G","1st","","cyperus...mariscus.spp",NA,"C","N","20090617"
"9G","1st","","digitaria.2",NA,"C","N","20090617"
"9G","1st","","digitaria.milanjiana",NA,"C","N","20090617"
"9G","1st","","dinebra.retroflexa",NA,"C","N","20090617"
"9G","1st","","eragrostis.tenuifolia",NA,"C","N","20090617"
"9G","1st","","harpachne.schimperi",NA,"C","N","20090617"
"9G","1st","","microchloa.kunthii",NA,"C","N","20090617"
"9G","1st","","panicum.astrosanguinum",NA,"C","N","20090617"
"9G","1st","","setaria.acromelaena..small.",NA,"C","N","20090617"
"9G","1st","","setaria.sphaecealata..big.",NA,"C","N","20090617"
"9G","1st","","sporobolus.pyramidalis",NA,"C","N","20090617"
"9G","1st","","tragus.berteronianus",NA,"C","N","20090617"
"9G","1st","","x_3",NA,"C","N","20090617"
"9G","1st","","acalypha.crenata",NA,"C","N","20090617"
"9G","1st","","aerva.lanata",NA,"C","N","20090617"
"9G","1st","","amaranthus.hibridus",NA,"C","N","20090617"
"9G","1st","","aspilia.pluriseta",NA,"C","N","20090617"
"9G","1st","","asterolinon.adoense..v.",NA,"C","N","20090617"
"9G","1st","","caralluma.acutangula",NA,"C","N","20090617"
"9G","1st","","chenopodium.opulifolium",NA,"C","N","20090617"
"9G","1st","","chenopodium.schraderianum",NA,"C","N","20090617"
"9G","1st","","commelina.spp",NA,"C","N","20090617"
"9G","1st","","commicarpus.pedunculosus",NA,"C","N","20090617"
"9G","1st","","conyza.sp",NA,"C","N","20090617"
"9G","1st","","corchorus.sp",NA,"C","N","20090617"
"9G","1st","","crotelaria.sp",NA,"C","N","20090617"
"9G","1st","","cyathula.orthacantha",NA,"C","N","20090617"
"9G","1st","","dyscoriste.radicans",NA,"C","N","20090617"
"9G","1st","","euphorbia.inaequilatera",NA,"C","N","20090617"
"9G","1st","","evolvulus.alsinoides",NA,"C","N","20090617"
"9G","1st","","fern",NA,"C","N","20090617"
"9G","1st","","gutenbergia.sp",NA,"C","N","20090617"
"9G","1st","","hermannia.uhligii",NA,"C","N","20090617"
"9G","1st","","hibiscus.flavifolius",NA,"C","N","20090617"
"9G","1st","","hibiscus.trionum",NA,"C","N","20090617"
"9G","1st","","indigofera.brevicalyx",NA,"C","N","20090617"
"9G","1st","","indigofera.schimperi",NA,"C","N","20090617"
"9G","1st","","ipomea.sinensis",NA,"C","N","20090617"
"9G","1st","","justicia.dichipteroides",NA,"C","N","20090617"
"9G","1st","","k",NA,"C","N","20090617"
"9G","1st","","kyllinga.sp",NA,"C","N","20090617"
"9G","1st","","leucas.glabrata",NA,"C","N","20090617"
"9G","1st","","leucas.martiniscensis",NA,"C","N","20090617"
"9G","1st","","lily.a",NA,"C","N","20090617"
"9G","1st","","lily.b",NA,"C","N","20090617"
"9G","1st","","lippia.javanica",NA,"C","N","20090617"
"9G","1st","","melhania.spp.",NA,"C","N","20090617"
"9G","1st","","misopates.orontium",NA,"C","N","20090617"
"9G","1st","","mollugo.nudicaulis",NA,"C","N","20090617"
"9G","1st","","monechima.debile",NA,"C","N","20090617"
"9G","1st","","monsonia.augustifolia",NA,"C","N","20090617"
"9G","1st","","ocimum.sp",NA,"C","N","20090617"
"9G","1st","","osteospermum.vaillantii",NA,"C","N","20090617"
"9G","1st","","oxygonum.sinuatum",NA,"C","N","20090617"
"9G","1st","","pavonia.patens",NA,"C","N","20090617"
"9G","1st","","pelargonium.alchemilloides",NA,"C","N","20090617"
"9G","1st","","pentanisia.ouranogyne",NA,"C","N","20090617"
"9G","1st","","phyllanthus.maderaspatensis",NA,"C","N","20090617"
"9G","1st","","plectranthus.spp",NA,"C","N","20090617"
"9G","1st","","pollichia.campestris",NA,"C","N","20090617"
"9G","1st","","polygala..l.",NA,"C","N","20090617"
"9G","1st","","polygala.sphenoptera",NA,"C","N","20090617"
"9G","1st","","portulaca.oleracea",NA,"C","N","20090617"
"9G","1st","","portulaca.quadrifida",NA,"C","N","20090617"
"9G","1st","","pseudognaphalium..helichrysum.glumaceum.",NA,"C","N","20090617"
"9G","1st","","psilotrichum.schimperi",NA,"C","N","20090617"
"9G","1st","","rhinacanthus.ndorensis",NA,"C","N","20090617"
"9G","1st","","rhynchosia.holstii",NA,"C","N","20090617"
"9G","1st","","schkuhria.pinnata",NA,"C","N","20090617"
"9G","1st","","sida.2",NA,"C","N","20090617"
"9G","1st","","sida.cuneifolia",NA,"C","N","20090617"
"9G","1st","","solanum.incanum",NA,"C","N","20090617"
"9G","1st","","solanum.indicum",NA,"C","N","20090617"
"9G","1st","","tribulus.terrestris",NA,"C","N","20090617"
"9G","1st","","u",NA,"C","N","20090617"
"9G","1st","","w",NA,"C","N","20090617"
"9G","1st","","x_4",NA,"C","N","20090617"
"9G","1st","","x_5",NA,"C","N","20090617"
"9G","1st","","x_6",NA,"C","N","20090617"
"9G","1st","","x_7",NA,"C","N","20090617"
"9G","1st","","x_8",NA,"C","N","20090617"
"9I","1st","","bracharia.lacnantha",NA,"C","N","20090617"
"9I","1st","","lintonia.nutans",NA,"C","N","20090617"
"9I","1st","","pennisetum.mezianum",NA,"C","N","20090617"
"9I","1st","","pennisetum.straminium",NA,"C","N","20090617"
"9I","1st","","themeda.triandra",NA,"C","N","20090617"
"9I","1st","","bare",2,"C","N","20090617"
"9I","1st","","x_2",NA,"C","N","20090617"
"9I","1st","","aristida.kenyensis",NA,"C","N","20090617"
"9I","1st","","bothriochloa.insculpta",NA,"C","N","20090617"
"9I","1st","","bracharia.3",NA,"C","N","20090617"
"9I","1st","","bracharia.eruciformis",NA,"C","N","20090617"
"9I","1st","","chloris.sp",NA,"C","N","20090617"
"9I","1st","","cynodon.dactylon",NA,"C","N","20090617"
"9I","1st","","cynodon.plectostachyus",NA,"C","N","20090617"
"9I","1st","","cyperus...mariscus.spp",NA,"C","N","20090617"
"9I","1st","","digitaria.2",NA,"C","N","20090617"
"9I","1st","","digitaria.milanjiana",NA,"C","N","20090617"
"9I","1st","","dinebra.retroflexa",NA,"C","N","20090617"
"9I","1st","","eragrostis.tenuifolia",NA,"C","N","20090617"
"9I","1st","","harpachne.schimperi",NA,"C","N","20090617"
"9I","1st","","microchloa.kunthii",NA,"C","N","20090617"
"9I","1st","","panicum.astrosanguinum",NA,"C","N","20090617"
"9I","1st","","setaria.acromelaena..small.",NA,"C","N","20090617"
"9I","1st","","setaria.sphaecealata..big.",NA,"C","N","20090617"
"9I","1st","","sporobolus.pyramidalis",NA,"C","N","20090617"
"9I","1st","","tragus.berteronianus",NA,"C","N","20090617"
"9I","1st","","x_3",NA,"C","N","20090617"
"9I","1st","","acalypha.crenata",NA,"C","N","20090617"
"9I","1st","","aerva.lanata",NA,"C","N","20090617"
"9I","1st","","amaranthus.hibridus",NA,"C","N","20090617"
"9I","1st","","aspilia.pluriseta",NA,"C","N","20090617"
"9I","1st","","asterolinon.adoense..v.",NA,"C","N","20090617"
"9I","1st","","caralluma.acutangula",NA,"C","N","20090617"
"9I","1st","","chenopodium.opulifolium",NA,"C","N","20090617"
"9I","1st","","chenopodium.schraderianum",NA,"C","N","20090617"
"9I","1st","","commelina.spp",NA,"C","N","20090617"
"9I","1st","","commicarpus.pedunculosus",NA,"C","N","20090617"
"9I","1st","","conyza.sp",NA,"C","N","20090617"
"9I","1st","","corchorus.sp",NA,"C","N","20090617"
"9I","1st","","crotelaria.sp",NA,"C","N","20090617"
"9I","1st","","cyathula.orthacantha",NA,"C","N","20090617"
"9I","1st","","dyscoriste.radicans",NA,"C","N","20090617"
"9I","1st","","euphorbia.inaequilatera",NA,"C","N","20090617"
"9I","1st","","evolvulus.alsinoides",NA,"C","N","20090617"
"9I","1st","","fern",NA,"C","N","20090617"
"9I","1st","","gutenbergia.sp",NA,"C","N","20090617"
"9I","1st","","hermannia.uhligii",NA,"C","N","20090617"
"9I","1st","","hibiscus.flavifolius",NA,"C","N","20090617"
"9I","1st","","hibiscus.trionum",NA,"C","N","20090617"
"9I","1st","","indigofera.brevicalyx",NA,"C","N","20090617"
"9I","1st","","indigofera.schimperi",NA,"C","N","20090617"
"9I","1st","","ipomea.sinensis",NA,"C","N","20090617"
"9I","1st","","justicia.dichipteroides",NA,"C","N","20090617"
"9I","1st","","k",NA,"C","N","20090617"
"9I","1st","","kyllinga.sp",NA,"C","N","20090617"
"9I","1st","","leucas.glabrata",NA,"C","N","20090617"
"9I","1st","","leucas.martiniscensis",NA,"C","N","20090617"
"9I","1st","","lily.a",NA,"C","N","20090617"
"9I","1st","","lily.b",NA,"C","N","20090617"
"9I","1st","","lippia.javanica",NA,"C","N","20090617"
"9I","1st","","melhania.spp.",NA,"C","N","20090617"
"9I","1st","","misopates.orontium",NA,"C","N","20090617"
"9I","1st","","mollugo.nudicaulis",NA,"C","N","20090617"
"9I","1st","","monechima.debile",NA,"C","N","20090617"
"9I","1st","","monsonia.augustifolia",NA,"C","N","20090617"
"9I","1st","","ocimum.sp",NA,"C","N","20090617"
"9I","1st","","osteospermum.vaillantii",NA,"C","N","20090617"
"9I","1st","","oxygonum.sinuatum",NA,"C","N","20090617"
"9I","1st","","pavonia.patens",NA,"C","N","20090617"
"9I","1st","","pelargonium.alchemilloides",NA,"C","N","20090617"
"9I","1st","","pentanisia.ouranogyne",NA,"C","N","20090617"
"9I","1st","","phyllanthus.maderaspatensis",NA,"C","N","20090617"
"9I","1st","","plectranthus.spp",NA,"C","N","20090617"
"9I","1st","","pollichia.campestris",NA,"C","N","20090617"
"9I","1st","","polygala..l.",NA,"C","N","20090617"
"9I","1st","","polygala.sphenoptera",NA,"C","N","20090617"
"9I","1st","","portulaca.oleracea",NA,"C","N","20090617"
"9I","1st","","portulaca.quadrifida",NA,"C","N","20090617"
"9I","1st","","pseudognaphalium..helichrysum.glumaceum.",NA,"C","N","20090617"
"9I","1st","","psilotrichum.schimperi",NA,"C","N","20090617"
"9I","1st","","rhinacanthus.ndorensis",NA,"C","N","20090617"
"9I","1st","","rhynchosia.holstii",NA,"C","N","20090617"
"9I","1st","","schkuhria.pinnata",NA,"C","N","20090617"
"9I","1st","","sida.2",NA,"C","N","20090617"
"9I","1st","","sida.cuneifolia",NA,"C","N","20090617"
"9I","1st","","solanum.incanum",NA,"C","N","20090617"
"9I","1st","","solanum.indicum",NA,"C","N","20090617"
"9I","1st","","tribulus.terrestris",NA,"C","N","20090617"
"9I","1st","","u",NA,"C","N","20090617"
"9I","1st","","w",NA,"C","N","20090617"
"9I","1st","","x_4",NA,"C","N","20090617"
"9I","1st","","x_5",NA,"C","N","20090617"
"9I","1st","","x_6",NA,"C","N","20090617"
"9I","1st","","x_7",NA,"C","N","20090617"
"9I","1st","","x_8",NA,"C","N","20090617"
"10J","1st","","bracharia.lacnantha",NA,"C","N","20090617"
"10J","1st","","lintonia.nutans",NA,"C","N","20090617"
"10J","1st","","pennisetum.mezianum",NA,"C","N","20090617"
"10J","1st","","pennisetum.straminium",NA,"C","N","20090617"
"10J","1st","","themeda.triandra",NA,"C","N","20090617"
"10J","1st","","bare",9,"C","N","20090617"
"10J","1st","","x_2",NA,"C","N","20090617"
"10J","1st","","aristida.kenyensis",NA,"C","N","20090617"
"10J","1st","","bothriochloa.insculpta",NA,"C","N","20090617"
"10J","1st","","bracharia.3",NA,"C","N","20090617"
"10J","1st","","bracharia.eruciformis",NA,"C","N","20090617"
"10J","1st","","chloris.sp",NA,"C","N","20090617"
"10J","1st","","cynodon.dactylon",NA,"C","N","20090617"
"10J","1st","","cynodon.plectostachyus",NA,"C","N","20090617"
"10J","1st","","cyperus...mariscus.spp",NA,"C","N","20090617"
"10J","1st","","digitaria.2",NA,"C","N","20090617"
"10J","1st","","digitaria.milanjiana",NA,"C","N","20090617"
"10J","1st","","dinebra.retroflexa",NA,"C","N","20090617"
"10J","1st","","eragrostis.tenuifolia",NA,"C","N","20090617"
"10J","1st","","harpachne.schimperi",NA,"C","N","20090617"
"10J","1st","","microchloa.kunthii",NA,"C","N","20090617"
"10J","1st","","panicum.astrosanguinum",NA,"C","N","20090617"
"10J","1st","","setaria.acromelaena..small.",NA,"C","N","20090617"
"10J","1st","","setaria.sphaecealata..big.",NA,"C","N","20090617"
"10J","1st","","sporobolus.pyramidalis",NA,"C","N","20090617"
"10J","1st","","tragus.berteronianus",NA,"C","N","20090617"
"10J","1st","","x_3",NA,"C","N","20090617"
"10J","1st","","acalypha.crenata",NA,"C","N","20090617"
"10J","1st","","aerva.lanata",NA,"C","N","20090617"
"10J","1st","","amaranthus.hibridus",NA,"C","N","20090617"
"10J","1st","","aspilia.pluriseta",NA,"C","N","20090617"
"10J","1st","","asterolinon.adoense..v.",NA,"C","N","20090617"
"10J","1st","","caralluma.acutangula",NA,"C","N","20090617"
"10J","1st","","chenopodium.opulifolium",NA,"C","N","20090617"
"10J","1st","","chenopodium.schraderianum",NA,"C","N","20090617"
"10J","1st","","commelina.spp",NA,"C","N","20090617"
"10J","1st","","commicarpus.pedunculosus",NA,"C","N","20090617"
"10J","1st","","conyza.sp",NA,"C","N","20090617"
"10J","1st","","corchorus.sp",NA,"C","N","20090617"
"10J","1st","","crotelaria.sp",NA,"C","N","20090617"
"10J","1st","","cyathula.orthacantha",NA,"C","N","20090617"
"10J","1st","","dyscoriste.radicans",NA,"C","N","20090617"
"10J","1st","","euphorbia.inaequilatera",NA,"C","N","20090617"
"10J","1st","","evolvulus.alsinoides",NA,"C","N","20090617"
"10J","1st","","fern",NA,"C","N","20090617"
"10J","1st","","gutenbergia.sp",NA,"C","N","20090617"
"10J","1st","","hermannia.uhligii",NA,"C","N","20090617"
"10J","1st","","hibiscus.flavifolius",NA,"C","N","20090617"
"10J","1st","","hibiscus.trionum",NA,"C","N","20090617"
"10J","1st","","indigofera.brevicalyx",NA,"C","N","20090617"
"10J","1st","","indigofera.schimperi",NA,"C","N","20090617"
"10J","1st","","ipomea.sinensis",NA,"C","N","20090617"
"10J","1st","","justicia.dichipteroides",NA,"C","N","20090617"
"10J","1st","","k",NA,"C","N","20090617"
"10J","1st","","kyllinga.sp",NA,"C","N","20090617"
"10J","1st","","leucas.glabrata",NA,"C","N","20090617"
"10J","1st","","leucas.martiniscensis",NA,"C","N","20090617"
"10J","1st","","lily.a",NA,"C","N","20090617"
"10J","1st","","lily.b",NA,"C","N","20090617"
"10J","1st","","lippia.javanica",NA,"C","N","20090617"
"10J","1st","","melhania.spp.",NA,"C","N","20090617"
"10J","1st","","misopates.orontium",NA,"C","N","20090617"
"10J","1st","","mollugo.nudicaulis",NA,"C","N","20090617"
"10J","1st","","monechima.debile",NA,"C","N","20090617"
"10J","1st","","monsonia.augustifolia",NA,"C","N","20090617"
"10J","1st","","ocimum.sp",NA,"C","N","20090617"
"10J","1st","","osteospermum.vaillantii",NA,"C","N","20090617"
"10J","1st","","oxygonum.sinuatum",NA,"C","N","20090617"
"10J","1st","","pavonia.patens",NA,"C","N","20090617"
"10J","1st","","pelargonium.alchemilloides",NA,"C","N","20090617"
"10J","1st","","pentanisia.ouranogyne",NA,"C","N","20090617"
"10J","1st","","phyllanthus.maderaspatensis",NA,"C","N","20090617"
"10J","1st","","plectranthus.spp",NA,"C","N","20090617"
"10J","1st","","pollichia.campestris",NA,"C","N","20090617"
"10J","1st","","polygala..l.",NA,"C","N","20090617"
"10J","1st","","polygala.sphenoptera",NA,"C","N","20090617"
"10J","1st","","portulaca.oleracea",NA,"C","N","20090617"
"10J","1st","","portulaca.quadrifida",NA,"C","N","20090617"
"10J","1st","","pseudognaphalium..helichrysum.glumaceum.",NA,"C","N","20090617"
"10J","1st","","psilotrichum.schimperi",NA,"C","N","20090617"
"10J","1st","","rhinacanthus.ndorensis",NA,"C","N","20090617"
"10J","1st","","rhynchosia.holstii",NA,"C","N","20090617"
"10J","1st","","schkuhria.pinnata",NA,"C","N","20090617"
"10J","1st","","sida.2",NA,"C","N","20090617"
"10J","1st","","sida.cuneifolia",NA,"C","N","20090617"
"10J","1st","","solanum.incanum",NA,"C","N","20090617"
"10J","1st","","solanum.indicum",NA,"C","N","20090617"
"10J","1st","","tribulus.terrestris",NA,"C","N","20090617"
"10J","1st","","u",NA,"C","N","20090617"
"10J","1st","","w",NA,"C","N","20090617"
"10J","1st","","x_4",NA,"C","N","20090617"
"10J","1st","","x_5",NA,"C","N","20090617"
"10J","1st","","x_6",NA,"C","N","20090617"
"10J","1st","","x_7",NA,"C","N","20090617"
"10J","1st","","x_8",NA,"C","N","20090617"
"10H","1st","","bracharia.lacnantha",NA,"C","N","20090617"
"10H","1st","","lintonia.nutans",NA,"C","N","20090617"
"10H","1st","","pennisetum.mezianum",NA,"C","N","20090617"
"10H","1st","","pennisetum.straminium",NA,"C","N","20090617"
"10H","1st","","themeda.triandra",NA,"C","N","20090617"
"10H","1st","","bare",3,"C","N","20090617"
"10H","1st","","x_2",NA,"C","N","20090617"
"10H","1st","","aristida.kenyensis",NA,"C","N","20090617"
"10H","1st","","bothriochloa.insculpta",NA,"C","N","20090617"
"10H","1st","","bracharia.3",NA,"C","N","20090617"
"10H","1st","","bracharia.eruciformis",NA,"C","N","20090617"
"10H","1st","","chloris.sp",NA,"C","N","20090617"
"10H","1st","","cynodon.dactylon",NA,"C","N","20090617"
"10H","1st","","cynodon.plectostachyus",NA,"C","N","20090617"
"10H","1st","","cyperus...mariscus.spp",NA,"C","N","20090617"
"10H","1st","","digitaria.2",NA,"C","N","20090617"
"10H","1st","","digitaria.milanjiana",NA,"C","N","20090617"
"10H","1st","","dinebra.retroflexa",NA,"C","N","20090617"
"10H","1st","","eragrostis.tenuifolia",NA,"C","N","20090617"
"10H","1st","","harpachne.schimperi",NA,"C","N","20090617"
"10H","1st","","microchloa.kunthii",NA,"C","N","20090617"
"10H","1st","","panicum.astrosanguinum",NA,"C","N","20090617"
"10H","1st","","setaria.acromelaena..small.",NA,"C","N","20090617"
"10H","1st","","setaria.sphaecealata..big.",NA,"C","N","20090617"
"10H","1st","","sporobolus.pyramidalis",NA,"C","N","20090617"
"10H","1st","","tragus.berteronianus",NA,"C","N","20090617"
"10H","1st","","x_3",NA,"C","N","20090617"
"10H","1st","","acalypha.crenata",NA,"C","N","20090617"
"10H","1st","","aerva.lanata",NA,"C","N","20090617"
"10H","1st","","amaranthus.hibridus",NA,"C","N","20090617"
"10H","1st","","aspilia.pluriseta",NA,"C","N","20090617"
"10H","1st","","asterolinon.adoense..v.",NA,"C","N","20090617"
"10H","1st","","caralluma.acutangula",NA,"C","N","20090617"
"10H","1st","","chenopodium.opulifolium",NA,"C","N","20090617"
"10H","1st","","chenopodium.schraderianum",NA,"C","N","20090617"
"10H","1st","","commelina.spp",NA,"C","N","20090617"
"10H","1st","","commicarpus.pedunculosus",NA,"C","N","20090617"
"10H","1st","","conyza.sp",NA,"C","N","20090617"
"10H","1st","","corchorus.sp",NA,"C","N","20090617"
"10H","1st","","crotelaria.sp",NA,"C","N","20090617"
"10H","1st","","cyathula.orthacantha",NA,"C","N","20090617"
"10H","1st","","dyscoriste.radicans",NA,"C","N","20090617"
"10H","1st","","euphorbia.inaequilatera",NA,"C","N","20090617"
"10H","1st","","evolvulus.alsinoides",NA,"C","N","20090617"
"10H","1st","","fern",NA,"C","N","20090617"
"10H","1st","","gutenbergia.sp",NA,"C","N","20090617"
"10H","1st","","hermannia.uhligii",NA,"C","N","20090617"
"10H","1st","","hibiscus.flavifolius",NA,"C","N","20090617"
"10H","1st","","hibiscus.trionum",NA,"C","N","20090617"
"10H","1st","","indigofera.brevicalyx",NA,"C","N","20090617"
"10H","1st","","indigofera.schimperi",NA,"C","N","20090617"
"10H","1st","","ipomea.sinensis",NA,"C","N","20090617"
"10H","1st","","justicia.dichipteroides",NA,"C","N","20090617"
"10H","1st","","k",NA,"C","N","20090617"
"10H","1st","","kyllinga.sp",NA,"C","N","20090617"
"10H","1st","","leucas.glabrata",NA,"C","N","20090617"
"10H","1st","","leucas.martiniscensis",NA,"C","N","20090617"
"10H","1st","","lily.a",NA,"C","N","20090617"
"10H","1st","","lily.b",NA,"C","N","20090617"
"10H","1st","","lippia.javanica",NA,"C","N","20090617"
"10H","1st","","melhania.spp.",NA,"C","N","20090617"
"10H","1st","","misopates.orontium",NA,"C","N","20090617"
"10H","1st","","mollugo.nudicaulis",NA,"C","N","20090617"
"10H","1st","","monechima.debile",NA,"C","N","20090617"
"10H","1st","","monsonia.augustifolia",NA,"C","N","20090617"
"10H","1st","","ocimum.sp",NA,"C","N","20090617"
"10H","1st","","osteospermum.vaillantii",NA,"C","N","20090617"
"10H","1st","","oxygonum.sinuatum",NA,"C","N","20090617"
"10H","1st","","pavonia.patens",NA,"C","N","20090617"
"10H","1st","","pelargonium.alchemilloides",NA,"C","N","20090617"
"10H","1st","","pentanisia.ouranogyne",NA,"C","N","20090617"
"10H","1st","","phyllanthus.maderaspatensis",NA,"C","N","20090617"
"10H","1st","","plectranthus.spp",NA,"C","N","20090617"
"10H","1st","","pollichia.campestris",NA,"C","N","20090617"
"10H","1st","","polygala..l.",NA,"C","N","20090617"
"10H","1st","","polygala.sphenoptera",NA,"C","N","20090617"
"10H","1st","","portulaca.oleracea",NA,"C","N","20090617"
"10H","1st","","portulaca.quadrifida",NA,"C","N","20090617"
"10H","1st","","pseudognaphalium..helichrysum.glumaceum.",NA,"C","N","20090617"
"10H","1st","","psilotrichum.schimperi",NA,"C","N","20090617"
"10H","1st","","rhinacanthus.ndorensis",NA,"C","N","20090617"
"10H","1st","","rhynchosia.holstii",NA,"C","N","20090617"
"10H","1st","","schkuhria.pinnata",NA,"C","N","20090617"
"10H","1st","","sida.2",NA,"C","N","20090617"
"10H","1st","","sida.cuneifolia",NA,"C","N","20090617"
"10H","1st","","solanum.incanum",NA,"C","N","20090617"
"10H","1st","","solanum.indicum",NA,"C","N","20090617"
"10H","1st","","tribulus.terrestris",NA,"C","N","20090617"
"10H","1st","","u",NA,"C","N","20090617"
"10H","1st","","w",NA,"C","N","20090617"
"10H","1st","","x_4",NA,"C","N","20090617"
"10H","1st","","x_5",NA,"C","N","20090617"
"10H","1st","","x_6",NA,"C","N","20090617"
"10H","1st","","x_7",NA,"C","N","20090617"
"10H","1st","","x_8",NA,"C","N","20090617"
"10F","1st","","bracharia.lacnantha",NA,"C","N","20090617"
"10F","1st","","lintonia.nutans",NA,"C","N","20090617"
"10F","1st","","pennisetum.mezianum",NA,"C","N","20090617"
"10F","1st","","pennisetum.straminium",NA,"C","N","20090617"
"10F","1st","","themeda.triandra",NA,"C","N","20090617"
"10F","1st","","bare",2,"C","N","20090617"
"10F","1st","","x_2",NA,"C","N","20090617"
"10F","1st","","aristida.kenyensis",NA,"C","N","20090617"
"10F","1st","","bothriochloa.insculpta",NA,"C","N","20090617"
"10F","1st","","bracharia.3",NA,"C","N","20090617"
"10F","1st","","bracharia.eruciformis",NA,"C","N","20090617"
"10F","1st","","chloris.sp",NA,"C","N","20090617"
"10F","1st","","cynodon.dactylon",NA,"C","N","20090617"
"10F","1st","","cynodon.plectostachyus",NA,"C","N","20090617"
"10F","1st","","cyperus...mariscus.spp",NA,"C","N","20090617"
"10F","1st","","digitaria.2",NA,"C","N","20090617"
"10F","1st","","digitaria.milanjiana",NA,"C","N","20090617"
"10F","1st","","dinebra.retroflexa",NA,"C","N","20090617"
"10F","1st","","eragrostis.tenuifolia",NA,"C","N","20090617"
"10F","1st","","harpachne.schimperi",NA,"C","N","20090617"
"10F","1st","","microchloa.kunthii",NA,"C","N","20090617"
"10F","1st","","panicum.astrosanguinum",NA,"C","N","20090617"
"10F","1st","","setaria.acromelaena..small.",NA,"C","N","20090617"
"10F","1st","","setaria.sphaecealata..big.",NA,"C","N","20090617"
"10F","1st","","sporobolus.pyramidalis",NA,"C","N","20090617"
"10F","1st","","tragus.berteronianus",NA,"C","N","20090617"
"10F","1st","","x_3",NA,"C","N","20090617"
"10F","1st","","acalypha.crenata",NA,"C","N","20090617"
"10F","1st","","aerva.lanata",NA,"C","N","20090617"
"10F","1st","","amaranthus.hibridus",NA,"C","N","20090617"
"10F","1st","","aspilia.pluriseta",NA,"C","N","20090617"
"10F","1st","","asterolinon.adoense..v.",NA,"C","N","20090617"
"10F","1st","","caralluma.acutangula",NA,"C","N","20090617"
"10F","1st","","chenopodium.opulifolium",NA,"C","N","20090617"
"10F","1st","","chenopodium.schraderianum",NA,"C","N","20090617"
"10F","1st","","commelina.spp",NA,"C","N","20090617"
"10F","1st","","commicarpus.pedunculosus",NA,"C","N","20090617"
"10F","1st","","conyza.sp",NA,"C","N","20090617"
"10F","1st","","corchorus.sp",NA,"C","N","20090617"
"10F","1st","","crotelaria.sp",NA,"C","N","20090617"
"10F","1st","","cyathula.orthacantha",NA,"C","N","20090617"
"10F","1st","","dyscoriste.radicans",NA,"C","N","20090617"
"10F","1st","","euphorbia.inaequilatera",NA,"C","N","20090617"
"10F","1st","","evolvulus.alsinoides",NA,"C","N","20090617"
"10F","1st","","fern",NA,"C","N","20090617"
"10F","1st","","gutenbergia.sp",NA,"C","N","20090617"
"10F","1st","","hermannia.uhligii",NA,"C","N","20090617"
"10F","1st","","hibiscus.flavifolius",NA,"C","N","20090617"
"10F","1st","","hibiscus.trionum",NA,"C","N","20090617"
"10F","1st","","indigofera.brevicalyx",NA,"C","N","20090617"
"10F","1st","","indigofera.schimperi",NA,"C","N","20090617"
"10F","1st","","ipomea.sinensis",NA,"C","N","20090617"
"10F","1st","","justicia.dichipteroides",NA,"C","N","20090617"
"10F","1st","","k",NA,"C","N","20090617"
"10F","1st","","kyllinga.sp",NA,"C","N","20090617"
"10F","1st","","leucas.glabrata",NA,"C","N","20090617"
"10F","1st","","leucas.martiniscensis",NA,"C","N","20090617"
"10F","1st","","lily.a",NA,"C","N","20090617"
"10F","1st","","lily.b",NA,"C","N","20090617"
"10F","1st","","lippia.javanica",NA,"C","N","20090617"
"10F","1st","","melhania.spp.",NA,"C","N","20090617"
"10F","1st","","misopates.orontium",NA,"C","N","20090617"
"10F","1st","","mollugo.nudicaulis",NA,"C","N","20090617"
"10F","1st","","monechima.debile",NA,"C","N","20090617"
"10F","1st","","monsonia.augustifolia",NA,"C","N","20090617"
"10F","1st","","ocimum.sp",NA,"C","N","20090617"
"10F","1st","","osteospermum.vaillantii",NA,"C","N","20090617"
"10F","1st","","oxygonum.sinuatum",NA,"C","N","20090617"
"10F","1st","","pavonia.patens",NA,"C","N","20090617"
"10F","1st","","pelargonium.alchemilloides",NA,"C","N","20090617"
"10F","1st","","pentanisia.ouranogyne",NA,"C","N","20090617"
"10F","1st","","phyllanthus.maderaspatensis",NA,"C","N","20090617"
"10F","1st","","plectranthus.spp",NA,"C","N","20090617"
"10F","1st","","pollichia.campestris",NA,"C","N","20090617"
"10F","1st","","polygala..l.",NA,"C","N","20090617"
"10F","1st","","polygala.sphenoptera",NA,"C","N","20090617"
"10F","1st","","portulaca.oleracea",NA,"C","N","20090617"
"10F","1st","","portulaca.quadrifida",NA,"C","N","20090617"
"10F","1st","","pseudognaphalium..helichrysum.glumaceum.",NA,"C","N","20090617"
"10F","1st","","psilotrichum.schimperi",NA,"C","N","20090617"
"10F","1st","","rhinacanthus.ndorensis",NA,"C","N","20090617"
"10F","1st","","rhynchosia.holstii",NA,"C","N","20090617"
"10F","1st","","schkuhria.pinnata",NA,"C","N","20090617"
"10F","1st","","sida.2",NA,"C","N","20090617"
"10F","1st","","sida.cuneifolia",NA,"C","N","20090617"
"10F","1st","","solanum.incanum",NA,"C","N","20090617"
"10F","1st","","solanum.indicum",NA,"C","N","20090617"
"10F","1st","","tribulus.terrestris",NA,"C","N","20090617"
"10F","1st","","u",NA,"C","N","20090617"
"10F","1st","","w",NA,"C","N","20090617"
"10F","1st","","x_4",NA,"C","N","20090617"
"10F","1st","","x_5",NA,"C","N","20090617"
"10F","1st","","x_6",NA,"C","N","20090617"
"10F","1st","","x_7",NA,"C","N","20090617"
"10F","1st","","x_8",NA,"C","N","20090617"
"10D","1st","","bracharia.lacnantha",NA,"C","N","20090617"
"10D","1st","","lintonia.nutans",NA,"C","N","20090617"
"10D","1st","","pennisetum.mezianum",NA,"C","N","20090617"
"10D","1st","","pennisetum.straminium",NA,"C","N","20090617"
"10D","1st","","themeda.triandra",NA,"C","N","20090617"
"10D","1st","","bare",5,"C","N","20090617"
"10D","1st","","x_2",NA,"C","N","20090617"
"10D","1st","","aristida.kenyensis",NA,"C","N","20090617"
"10D","1st","","bothriochloa.insculpta",NA,"C","N","20090617"
"10D","1st","","bracharia.3",NA,"C","N","20090617"
"10D","1st","","bracharia.eruciformis",NA,"C","N","20090617"
"10D","1st","","chloris.sp",NA,"C","N","20090617"
"10D","1st","","cynodon.dactylon",NA,"C","N","20090617"
"10D","1st","","cynodon.plectostachyus",NA,"C","N","20090617"
"10D","1st","","cyperus...mariscus.spp",NA,"C","N","20090617"
"10D","1st","","digitaria.2",NA,"C","N","20090617"
"10D","1st","","digitaria.milanjiana",NA,"C","N","20090617"
"10D","1st","","dinebra.retroflexa",NA,"C","N","20090617"
"10D","1st","","eragrostis.tenuifolia",NA,"C","N","20090617"
"10D","1st","","harpachne.schimperi",NA,"C","N","20090617"
"10D","1st","","microchloa.kunthii",NA,"C","N","20090617"
"10D","1st","","panicum.astrosanguinum",NA,"C","N","20090617"
"10D","1st","","setaria.acromelaena..small.",NA,"C","N","20090617"
"10D","1st","","setaria.sphaecealata..big.",NA,"C","N","20090617"
"10D","1st","","sporobolus.pyramidalis",NA,"C","N","20090617"
"10D","1st","","tragus.berteronianus",NA,"C","N","20090617"
"10D","1st","","x_3",NA,"C","N","20090617"
"10D","1st","","acalypha.crenata",NA,"C","N","20090617"
"10D","1st","","aerva.lanata",NA,"C","N","20090617"
"10D","1st","","amaranthus.hibridus",NA,"C","N","20090617"
"10D","1st","","aspilia.pluriseta",NA,"C","N","20090617"
"10D","1st","","asterolinon.adoense..v.",NA,"C","N","20090617"
"10D","1st","","caralluma.acutangula",NA,"C","N","20090617"
"10D","1st","","chenopodium.opulifolium",NA,"C","N","20090617"
"10D","1st","","chenopodium.schraderianum",NA,"C","N","20090617"
"10D","1st","","commelina.spp",1,"C","N","20090617"
"10D","1st","","commicarpus.pedunculosus",NA,"C","N","20090617"
"10D","1st","","conyza.sp",NA,"C","N","20090617"
"10D","1st","","corchorus.sp",NA,"C","N","20090617"
"10D","1st","","crotelaria.sp",NA,"C","N","20090617"
"10D","1st","","cyathula.orthacantha",NA,"C","N","20090617"
"10D","1st","","dyscoriste.radicans",NA,"C","N","20090617"
"10D","1st","","euphorbia.inaequilatera",NA,"C","N","20090617"
"10D","1st","","evolvulus.alsinoides",NA,"C","N","20090617"
"10D","1st","","fern",NA,"C","N","20090617"
"10D","1st","","gutenbergia.sp",NA,"C","N","20090617"
"10D","1st","","hermannia.uhligii",NA,"C","N","20090617"
"10D","1st","","hibiscus.flavifolius",NA,"C","N","20090617"
"10D","1st","","hibiscus.trionum",NA,"C","N","20090617"
"10D","1st","","indigofera.brevicalyx",NA,"C","N","20090617"
"10D","1st","","indigofera.schimperi",NA,"C","N","20090617"
"10D","1st","","ipomea.sinensis",NA,"C","N","20090617"
"10D","1st","","justicia.dichipteroides",NA,"C","N","20090617"
"10D","1st","","k",NA,"C","N","20090617"
"10D","1st","","kyllinga.sp",NA,"C","N","20090617"
"10D","1st","","leucas.glabrata",NA,"C","N","20090617"
"10D","1st","","leucas.martiniscensis",NA,"C","N","20090617"
"10D","1st","","lily.a",NA,"C","N","20090617"
"10D","1st","","lily.b",NA,"C","N","20090617"
"10D","1st","","lippia.javanica",NA,"C","N","20090617"
"10D","1st","","melhania.spp.",NA,"C","N","20090617"
"10D","1st","","misopates.orontium",NA,"C","N","20090617"
"10D","1st","","mollugo.nudicaulis",NA,"C","N","20090617"
"10D","1st","","monechima.debile",NA,"C","N","20090617"
"10D","1st","","monsonia.augustifolia",NA,"C","N","20090617"
"10D","1st","","ocimum.sp",NA,"C","N","20090617"
"10D","1st","","osteospermum.vaillantii",NA,"C","N","20090617"
"10D","1st","","oxygonum.sinuatum",NA,"C","N","20090617"
"10D","1st","","pavonia.patens",NA,"C","N","20090617"
"10D","1st","","pelargonium.alchemilloides",NA,"C","N","20090617"
"10D","1st","","pentanisia.ouranogyne",NA,"C","N","20090617"
"10D","1st","","phyllanthus.maderaspatensis",NA,"C","N","20090617"
"10D","1st","","plectranthus.spp",NA,"C","N","20090617"
"10D","1st","","pollichia.campestris",NA,"C","N","20090617"
"10D","1st","","polygala..l.",NA,"C","N","20090617"
"10D","1st","","polygala.sphenoptera",NA,"C","N","20090617"
"10D","1st","","portulaca.oleracea",NA,"C","N","20090617"
"10D","1st","","portulaca.quadrifida",NA,"C","N","20090617"
"10D","1st","","pseudognaphalium..helichrysum.glumaceum.",1,"C","N","20090617"
"10D","1st","","psilotrichum.schimperi",NA,"C","N","20090617"
"10D","1st","","rhinacanthus.ndorensis",NA,"C","N","20090617"
"10D","1st","","rhynchosia.holstii",NA,"C","N","20090617"
"10D","1st","","schkuhria.pinnata",NA,"C","N","20090617"
"10D","1st","","sida.2",NA,"C","N","20090617"
"10D","1st","","sida.cuneifolia",NA,"C","N","20090617"
"10D","1st","","solanum.incanum",NA,"C","N","20090617"
"10D","1st","","solanum.indicum",NA,"C","N","20090617"
"10D","1st","","tribulus.terrestris",NA,"C","N","20090617"
"10D","1st","","u",NA,"C","N","20090617"
"10D","1st","","w",NA,"C","N","20090617"
"10D","1st","","x_4",NA,"C","N","20090617"
"10D","1st","","x_5",NA,"C","N","20090617"
"10D","1st","","x_6",NA,"C","N","20090617"
"10D","1st","","x_7",NA,"C","N","20090617"
"10D","1st","","x_8",NA,"C","N","20090617"
"10B","1st","","bracharia.lacnantha",NA,"C","N","20090617"
"10B","1st","","lintonia.nutans",NA,"C","N","20090617"
"10B","1st","","pennisetum.mezianum",NA,"C","N","20090617"
"10B","1st","","pennisetum.straminium",NA,"C","N","20090617"
"10B","1st","","themeda.triandra",NA,"C","N","20090617"
"10B","1st","","bare",9,"C","N","20090617"
"10B","1st","","x_2",NA,"C","N","20090617"
"10B","1st","","aristida.kenyensis",NA,"C","N","20090617"
"10B","1st","","bothriochloa.insculpta",NA,"C","N","20090617"
"10B","1st","","bracharia.3",NA,"C","N","20090617"
"10B","1st","","bracharia.eruciformis",NA,"C","N","20090617"
"10B","1st","","chloris.sp",NA,"C","N","20090617"
"10B","1st","","cynodon.dactylon",NA,"C","N","20090617"
"10B","1st","","cynodon.plectostachyus",NA,"C","N","20090617"
"10B","1st","","cyperus...mariscus.spp",NA,"C","N","20090617"
"10B","1st","","digitaria.2",NA,"C","N","20090617"
"10B","1st","","digitaria.milanjiana",NA,"C","N","20090617"
"10B","1st","","dinebra.retroflexa",NA,"C","N","20090617"
"10B","1st","","eragrostis.tenuifolia",NA,"C","N","20090617"
"10B","1st","","harpachne.schimperi",NA,"C","N","20090617"
"10B","1st","","microchloa.kunthii",NA,"C","N","20090617"
"10B","1st","","panicum.astrosanguinum",NA,"C","N","20090617"
"10B","1st","","setaria.acromelaena..small.",NA,"C","N","20090617"
"10B","1st","","setaria.sphaecealata..big.",NA,"C","N","20090617"
"10B","1st","","sporobolus.pyramidalis",NA,"C","N","20090617"
"10B","1st","","tragus.berteronianus",NA,"C","N","20090617"
"10B","1st","","x_3",NA,"C","N","20090617"
"10B","1st","","acalypha.crenata",NA,"C","N","20090617"
"10B","1st","","aerva.lanata",NA,"C","N","20090617"
"10B","1st","","amaranthus.hibridus",NA,"C","N","20090617"
"10B","1st","","aspilia.pluriseta",NA,"C","N","20090617"
"10B","1st","","asterolinon.adoense..v.",NA,"C","N","20090617"
"10B","1st","","caralluma.acutangula",NA,"C","N","20090617"
"10B","1st","","chenopodium.opulifolium",NA,"C","N","20090617"
"10B","1st","","chenopodium.schraderianum",NA,"C","N","20090617"
"10B","1st","","commelina.spp",NA,"C","N","20090617"
"10B","1st","","commicarpus.pedunculosus",NA,"C","N","20090617"
"10B","1st","","conyza.sp",NA,"C","N","20090617"
"10B","1st","","corchorus.sp",NA,"C","N","20090617"
"10B","1st","","crotelaria.sp",NA,"C","N","20090617"
"10B","1st","","cyathula.orthacantha",NA,"C","N","20090617"
"10B","1st","","dyscoriste.radicans",NA,"C","N","20090617"
"10B","1st","","euphorbia.inaequilatera",NA,"C","N","20090617"
"10B","1st","","evolvulus.alsinoides",NA,"C","N","20090617"
"10B","1st","","fern",NA,"C","N","20090617"
"10B","1st","","gutenbergia.sp",NA,"C","N","20090617"
"10B","1st","","hermannia.uhligii",NA,"C","N","20090617"
"10B","1st","","hibiscus.flavifolius",NA,"C","N","20090617"
"10B","1st","","hibiscus.trionum",NA,"C","N","20090617"
"10B","1st","","indigofera.brevicalyx",NA,"C","N","20090617"
"10B","1st","","indigofera.schimperi",NA,"C","N","20090617"
"10B","1st","","ipomea.sinensis",NA,"C","N","20090617"
"10B","1st","","justicia.dichipteroides",NA,"C","N","20090617"
"10B","1st","","k",NA,"C","N","20090617"
"10B","1st","","kyllinga.sp",NA,"C","N","20090617"
"10B","1st","","leucas.glabrata",NA,"C","N","20090617"
"10B","1st","","leucas.martiniscensis",NA,"C","N","20090617"
"10B","1st","","lily.a",NA,"C","N","20090617"
"10B","1st","","lily.b",NA,"C","N","20090617"
"10B","1st","","lippia.javanica",NA,"C","N","20090617"
"10B","1st","","melhania.spp.",NA,"C","N","20090617"
"10B","1st","","misopates.orontium",NA,"C","N","20090617"
"10B","1st","","mollugo.nudicaulis",NA,"C","N","20090617"
"10B","1st","","monechima.debile",NA,"C","N","20090617"
"10B","1st","","monsonia.augustifolia",NA,"C","N","20090617"
"10B","1st","","ocimum.sp",NA,"C","N","20090617"
"10B","1st","","osteospermum.vaillantii",NA,"C","N","20090617"
"10B","1st","","oxygonum.sinuatum",NA,"C","N","20090617"
"10B","1st","","pavonia.patens",NA,"C","N","20090617"
"10B","1st","","pelargonium.alchemilloides",NA,"C","N","20090617"
"10B","1st","","pentanisia.ouranogyne",NA,"C","N","20090617"
"10B","1st","","phyllanthus.maderaspatensis",NA,"C","N","20090617"
"10B","1st","","plectranthus.spp",NA,"C","N","20090617"
"10B","1st","","pollichia.campestris",NA,"C","N","20090617"
"10B","1st","","polygala..l.",NA,"C","N","20090617"
"10B","1st","","polygala.sphenoptera",NA,"C","N","20090617"
"10B","1st","","portulaca.oleracea",NA,"C","N","20090617"
"10B","1st","","portulaca.quadrifida",NA,"C","N","20090617"
"10B","1st","","pseudognaphalium..helichrysum.glumaceum.",1,"C","N","20090617"
"10B","1st","","psilotrichum.schimperi",NA,"C","N","20090617"
"10B","1st","","rhinacanthus.ndorensis",NA,"C","N","20090617"
"10B","1st","","rhynchosia.holstii",NA,"C","N","20090617"
"10B","1st","","schkuhria.pinnata",NA,"C","N","20090617"
"10B","1st","","sida.2",NA,"C","N","20090617"
"10B","1st","","sida.cuneifolia",NA,"C","N","20090617"
"10B","1st","","solanum.incanum",NA,"C","N","20090617"
"10B","1st","","solanum.indicum",NA,"C","N","20090617"
"10B","1st","","tribulus.terrestris",NA,"C","N","20090617"
"10B","1st","","u",NA,"C","N","20090617"
"10B","1st","","w",NA,"C","N","20090617"
"10B","1st","","x_4",NA,"C","N","20090617"
"10B","1st","","x_5",NA,"C","N","20090617"
"10B","1st","","x_6",NA,"C","N","20090617"
"10B","1st","","x_7",NA,"C","N","20090617"
"10B","1st","","x_8",NA,"C","N","20090617"
"1A","1st","","bracharia.lacnantha",NA,"MW","N","20090616"
"1A","1st","","lintonia.nutans",NA,"MW","N","20090616"
"1A","1st","","pennisetum.mezianum",NA,"MW","N","20090616"
"1A","1st","","pennisetum.straminium",NA,"MW","N","20090616"
"1A","1st","","themeda.triandra",NA,"MW","N","20090616"
"1A","1st","","bare",7,"MW","N","20090616"
"1A","1st","","x_2",NA,"MW","N","20090616"
"1A","1st","","aristida.kenyensis",NA,"MW","N","20090616"
"1A","1st","","bothriochloa.insculpta",NA,"MW","N","20090616"
"1A","1st","","bracharia.3",NA,"MW","N","20090616"
"1A","1st","","bracharia.eruciformis",NA,"MW","N","20090616"
"1A","1st","","chloris.sp",NA,"MW","N","20090616"
"1A","1st","","cynodon.dactylon",NA,"MW","N","20090616"
"1A","1st","","cynodon.plectostachyus",NA,"MW","N","20090616"
"1A","1st","","cyperus...mariscus.spp",NA,"MW","N","20090616"
"1A","1st","","digitaria.2",NA,"MW","N","20090616"
"1A","1st","","digitaria.milanjiana",NA,"MW","N","20090616"
"1A","1st","","dinebra.retroflexa",NA,"MW","N","20090616"
"1A","1st","","eragrostis.tenuifolia",NA,"MW","N","20090616"
"1A","1st","","harpachne.schimperi",NA,"MW","N","20090616"
"1A","1st","","microchloa.kunthii",NA,"MW","N","20090616"
"1A","1st","","panicum.astrosanguinum",NA,"MW","N","20090616"
"1A","1st","","setaria.acromelaena..small.",NA,"MW","N","20090616"
"1A","1st","","setaria.sphaecealata..big.",NA,"MW","N","20090616"
"1A","1st","","sporobolus.pyramidalis",NA,"MW","N","20090616"
"1A","1st","","tragus.berteronianus",NA,"MW","N","20090616"
"1A","1st","","x_3",NA,"MW","N","20090616"
"1A","1st","","acalypha.crenata",NA,"MW","N","20090616"
"1A","1st","","aerva.lanata",NA,"MW","N","20090616"
"1A","1st","","amaranthus.hibridus",NA,"MW","N","20090616"
"1A","1st","","aspilia.pluriseta",NA,"MW","N","20090616"
"1A","1st","","asterolinon.adoense..v.",NA,"MW","N","20090616"
"1A","1st","","caralluma.acutangula",NA,"MW","N","20090616"
"1A","1st","","chenopodium.opulifolium",NA,"MW","N","20090616"
"1A","1st","","chenopodium.schraderianum",NA,"MW","N","20090616"
"1A","1st","","commelina.spp",NA,"MW","N","20090616"
"1A","1st","","commicarpus.pedunculosus",NA,"MW","N","20090616"
"1A","1st","","conyza.sp",NA,"MW","N","20090616"
"1A","1st","","corchorus.sp",NA,"MW","N","20090616"
"1A","1st","","crotelaria.sp",NA,"MW","N","20090616"
"1A","1st","","cyathula.orthacantha",NA,"MW","N","20090616"
"1A","1st","","dyscoriste.radicans",NA,"MW","N","20090616"
"1A","1st","","euphorbia.inaequilatera",NA,"MW","N","20090616"
"1A","1st","","evolvulus.alsinoides",NA,"MW","N","20090616"
"1A","1st","","fern",NA,"MW","N","20090616"
"1A","1st","","gutenbergia.sp",NA,"MW","N","20090616"
"1A","1st","","hermannia.uhligii",NA,"MW","N","20090616"
"1A","1st","","hibiscus.flavifolius",NA,"MW","N","20090616"
"1A","1st","","hibiscus.trionum",NA,"MW","N","20090616"
"1A","1st","","indigofera.brevicalyx",NA,"MW","N","20090616"
"1A","1st","","indigofera.schimperi",NA,"MW","N","20090616"
"1A","1st","","ipomea.sinensis",NA,"MW","N","20090616"
"1A","1st","","justicia.dichipteroides",NA,"MW","N","20090616"
"1A","1st","","k",NA,"MW","N","20090616"
"1A","1st","","kyllinga.sp",NA,"MW","N","20090616"
"1A","1st","","leucas.glabrata",NA,"MW","N","20090616"
"1A","1st","","leucas.martiniscensis",NA,"MW","N","20090616"
"1A","1st","","lily.a",NA,"MW","N","20090616"
"1A","1st","","lily.b",NA,"MW","N","20090616"
"1A","1st","","lippia.javanica",NA,"MW","N","20090616"
"1A","1st","","melhania.spp.",NA,"MW","N","20090616"
"1A","1st","","misopates.orontium",NA,"MW","N","20090616"
"1A","1st","","mollugo.nudicaulis",NA,"MW","N","20090616"
"1A","1st","","monechima.debile",NA,"MW","N","20090616"
"1A","1st","","monsonia.augustifolia",NA,"MW","N","20090616"
"1A","1st","","ocimum.sp",NA,"MW","N","20090616"
"1A","1st","","osteospermum.vaillantii",NA,"MW","N","20090616"
"1A","1st","","oxygonum.sinuatum",NA,"MW","N","20090616"
"1A","1st","","pavonia.patens",NA,"MW","N","20090616"
"1A","1st","","pelargonium.alchemilloides",NA,"MW","N","20090616"
"1A","1st","","pentanisia.ouranogyne",NA,"MW","N","20090616"
"1A","1st","","phyllanthus.maderaspatensis",NA,"MW","N","20090616"
"1A","1st","","plectranthus.spp",NA,"MW","N","20090616"
"1A","1st","","pollichia.campestris",NA,"MW","N","20090616"
"1A","1st","","polygala..l.",NA,"MW","N","20090616"
"1A","1st","","polygala.sphenoptera",NA,"MW","N","20090616"
"1A","1st","","portulaca.oleracea",NA,"MW","N","20090616"
"1A","1st","","portulaca.quadrifida",NA,"MW","N","20090616"
"1A","1st","","pseudognaphalium..helichrysum.glumaceum.",NA,"MW","N","20090616"
"1A","1st","","psilotrichum.schimperi",NA,"MW","N","20090616"
"1A","1st","","rhinacanthus.ndorensis",NA,"MW","N","20090616"
"1A","1st","","rhynchosia.holstii",NA,"MW","N","20090616"
"1A","1st","","schkuhria.pinnata",NA,"MW","N","20090616"
"1A","1st","","sida.2",NA,"MW","N","20090616"
"1A","1st","","sida.cuneifolia",NA,"MW","N","20090616"
"1A","1st","","solanum.incanum",NA,"MW","N","20090616"
"1A","1st","","solanum.indicum",NA,"MW","N","20090616"
"1A","1st","","tribulus.terrestris",NA,"MW","N","20090616"
"1A","1st","","u",NA,"MW","N","20090616"
"1A","1st","","w",NA,"MW","N","20090616"
"1A","1st","","x_4",NA,"MW","N","20090616"
"1A","1st","","x_5",NA,"MW","N","20090616"
"1A","1st","","x_6",NA,"MW","N","20090616"
"1A","1st","","x_7",NA,"MW","N","20090616"
"1A","1st","","x_8",NA,"MW","N","20090616"
"1C","1st","","bracharia.lacnantha",NA,"MW","N","20090616"
"1C","1st","","lintonia.nutans",NA,"MW","N","20090616"
"1C","1st","","pennisetum.mezianum",NA,"MW","N","20090616"
"1C","1st","","pennisetum.straminium",NA,"MW","N","20090616"
"1C","1st","","themeda.triandra",NA,"MW","N","20090616"
"1C","1st","","bare",1,"MW","N","20090616"
"1C","1st","","x_2",NA,"MW","N","20090616"
"1C","1st","","aristida.kenyensis",NA,"MW","N","20090616"
"1C","1st","","bothriochloa.insculpta",NA,"MW","N","20090616"
"1C","1st","","bracharia.3",NA,"MW","N","20090616"
"1C","1st","","bracharia.eruciformis",NA,"MW","N","20090616"
"1C","1st","","chloris.sp",NA,"MW","N","20090616"
"1C","1st","","cynodon.dactylon",NA,"MW","N","20090616"
"1C","1st","","cynodon.plectostachyus",NA,"MW","N","20090616"
"1C","1st","","cyperus...mariscus.spp",NA,"MW","N","20090616"
"1C","1st","","digitaria.2",NA,"MW","N","20090616"
"1C","1st","","digitaria.milanjiana",NA,"MW","N","20090616"
"1C","1st","","dinebra.retroflexa",NA,"MW","N","20090616"
"1C","1st","","eragrostis.tenuifolia",NA,"MW","N","20090616"
"1C","1st","","harpachne.schimperi",NA,"MW","N","20090616"
"1C","1st","","microchloa.kunthii",NA,"MW","N","20090616"
"1C","1st","","panicum.astrosanguinum",NA,"MW","N","20090616"
"1C","1st","","setaria.acromelaena..small.",NA,"MW","N","20090616"
"1C","1st","","setaria.sphaecealata..big.",NA,"MW","N","20090616"
"1C","1st","","sporobolus.pyramidalis",NA,"MW","N","20090616"
"1C","1st","","tragus.berteronianus",NA,"MW","N","20090616"
"1C","1st","","x_3",NA,"MW","N","20090616"
"1C","1st","","acalypha.crenata",NA,"MW","N","20090616"
"1C","1st","","aerva.lanata",NA,"MW","N","20090616"
"1C","1st","","amaranthus.hibridus",NA,"MW","N","20090616"
"1C","1st","","aspilia.pluriseta",NA,"MW","N","20090616"
"1C","1st","","asterolinon.adoense..v.",NA,"MW","N","20090616"
"1C","1st","","caralluma.acutangula",NA,"MW","N","20090616"
"1C","1st","","chenopodium.opulifolium",NA,"MW","N","20090616"
"1C","1st","","chenopodium.schraderianum",NA,"MW","N","20090616"
"1C","1st","","commelina.spp",NA,"MW","N","20090616"
"1C","1st","","commicarpus.pedunculosus",NA,"MW","N","20090616"
"1C","1st","","conyza.sp",NA,"MW","N","20090616"
"1C","1st","","corchorus.sp",NA,"MW","N","20090616"
"1C","1st","","crotelaria.sp",NA,"MW","N","20090616"
"1C","1st","","cyathula.orthacantha",NA,"MW","N","20090616"
"1C","1st","","dyscoriste.radicans",NA,"MW","N","20090616"
"1C","1st","","euphorbia.inaequilatera",NA,"MW","N","20090616"
"1C","1st","","evolvulus.alsinoides",NA,"MW","N","20090616"
"1C","1st","","fern",NA,"MW","N","20090616"
"1C","1st","","gutenbergia.sp",NA,"MW","N","20090616"
"1C","1st","","hermannia.uhligii",NA,"MW","N","20090616"
"1C","1st","","hibiscus.flavifolius",NA,"MW","N","20090616"
"1C","1st","","hibiscus.trionum",NA,"MW","N","20090616"
"1C","1st","","indigofera.brevicalyx",NA,"MW","N","20090616"
"1C","1st","","indigofera.schimperi",NA,"MW","N","20090616"
"1C","1st","","ipomea.sinensis",NA,"MW","N","20090616"
"1C","1st","","justicia.dichipteroides",NA,"MW","N","20090616"
"1C","1st","","k",NA,"MW","N","20090616"
"1C","1st","","kyllinga.sp",NA,"MW","N","20090616"
"1C","1st","","leucas.glabrata",NA,"MW","N","20090616"
"1C","1st","","leucas.martiniscensis",NA,"MW","N","20090616"
"1C","1st","","lily.a",NA,"MW","N","20090616"
"1C","1st","","lily.b",NA,"MW","N","20090616"
"1C","1st","","lippia.javanica",NA,"MW","N","20090616"
"1C","1st","","melhania.spp.",NA,"MW","N","20090616"
"1C","1st","","misopates.orontium",NA,"MW","N","20090616"
"1C","1st","","mollugo.nudicaulis",NA,"MW","N","20090616"
"1C","1st","","monechima.debile",NA,"MW","N","20090616"
"1C","1st","","monsonia.augustifolia",NA,"MW","N","20090616"
"1C","1st","","ocimum.sp",NA,"MW","N","20090616"
"1C","1st","","osteospermum.vaillantii",NA,"MW","N","20090616"
"1C","1st","","oxygonum.sinuatum",NA,"MW","N","20090616"
"1C","1st","","pavonia.patens",NA,"MW","N","20090616"
"1C","1st","","pelargonium.alchemilloides",NA,"MW","N","20090616"
"1C","1st","","pentanisia.ouranogyne",NA,"MW","N","20090616"
"1C","1st","","phyllanthus.maderaspatensis",NA,"MW","N","20090616"
"1C","1st","","plectranthus.spp",NA,"MW","N","20090616"
"1C","1st","","pollichia.campestris",NA,"MW","N","20090616"
"1C","1st","","polygala..l.",NA,"MW","N","20090616"
"1C","1st","","polygala.sphenoptera",NA,"MW","N","20090616"
"1C","1st","","portulaca.oleracea",NA,"MW","N","20090616"
"1C","1st","","portulaca.quadrifida",NA,"MW","N","20090616"
"1C","1st","","pseudognaphalium..helichrysum.glumaceum.",NA,"MW","N","20090616"
"1C","1st","","psilotrichum.schimperi",NA,"MW","N","20090616"
"1C","1st","","rhinacanthus.ndorensis",NA,"MW","N","20090616"
"1C","1st","","rhynchosia.holstii",NA,"MW","N","20090616"
"1C","1st","","schkuhria.pinnata",NA,"MW","N","20090616"
"1C","1st","","sida.2",NA,"MW","N","20090616"
"1C","1st","","sida.cuneifolia",NA,"MW","N","20090616"
"1C","1st","","solanum.incanum",NA,"MW","N","20090616"
"1C","1st","","solanum.indicum",NA,"MW","N","20090616"
"1C","1st","","tribulus.terrestris",NA,"MW","N","20090616"
"1C","1st","","u",NA,"MW","N","20090616"
"1C","1st","","w",NA,"MW","N","20090616"
"1C","1st","","x_4",NA,"MW","N","20090616"
"1C","1st","","x_5",NA,"MW","N","20090616"
"1C","1st","","x_6",NA,"MW","N","20090616"
"1C","1st","","x_7",NA,"MW","N","20090616"
"1C","1st","","x_8",NA,"MW","N","20090616"
"1E","1st","","bracharia.lacnantha",NA,"MW","N","20090616"
"1E","1st","","lintonia.nutans",NA,"MW","N","20090616"
"1E","1st","","pennisetum.mezianum",NA,"MW","N","20090616"
"1E","1st","","pennisetum.straminium",NA,"MW","N","20090616"
"1E","1st","","themeda.triandra",NA,"MW","N","20090616"
"1E","1st","","bare",2,"MW","N","20090616"
"1E","1st","","x_2",NA,"MW","N","20090616"
"1E","1st","","aristida.kenyensis",NA,"MW","N","20090616"
"1E","1st","","bothriochloa.insculpta",NA,"MW","N","20090616"
"1E","1st","","bracharia.3",NA,"MW","N","20090616"
"1E","1st","","bracharia.eruciformis",NA,"MW","N","20090616"
"1E","1st","","chloris.sp",NA,"MW","N","20090616"
"1E","1st","","cynodon.dactylon",NA,"MW","N","20090616"
"1E","1st","","cynodon.plectostachyus",NA,"MW","N","20090616"
"1E","1st","","cyperus...mariscus.spp",NA,"MW","N","20090616"
"1E","1st","","digitaria.2",NA,"MW","N","20090616"
"1E","1st","","digitaria.milanjiana",NA,"MW","N","20090616"
"1E","1st","","dinebra.retroflexa",NA,"MW","N","20090616"
"1E","1st","","eragrostis.tenuifolia",NA,"MW","N","20090616"
"1E","1st","","harpachne.schimperi",NA,"MW","N","20090616"
"1E","1st","","microchloa.kunthii",NA,"MW","N","20090616"
"1E","1st","","panicum.astrosanguinum",NA,"MW","N","20090616"
"1E","1st","","setaria.acromelaena..small.",NA,"MW","N","20090616"
"1E","1st","","setaria.sphaecealata..big.",NA,"MW","N","20090616"
"1E","1st","","sporobolus.pyramidalis",NA,"MW","N","20090616"
"1E","1st","","tragus.berteronianus",NA,"MW","N","20090616"
"1E","1st","","x_3",NA,"MW","N","20090616"
"1E","1st","","acalypha.crenata",NA,"MW","N","20090616"
"1E","1st","","aerva.lanata",NA,"MW","N","20090616"
"1E","1st","","amaranthus.hibridus",NA,"MW","N","20090616"
"1E","1st","","aspilia.pluriseta",NA,"MW","N","20090616"
"1E","1st","","asterolinon.adoense..v.",NA,"MW","N","20090616"
"1E","1st","","caralluma.acutangula",NA,"MW","N","20090616"
"1E","1st","","chenopodium.opulifolium",NA,"MW","N","20090616"
"1E","1st","","chenopodium.schraderianum",NA,"MW","N","20090616"
"1E","1st","","commelina.spp",NA,"MW","N","20090616"
"1E","1st","","commicarpus.pedunculosus",NA,"MW","N","20090616"
"1E","1st","","conyza.sp",NA,"MW","N","20090616"
"1E","1st","","corchorus.sp",NA,"MW","N","20090616"
"1E","1st","","crotelaria.sp",NA,"MW","N","20090616"
"1E","1st","","cyathula.orthacantha",NA,"MW","N","20090616"
"1E","1st","","dyscoriste.radicans",NA,"MW","N","20090616"
"1E","1st","","euphorbia.inaequilatera",NA,"MW","N","20090616"
"1E","1st","","evolvulus.alsinoides",NA,"MW","N","20090616"
"1E","1st","","fern",NA,"MW","N","20090616"
"1E","1st","","gutenbergia.sp",NA,"MW","N","20090616"
"1E","1st","","hermannia.uhligii",NA,"MW","N","20090616"
"1E","1st","","hibiscus.flavifolius",NA,"MW","N","20090616"
"1E","1st","","hibiscus.trionum",NA,"MW","N","20090616"
"1E","1st","","indigofera.brevicalyx",NA,"MW","N","20090616"
"1E","1st","","indigofera.schimperi",NA,"MW","N","20090616"
"1E","1st","","ipomea.sinensis",NA,"MW","N","20090616"
"1E","1st","","justicia.dichipteroides",NA,"MW","N","20090616"
"1E","1st","","k",NA,"MW","N","20090616"
"1E","1st","","kyllinga.sp",NA,"MW","N","20090616"
"1E","1st","","leucas.glabrata",NA,"MW","N","20090616"
"1E","1st","","leucas.martiniscensis",NA,"MW","N","20090616"
"1E","1st","","lily.a",NA,"MW","N","20090616"
"1E","1st","","lily.b",NA,"MW","N","20090616"
"1E","1st","","lippia.javanica",NA,"MW","N","20090616"
"1E","1st","","melhania.spp.",NA,"MW","N","20090616"
"1E","1st","","misopates.orontium",NA,"MW","N","20090616"
"1E","1st","","mollugo.nudicaulis",NA,"MW","N","20090616"
"1E","1st","","monechima.debile",NA,"MW","N","20090616"
"1E","1st","","monsonia.augustifolia",NA,"MW","N","20090616"
"1E","1st","","ocimum.sp",NA,"MW","N","20090616"
"1E","1st","","osteospermum.vaillantii",NA,"MW","N","20090616"
"1E","1st","","oxygonum.sinuatum",NA,"MW","N","20090616"
"1E","1st","","pavonia.patens",NA,"MW","N","20090616"
"1E","1st","","pelargonium.alchemilloides",NA,"MW","N","20090616"
"1E","1st","","pentanisia.ouranogyne",NA,"MW","N","20090616"
"1E","1st","","phyllanthus.maderaspatensis",NA,"MW","N","20090616"
"1E","1st","","plectranthus.spp",NA,"MW","N","20090616"
"1E","1st","","pollichia.campestris",NA,"MW","N","20090616"
"1E","1st","","polygala..l.",NA,"MW","N","20090616"
"1E","1st","","polygala.sphenoptera",NA,"MW","N","20090616"
"1E","1st","","portulaca.oleracea",NA,"MW","N","20090616"
"1E","1st","","portulaca.quadrifida",NA,"MW","N","20090616"
"1E","1st","","pseudognaphalium..helichrysum.glumaceum.",NA,"MW","N","20090616"
"1E","1st","","psilotrichum.schimperi",NA,"MW","N","20090616"
"1E","1st","","rhinacanthus.ndorensis",NA,"MW","N","20090616"
"1E","1st","","rhynchosia.holstii",NA,"MW","N","20090616"
"1E","1st","","schkuhria.pinnata",NA,"MW","N","20090616"
"1E","1st","","sida.2",NA,"MW","N","20090616"
"1E","1st","","sida.cuneifolia",NA,"MW","N","20090616"
"1E","1st","","solanum.incanum",NA,"MW","N","20090616"
"1E","1st","","solanum.indicum",NA,"MW","N","20090616"
"1E","1st","","tribulus.terrestris",NA,"MW","N","20090616"
"1E","1st","","u",NA,"MW","N","20090616"
"1E","1st","","w",NA,"MW","N","20090616"
"1E","1st","","x_4",NA,"MW","N","20090616"
"1E","1st","","x_5",NA,"MW","N","20090616"
"1E","1st","","x_6",NA,"MW","N","20090616"
"1E","1st","","x_7",NA,"MW","N","20090616"
"1E","1st","","x_8",NA,"MW","N","20090616"
"1G","1st","","bracharia.lacnantha",NA,"MW","N","20090616"
"1G","1st","","lintonia.nutans",NA,"MW","N","20090616"
"1G","1st","","pennisetum.mezianum",NA,"MW","N","20090616"
"1G","1st","","pennisetum.straminium",NA,"MW","N","20090616"
"1G","1st","","themeda.triandra",NA,"MW","N","20090616"
"1G","1st","","bare",6,"MW","N","20090616"
"1G","1st","","x_2",NA,"MW","N","20090616"
"1G","1st","","aristida.kenyensis",NA,"MW","N","20090616"
"1G","1st","","bothriochloa.insculpta",NA,"MW","N","20090616"
"1G","1st","","bracharia.3",NA,"MW","N","20090616"
"1G","1st","","bracharia.eruciformis",NA,"MW","N","20090616"
"1G","1st","","chloris.sp",NA,"MW","N","20090616"
"1G","1st","","cynodon.dactylon",NA,"MW","N","20090616"
"1G","1st","","cynodon.plectostachyus",NA,"MW","N","20090616"
"1G","1st","","cyperus...mariscus.spp",NA,"MW","N","20090616"
"1G","1st","","digitaria.2",NA,"MW","N","20090616"
"1G","1st","","digitaria.milanjiana",NA,"MW","N","20090616"
"1G","1st","","dinebra.retroflexa",NA,"MW","N","20090616"
"1G","1st","","eragrostis.tenuifolia",NA,"MW","N","20090616"
"1G","1st","","harpachne.schimperi",NA,"MW","N","20090616"
"1G","1st","","microchloa.kunthii",NA,"MW","N","20090616"
"1G","1st","","panicum.astrosanguinum",NA,"MW","N","20090616"
"1G","1st","","setaria.acromelaena..small.",NA,"MW","N","20090616"
"1G","1st","","setaria.sphaecealata..big.",NA,"MW","N","20090616"
"1G","1st","","sporobolus.pyramidalis",NA,"MW","N","20090616"
"1G","1st","","tragus.berteronianus",NA,"MW","N","20090616"
"1G","1st","","x_3",NA,"MW","N","20090616"
"1G","1st","","acalypha.crenata",NA,"MW","N","20090616"
"1G","1st","","aerva.lanata",NA,"MW","N","20090616"
"1G","1st","","amaranthus.hibridus",NA,"MW","N","20090616"
"1G","1st","","aspilia.pluriseta",NA,"MW","N","20090616"
"1G","1st","","asterolinon.adoense..v.",NA,"MW","N","20090616"
"1G","1st","","caralluma.acutangula",NA,"MW","N","20090616"
"1G","1st","","chenopodium.opulifolium",NA,"MW","N","20090616"
"1G","1st","","chenopodium.schraderianum",NA,"MW","N","20090616"
"1G","1st","","commelina.spp",NA,"MW","N","20090616"
"1G","1st","","commicarpus.pedunculosus",NA,"MW","N","20090616"
"1G","1st","","conyza.sp",NA,"MW","N","20090616"
"1G","1st","","corchorus.sp",NA,"MW","N","20090616"
"1G","1st","","crotelaria.sp",NA,"MW","N","20090616"
"1G","1st","","cyathula.orthacantha",NA,"MW","N","20090616"
"1G","1st","","dyscoriste.radicans",NA,"MW","N","20090616"
"1G","1st","","euphorbia.inaequilatera",NA,"MW","N","20090616"
"1G","1st","","evolvulus.alsinoides",NA,"MW","N","20090616"
"1G","1st","","fern",NA,"MW","N","20090616"
"1G","1st","","gutenbergia.sp",NA,"MW","N","20090616"
"1G","1st","","hermannia.uhligii",NA,"MW","N","20090616"
"1G","1st","","hibiscus.flavifolius",NA,"MW","N","20090616"
"1G","1st","","hibiscus.trionum",NA,"MW","N","20090616"
"1G","1st","","indigofera.brevicalyx",NA,"MW","N","20090616"
"1G","1st","","indigofera.schimperi",NA,"MW","N","20090616"
"1G","1st","","ipomea.sinensis",NA,"MW","N","20090616"
"1G","1st","","justicia.dichipteroides",NA,"MW","N","20090616"
"1G","1st","","k",NA,"MW","N","20090616"
"1G","1st","","kyllinga.sp",NA,"MW","N","20090616"
"1G","1st","","leucas.glabrata",NA,"MW","N","20090616"
"1G","1st","","leucas.martiniscensis",NA,"MW","N","20090616"
"1G","1st","","lily.a",NA,"MW","N","20090616"
"1G","1st","","lily.b",NA,"MW","N","20090616"
"1G","1st","","lippia.javanica",NA,"MW","N","20090616"
"1G","1st","","melhania.spp.",NA,"MW","N","20090616"
"1G","1st","","misopates.orontium",NA,"MW","N","20090616"
"1G","1st","","mollugo.nudicaulis",NA,"MW","N","20090616"
"1G","1st","","monechima.debile",NA,"MW","N","20090616"
"1G","1st","","monsonia.augustifolia",NA,"MW","N","20090616"
"1G","1st","","ocimum.sp",NA,"MW","N","20090616"
"1G","1st","","osteospermum.vaillantii",NA,"MW","N","20090616"
"1G","1st","","oxygonum.sinuatum",NA,"MW","N","20090616"
"1G","1st","","pavonia.patens",NA,"MW","N","20090616"
"1G","1st","","pelargonium.alchemilloides",NA,"MW","N","20090616"
"1G","1st","","pentanisia.ouranogyne",NA,"MW","N","20090616"
"1G","1st","","phyllanthus.maderaspatensis",NA,"MW","N","20090616"
"1G","1st","","plectranthus.spp",NA,"MW","N","20090616"
"1G","1st","","pollichia.campestris",NA,"MW","N","20090616"
"1G","1st","","polygala..l.",NA,"MW","N","20090616"
"1G","1st","","polygala.sphenoptera",NA,"MW","N","20090616"
"1G","1st","","portulaca.oleracea",NA,"MW","N","20090616"
"1G","1st","","portulaca.quadrifida",NA,"MW","N","20090616"
"1G","1st","","pseudognaphalium..helichrysum.glumaceum.",NA,"MW","N","20090616"
"1G","1st","","psilotrichum.schimperi",NA,"MW","N","20090616"
"1G","1st","","rhinacanthus.ndorensis",NA,"MW","N","20090616"
"1G","1st","","rhynchosia.holstii",NA,"MW","N","20090616"
"1G","1st","","schkuhria.pinnata",NA,"MW","N","20090616"
"1G","1st","","sida.2",NA,"MW","N","20090616"
"1G","1st","","sida.cuneifolia",NA,"MW","N","20090616"
"1G","1st","","solanum.incanum",NA,"MW","N","20090616"
"1G","1st","","solanum.indicum",NA,"MW","N","20090616"
"1G","1st","","tribulus.terrestris",NA,"MW","N","20090616"
"1G","1st","","u",NA,"MW","N","20090616"
"1G","1st","","w",NA,"MW","N","20090616"
"1G","1st","","x_4",NA,"MW","N","20090616"
"1G","1st","","x_5",NA,"MW","N","20090616"
"1G","1st","","x_6",NA,"MW","N","20090616"
"1G","1st","","x_7",NA,"MW","N","20090616"
"1G","1st","","x_8",NA,"MW","N","20090616"
"1I","1st","","bracharia.lacnantha",NA,"MW","N","20090616"
"1I","1st","","lintonia.nutans",NA,"MW","N","20090616"
"1I","1st","","pennisetum.mezianum",NA,"MW","N","20090616"
"1I","1st","","pennisetum.straminium",NA,"MW","N","20090616"
"1I","1st","","themeda.triandra",NA,"MW","N","20090616"
"1I","1st","","bare",3,"MW","N","20090616"
"1I","1st","","x_2",NA,"MW","N","20090616"
"1I","1st","","aristida.kenyensis",NA,"MW","N","20090616"
"1I","1st","","bothriochloa.insculpta",NA,"MW","N","20090616"
"1I","1st","","bracharia.3",NA,"MW","N","20090616"
"1I","1st","","bracharia.eruciformis",NA,"MW","N","20090616"
"1I","1st","","chloris.sp",NA,"MW","N","20090616"
"1I","1st","","cynodon.dactylon",NA,"MW","N","20090616"
"1I","1st","","cynodon.plectostachyus",NA,"MW","N","20090616"
"1I","1st","","cyperus...mariscus.spp",NA,"MW","N","20090616"
"1I","1st","","digitaria.2",NA,"MW","N","20090616"
"1I","1st","","digitaria.milanjiana",NA,"MW","N","20090616"
"1I","1st","","dinebra.retroflexa",NA,"MW","N","20090616"
"1I","1st","","eragrostis.tenuifolia",NA,"MW","N","20090616"
"1I","1st","","harpachne.schimperi",NA,"MW","N","20090616"
"1I","1st","","microchloa.kunthii",NA,"MW","N","20090616"
"1I","1st","","panicum.astrosanguinum",NA,"MW","N","20090616"
"1I","1st","","setaria.acromelaena..small.",NA,"MW","N","20090616"
"1I","1st","","setaria.sphaecealata..big.",NA,"MW","N","20090616"
"1I","1st","","sporobolus.pyramidalis",NA,"MW","N","20090616"
"1I","1st","","tragus.berteronianus",NA,"MW","N","20090616"
"1I","1st","","x_3",NA,"MW","N","20090616"
"1I","1st","","acalypha.crenata",NA,"MW","N","20090616"
"1I","1st","","aerva.lanata",NA,"MW","N","20090616"
"1I","1st","","amaranthus.hibridus",NA,"MW","N","20090616"
"1I","1st","","aspilia.pluriseta",NA,"MW","N","20090616"
"1I","1st","","asterolinon.adoense..v.",NA,"MW","N","20090616"
"1I","1st","","caralluma.acutangula",NA,"MW","N","20090616"
"1I","1st","","chenopodium.opulifolium",NA,"MW","N","20090616"
"1I","1st","","chenopodium.schraderianum",NA,"MW","N","20090616"
"1I","1st","","commelina.spp",NA,"MW","N","20090616"
"1I","1st","","commicarpus.pedunculosus",NA,"MW","N","20090616"
"1I","1st","","conyza.sp",NA,"MW","N","20090616"
"1I","1st","","corchorus.sp",NA,"MW","N","20090616"
"1I","1st","","crotelaria.sp",NA,"MW","N","20090616"
"1I","1st","","cyathula.orthacantha",NA,"MW","N","20090616"
"1I","1st","","dyscoriste.radicans",NA,"MW","N","20090616"
"1I","1st","","euphorbia.inaequilatera",NA,"MW","N","20090616"
"1I","1st","","evolvulus.alsinoides",NA,"MW","N","20090616"
"1I","1st","","fern",NA,"MW","N","20090616"
"1I","1st","","gutenbergia.sp",NA,"MW","N","20090616"
"1I","1st","","hermannia.uhligii",NA,"MW","N","20090616"
"1I","1st","","hibiscus.flavifolius",NA,"MW","N","20090616"
"1I","1st","","hibiscus.trionum",NA,"MW","N","20090616"
"1I","1st","","indigofera.brevicalyx",NA,"MW","N","20090616"
"1I","1st","","indigofera.schimperi",NA,"MW","N","20090616"
"1I","1st","","ipomea.sinensis",NA,"MW","N","20090616"
"1I","1st","","justicia.dichipteroides",NA,"MW","N","20090616"
"1I","1st","","k",NA,"MW","N","20090616"
"1I","1st","","kyllinga.sp",NA,"MW","N","20090616"
"1I","1st","","leucas.glabrata",NA,"MW","N","20090616"
"1I","1st","","leucas.martiniscensis",NA,"MW","N","20090616"
"1I","1st","","lily.a",NA,"MW","N","20090616"
"1I","1st","","lily.b",NA,"MW","N","20090616"
"1I","1st","","lippia.javanica",NA,"MW","N","20090616"
"1I","1st","","melhania.spp.",NA,"MW","N","20090616"
"1I","1st","","misopates.orontium",NA,"MW","N","20090616"
"1I","1st","","mollugo.nudicaulis",NA,"MW","N","20090616"
"1I","1st","","monechima.debile",NA,"MW","N","20090616"
"1I","1st","","monsonia.augustifolia",NA,"MW","N","20090616"
"1I","1st","","ocimum.sp",NA,"MW","N","20090616"
"1I","1st","","osteospermum.vaillantii",NA,"MW","N","20090616"
"1I","1st","","oxygonum.sinuatum",NA,"MW","N","20090616"
"1I","1st","","pavonia.patens",NA,"MW","N","20090616"
"1I","1st","","pelargonium.alchemilloides",NA,"MW","N","20090616"
"1I","1st","","pentanisia.ouranogyne",NA,"MW","N","20090616"
"1I","1st","","phyllanthus.maderaspatensis",NA,"MW","N","20090616"
"1I","1st","","plectranthus.spp",NA,"MW","N","20090616"
"1I","1st","","pollichia.campestris",NA,"MW","N","20090616"
"1I","1st","","polygala..l.",NA,"MW","N","20090616"
"1I","1st","","polygala.sphenoptera",NA,"MW","N","20090616"
"1I","1st","","portulaca.oleracea",NA,"MW","N","20090616"
"1I","1st","","portulaca.quadrifida",NA,"MW","N","20090616"
"1I","1st","","pseudognaphalium..helichrysum.glumaceum.",NA,"MW","N","20090616"
"1I","1st","","psilotrichum.schimperi",NA,"MW","N","20090616"
"1I","1st","","rhinacanthus.ndorensis",NA,"MW","N","20090616"
"1I","1st","","rhynchosia.holstii",NA,"MW","N","20090616"
"1I","1st","","schkuhria.pinnata",NA,"MW","N","20090616"
"1I","1st","","sida.2",NA,"MW","N","20090616"
"1I","1st","","sida.cuneifolia",NA,"MW","N","20090616"
"1I","1st","","solanum.incanum",NA,"MW","N","20090616"
"1I","1st","","solanum.indicum",NA,"MW","N","20090616"
"1I","1st","","tribulus.terrestris",NA,"MW","N","20090616"
"1I","1st","","u",NA,"MW","N","20090616"
"1I","1st","","w",NA,"MW","N","20090616"
"1I","1st","","x_4",NA,"MW","N","20090616"
"1I","1st","","x_5",NA,"MW","N","20090616"
"1I","1st","","x_6",NA,"MW","N","20090616"
"1I","1st","","x_7",NA,"MW","N","20090616"
"1I","1st","","x_8",NA,"MW","N","20090616"
"2J","1st","","bracharia.lacnantha",NA,"MW","N","20090616"
"2J","1st","","lintonia.nutans",NA,"MW","N","20090616"
"2J","1st","","pennisetum.mezianum",5,"MW","N","20090616"
"2J","1st","","pennisetum.straminium",NA,"MW","N","20090616"
"2J","1st","","themeda.triandra",NA,"MW","N","20090616"
"2J","1st","","bare",3,"MW","N","20090616"
"2J","1st","","x_2",NA,"MW","N","20090616"
"2J","1st","","aristida.kenyensis",NA,"MW","N","20090616"
"2J","1st","","bothriochloa.insculpta",NA,"MW","N","20090616"
"2J","1st","","bracharia.3",2,"MW","N","20090616"
"2J","1st","","bracharia.eruciformis",NA,"MW","N","20090616"
"2J","1st","","chloris.sp",NA,"MW","N","20090616"
"2J","1st","","cynodon.dactylon",NA,"MW","N","20090616"
"2J","1st","","cynodon.plectostachyus",NA,"MW","N","20090616"
"2J","1st","","cyperus...mariscus.spp",NA,"MW","N","20090616"
"2J","1st","","digitaria.2",NA,"MW","N","20090616"
"2J","1st","","digitaria.milanjiana",NA,"MW","N","20090616"
"2J","1st","","dinebra.retroflexa",NA,"MW","N","20090616"
"2J","1st","","eragrostis.tenuifolia",NA,"MW","N","20090616"
"2J","1st","","harpachne.schimperi",NA,"MW","N","20090616"
"2J","1st","","microchloa.kunthii",NA,"MW","N","20090616"
"2J","1st","","panicum.astrosanguinum",NA,"MW","N","20090616"
"2J","1st","","setaria.acromelaena..small.",NA,"MW","N","20090616"
"2J","1st","","setaria.sphaecealata..big.",NA,"MW","N","20090616"
"2J","1st","","sporobolus.pyramidalis",NA,"MW","N","20090616"
"2J","1st","","tragus.berteronianus",NA,"MW","N","20090616"
"2J","1st","","x_3",NA,"MW","N","20090616"
"2J","1st","","acalypha.crenata",NA,"MW","N","20090616"
"2J","1st","","aerva.lanata",NA,"MW","N","20090616"
"2J","1st","","amaranthus.hibridus",NA,"MW","N","20090616"
"2J","1st","","aspilia.pluriseta",NA,"MW","N","20090616"
"2J","1st","","asterolinon.adoense..v.",NA,"MW","N","20090616"
"2J","1st","","caralluma.acutangula",NA,"MW","N","20090616"
"2J","1st","","chenopodium.opulifolium",NA,"MW","N","20090616"
"2J","1st","","chenopodium.schraderianum",NA,"MW","N","20090616"
"2J","1st","","commelina.spp",NA,"MW","N","20090616"
"2J","1st","","commicarpus.pedunculosus",NA,"MW","N","20090616"
"2J","1st","","conyza.sp",NA,"MW","N","20090616"
"2J","1st","","corchorus.sp",NA,"MW","N","20090616"
"2J","1st","","crotelaria.sp",NA,"MW","N","20090616"
"2J","1st","","cyathula.orthacantha",NA,"MW","N","20090616"
"2J","1st","","dyscoriste.radicans",NA,"MW","N","20090616"
"2J","1st","","euphorbia.inaequilatera",NA,"MW","N","20090616"
"2J","1st","","evolvulus.alsinoides",NA,"MW","N","20090616"
"2J","1st","","fern",NA,"MW","N","20090616"
"2J","1st","","gutenbergia.sp",NA,"MW","N","20090616"
"2J","1st","","hermannia.uhligii",NA,"MW","N","20090616"
"2J","1st","","hibiscus.flavifolius",NA,"MW","N","20090616"
"2J","1st","","hibiscus.trionum",NA,"MW","N","20090616"
"2J","1st","","indigofera.brevicalyx",NA,"MW","N","20090616"
"2J","1st","","indigofera.schimperi",NA,"MW","N","20090616"
"2J","1st","","ipomea.sinensis",NA,"MW","N","20090616"
"2J","1st","","justicia.dichipteroides",NA,"MW","N","20090616"
"2J","1st","","k",NA,"MW","N","20090616"
"2J","1st","","kyllinga.sp",NA,"MW","N","20090616"
"2J","1st","","leucas.glabrata",NA,"MW","N","20090616"
"2J","1st","","leucas.martiniscensis",NA,"MW","N","20090616"
"2J","1st","","lily.a",NA,"MW","N","20090616"
"2J","1st","","lily.b",NA,"MW","N","20090616"
"2J","1st","","lippia.javanica",NA,"MW","N","20090616"
"2J","1st","","melhania.spp.",NA,"MW","N","20090616"
"2J","1st","","misopates.orontium",NA,"MW","N","20090616"
"2J","1st","","mollugo.nudicaulis",NA,"MW","N","20090616"
"2J","1st","","monechima.debile",NA,"MW","N","20090616"
"2J","1st","","monsonia.augustifolia",NA,"MW","N","20090616"
"2J","1st","","ocimum.sp",NA,"MW","N","20090616"
"2J","1st","","osteospermum.vaillantii",NA,"MW","N","20090616"
"2J","1st","","oxygonum.sinuatum",NA,"MW","N","20090616"
"2J","1st","","pavonia.patens",NA,"MW","N","20090616"
"2J","1st","","pelargonium.alchemilloides",NA,"MW","N","20090616"
"2J","1st","","pentanisia.ouranogyne",NA,"MW","N","20090616"
"2J","1st","","phyllanthus.maderaspatensis",NA,"MW","N","20090616"
"2J","1st","","plectranthus.spp",NA,"MW","N","20090616"
"2J","1st","","pollichia.campestris",NA,"MW","N","20090616"
"2J","1st","","polygala..l.",NA,"MW","N","20090616"
"2J","1st","","polygala.sphenoptera",NA,"MW","N","20090616"
"2J","1st","","portulaca.oleracea",NA,"MW","N","20090616"
"2J","1st","","portulaca.quadrifida",NA,"MW","N","20090616"
"2J","1st","","pseudognaphalium..helichrysum.glumaceum.",NA,"MW","N","20090616"
"2J","1st","","psilotrichum.schimperi",NA,"MW","N","20090616"
"2J","1st","","rhinacanthus.ndorensis",NA,"MW","N","20090616"
"2J","1st","","rhynchosia.holstii",NA,"MW","N","20090616"
"2J","1st","","schkuhria.pinnata",NA,"MW","N","20090616"
"2J","1st","","sida.2",NA,"MW","N","20090616"
"2J","1st","","sida.cuneifolia",NA,"MW","N","20090616"
"2J","1st","","solanum.incanum",NA,"MW","N","20090616"
"2J","1st","","solanum.indicum",NA,"MW","N","20090616"
"2J","1st","","tribulus.terrestris",NA,"MW","N","20090616"
"2J","1st","","u",NA,"MW","N","20090616"
"2J","1st","","w",NA,"MW","N","20090616"
"2J","1st","","x_4",NA,"MW","N","20090616"
"2J","1st","","x_5",NA,"MW","N","20090616"
"2J","1st","","x_6",NA,"MW","N","20090616"
"2J","1st","","x_7",NA,"MW","N","20090616"
"2J","1st","","x_8",NA,"MW","N","20090616"
"2J","All","Lvs","bracharia.lacnantha",NA,"MW","N","20090616"
"2J","All","Lvs","lintonia.nutans",NA,"MW","N","20090616"
"2J","All","Lvs","pennisetum.mezianum",17,"MW","N","20090616"
"2J","All","Lvs","pennisetum.straminium",NA,"MW","N","20090616"
"2J","All","Lvs","themeda.triandra",NA,"MW","N","20090616"
"2J","All","Lvs","bare",NA,"MW","N","20090616"
"2J","All","Lvs","x_2",NA,"MW","N","20090616"
"2J","All","Lvs","aristida.kenyensis",NA,"MW","N","20090616"
"2J","All","Lvs","bothriochloa.insculpta",NA,"MW","N","20090616"
"2J","All","Lvs","bracharia.3",2,"MW","N","20090616"
"2J","All","Lvs","bracharia.eruciformis",NA,"MW","N","20090616"
"2J","All","Lvs","chloris.sp",NA,"MW","N","20090616"
"2J","All","Lvs","cynodon.dactylon",NA,"MW","N","20090616"
"2J","All","Lvs","cynodon.plectostachyus",NA,"MW","N","20090616"
"2J","All","Lvs","cyperus...mariscus.spp",NA,"MW","N","20090616"
"2J","All","Lvs","digitaria.2",NA,"MW","N","20090616"
"2J","All","Lvs","digitaria.milanjiana",NA,"MW","N","20090616"
"2J","All","Lvs","dinebra.retroflexa",NA,"MW","N","20090616"
"2J","All","Lvs","eragrostis.tenuifolia",NA,"MW","N","20090616"
"2J","All","Lvs","harpachne.schimperi",NA,"MW","N","20090616"
"2J","All","Lvs","microchloa.kunthii",NA,"MW","N","20090616"
"2J","All","Lvs","panicum.astrosanguinum",NA,"MW","N","20090616"
"2J","All","Lvs","setaria.acromelaena..small.",NA,"MW","N","20090616"
"2J","All","Lvs","setaria.sphaecealata..big.",NA,"MW","N","20090616"
"2J","All","Lvs","sporobolus.pyramidalis",NA,"MW","N","20090616"
"2J","All","Lvs","tragus.berteronianus",NA,"MW","N","20090616"
"2J","All","Lvs","x_3",NA,"MW","N","20090616"
"2J","All","Lvs","acalypha.crenata",NA,"MW","N","20090616"
"2J","All","Lvs","aerva.lanata",NA,"MW","N","20090616"
"2J","All","Lvs","amaranthus.hibridus",NA,"MW","N","20090616"
"2J","All","Lvs","aspilia.pluriseta",NA,"MW","N","20090616"
"2J","All","Lvs","asterolinon.adoense..v.",NA,"MW","N","20090616"
"2J","All","Lvs","caralluma.acutangula",NA,"MW","N","20090616"
"2J","All","Lvs","chenopodium.opulifolium",NA,"MW","N","20090616"
"2J","All","Lvs","chenopodium.schraderianum",NA,"MW","N","20090616"
"2J","All","Lvs","commelina.spp",NA,"MW","N","20090616"
"2J","All","Lvs","commicarpus.pedunculosus",NA,"MW","N","20090616"
"2J","All","Lvs","conyza.sp",NA,"MW","N","20090616"
"2J","All","Lvs","corchorus.sp",NA,"MW","N","20090616"
"2J","All","Lvs","crotelaria.sp",NA,"MW","N","20090616"
"2J","All","Lvs","cyathula.orthacantha",NA,"MW","N","20090616"
"2J","All","Lvs","dyscoriste.radicans",NA,"MW","N","20090616"
"2J","All","Lvs","euphorbia.inaequilatera",NA,"MW","N","20090616"
"2J","All","Lvs","evolvulus.alsinoides",NA,"MW","N","20090616"
"2J","All","Lvs","fern",NA,"MW","N","20090616"
"2J","All","Lvs","gutenbergia.sp",NA,"MW","N","20090616"
"2J","All","Lvs","hermannia.uhligii",NA,"MW","N","20090616"
"2J","All","Lvs","hibiscus.flavifolius",NA,"MW","N","20090616"
"2J","All","Lvs","hibiscus.trionum",NA,"MW","N","20090616"
"2J","All","Lvs","indigofera.brevicalyx",NA,"MW","N","20090616"
"2J","All","Lvs","indigofera.schimperi",NA,"MW","N","20090616"
"2J","All","Lvs","ipomea.sinensis",NA,"MW","N","20090616"
"2J","All","Lvs","justicia.dichipteroides",NA,"MW","N","20090616"
"2J","All","Lvs","k",NA,"MW","N","20090616"
"2J","All","Lvs","kyllinga.sp",NA,"MW","N","20090616"
"2J","All","Lvs","leucas.glabrata",NA,"MW","N","20090616"
"2J","All","Lvs","leucas.martiniscensis",NA,"MW","N","20090616"
"2J","All","Lvs","lily.a",NA,"MW","N","20090616"
"2J","All","Lvs","lily.b",NA,"MW","N","20090616"
"2J","All","Lvs","lippia.javanica",NA,"MW","N","20090616"
"2J","All","Lvs","melhania.spp.",NA,"MW","N","20090616"
"2J","All","Lvs","misopates.orontium",NA,"MW","N","20090616"
"2J","All","Lvs","mollugo.nudicaulis",NA,"MW","N","20090616"
"2J","All","Lvs","monechima.debile",NA,"MW","N","20090616"
"2J","All","Lvs","monsonia.augustifolia",NA,"MW","N","20090616"
"2J","All","Lvs","ocimum.sp",NA,"MW","N","20090616"
"2J","All","Lvs","osteospermum.vaillantii",NA,"MW","N","20090616"
"2J","All","Lvs","oxygonum.sinuatum",NA,"MW","N","20090616"
"2J","All","Lvs","pavonia.patens",NA,"MW","N","20090616"
"2J","All","Lvs","pelargonium.alchemilloides",NA,"MW","N","20090616"
"2J","All","Lvs","pentanisia.ouranogyne",NA,"MW","N","20090616"
"2J","All","Lvs","phyllanthus.maderaspatensis",NA,"MW","N","20090616"
"2J","All","Lvs","plectranthus.spp",NA,"MW","N","20090616"
"2J","All","Lvs","pollichia.campestris",NA,"MW","N","20090616"
"2J","All","Lvs","polygala..l.",NA,"MW","N","20090616"
"2J","All","Lvs","polygala.sphenoptera",NA,"MW","N","20090616"
"2J","All","Lvs","portulaca.oleracea",NA,"MW","N","20090616"
"2J","All","Lvs","portulaca.quadrifida",NA,"MW","N","20090616"
"2J","All","Lvs","pseudognaphalium..helichrysum.glumaceum.",NA,"MW","N","20090616"
"2J","All","Lvs","psilotrichum.schimperi",NA,"MW","N","20090616"
"2J","All","Lvs","rhinacanthus.ndorensis",NA,"MW","N","20090616"
"2J","All","Lvs","rhynchosia.holstii",NA,"MW","N","20090616"
"2J","All","Lvs","schkuhria.pinnata",NA,"MW","N","20090616"
"2J","All","Lvs","sida.2",NA,"MW","N","20090616"
"2J","All","Lvs","sida.cuneifolia",NA,"MW","N","20090616"
"2J","All","Lvs","solanum.incanum",NA,"MW","N","20090616"
"2J","All","Lvs","solanum.indicum",NA,"MW","N","20090616"
"2J","All","Lvs","tribulus.terrestris",NA,"MW","N","20090616"
"2J","All","Lvs","u",NA,"MW","N","20090616"
"2J","All","Lvs","w",NA,"MW","N","20090616"
"2J","All","Lvs","x_4",NA,"MW","N","20090616"
"2J","All","Lvs","x_5",NA,"MW","N","20090616"
"2J","All","Lvs","x_6",NA,"MW","N","20090616"
"2J","All","Lvs","x_7",NA,"MW","N","20090616"
"2J","All","Lvs","x_8",NA,"MW","N","20090616"
"2J","All","Stm","bracharia.lacnantha",NA,"MW","N","20090616"
"2J","All","Stm","lintonia.nutans",NA,"MW","N","20090616"
"2J","All","Stm","pennisetum.mezianum",9,"MW","N","20090616"
"2J","All","Stm","pennisetum.straminium",NA,"MW","N","20090616"
"2J","All","Stm","themeda.triandra",NA,"MW","N","20090616"
"2J","All","Stm","bare",NA,"MW","N","20090616"
"2J","All","Stm","x_2",NA,"MW","N","20090616"
"2J","All","Stm","aristida.kenyensis",NA,"MW","N","20090616"
"2J","All","Stm","bothriochloa.insculpta",NA,"MW","N","20090616"
"2J","All","Stm","bracharia.3",2,"MW","N","20090616"
"2J","All","Stm","bracharia.eruciformis",NA,"MW","N","20090616"
"2J","All","Stm","chloris.sp",NA,"MW","N","20090616"
"2J","All","Stm","cynodon.dactylon",NA,"MW","N","20090616"
"2J","All","Stm","cynodon.plectostachyus",NA,"MW","N","20090616"
"2J","All","Stm","cyperus...mariscus.spp",NA,"MW","N","20090616"
"2J","All","Stm","digitaria.2",NA,"MW","N","20090616"
"2J","All","Stm","digitaria.milanjiana",NA,"MW","N","20090616"
"2J","All","Stm","dinebra.retroflexa",NA,"MW","N","20090616"
"2J","All","Stm","eragrostis.tenuifolia",NA,"MW","N","20090616"
"2J","All","Stm","harpachne.schimperi",NA,"MW","N","20090616"
"2J","All","Stm","microchloa.kunthii",NA,"MW","N","20090616"
"2J","All","Stm","panicum.astrosanguinum",NA,"MW","N","20090616"
"2J","All","Stm","setaria.acromelaena..small.",NA,"MW","N","20090616"
"2J","All","Stm","setaria.sphaecealata..big.",NA,"MW","N","20090616"
"2J","All","Stm","sporobolus.pyramidalis",NA,"MW","N","20090616"
"2J","All","Stm","tragus.berteronianus",NA,"MW","N","20090616"
"2J","All","Stm","x_3",NA,"MW","N","20090616"
"2J","All","Stm","acalypha.crenata",NA,"MW","N","20090616"
"2J","All","Stm","aerva.lanata",NA,"MW","N","20090616"
"2J","All","Stm","amaranthus.hibridus",NA,"MW","N","20090616"
"2J","All","Stm","aspilia.pluriseta",NA,"MW","N","20090616"
"2J","All","Stm","asterolinon.adoense..v.",NA,"MW","N","20090616"
"2J","All","Stm","caralluma.acutangula",NA,"MW","N","20090616"
"2J","All","Stm","chenopodium.opulifolium",NA,"MW","N","20090616"
"2J","All","Stm","chenopodium.schraderianum",NA,"MW","N","20090616"
"2J","All","Stm","commelina.spp",NA,"MW","N","20090616"
"2J","All","Stm","commicarpus.pedunculosus",NA,"MW","N","20090616"
"2J","All","Stm","conyza.sp",NA,"MW","N","20090616"
"2J","All","Stm","corchorus.sp",NA,"MW","N","20090616"
"2J","All","Stm","crotelaria.sp",NA,"MW","N","20090616"
"2J","All","Stm","cyathula.orthacantha",NA,"MW","N","20090616"
"2J","All","Stm","dyscoriste.radicans",NA,"MW","N","20090616"
"2J","All","Stm","euphorbia.inaequilatera",NA,"MW","N","20090616"
"2J","All","Stm","evolvulus.alsinoides",NA,"MW","N","20090616"
"2J","All","Stm","fern",NA,"MW","N","20090616"
"2J","All","Stm","gutenbergia.sp",NA,"MW","N","20090616"
"2J","All","Stm","hermannia.uhligii",NA,"MW","N","20090616"
"2J","All","Stm","hibiscus.flavifolius",NA,"MW","N","20090616"
"2J","All","Stm","hibiscus.trionum",NA,"MW","N","20090616"
"2J","All","Stm","indigofera.brevicalyx",NA,"MW","N","20090616"
"2J","All","Stm","indigofera.schimperi",NA,"MW","N","20090616"
"2J","All","Stm","ipomea.sinensis",NA,"MW","N","20090616"
"2J","All","Stm","justicia.dichipteroides",NA,"MW","N","20090616"
"2J","All","Stm","k",NA,"MW","N","20090616"
"2J","All","Stm","kyllinga.sp",NA,"MW","N","20090616"
"2J","All","Stm","leucas.glabrata",NA,"MW","N","20090616"
"2J","All","Stm","leucas.martiniscensis",NA,"MW","N","20090616"
"2J","All","Stm","lily.a",NA,"MW","N","20090616"
"2J","All","Stm","lily.b",NA,"MW","N","20090616"
"2J","All","Stm","lippia.javanica",NA,"MW","N","20090616"
"2J","All","Stm","melhania.spp.",NA,"MW","N","20090616"
"2J","All","Stm","misopates.orontium",NA,"MW","N","20090616"
"2J","All","Stm","mollugo.nudicaulis",NA,"MW","N","20090616"
"2J","All","Stm","monechima.debile",NA,"MW","N","20090616"
"2J","All","Stm","monsonia.augustifolia",NA,"MW","N","20090616"
"2J","All","Stm","ocimum.sp",NA,"MW","N","20090616"
"2J","All","Stm","osteospermum.vaillantii",NA,"MW","N","20090616"
"2J","All","Stm","oxygonum.sinuatum",NA,"MW","N","20090616"
"2J","All","Stm","pavonia.patens",NA,"MW","N","20090616"
"2J","All","Stm","pelargonium.alchemilloides",NA,"MW","N","20090616"
"2J","All","Stm","pentanisia.ouranogyne",NA,"MW","N","20090616"
"2J","All","Stm","phyllanthus.maderaspatensis",NA,"MW","N","20090616"
"2J","All","Stm","plectranthus.spp",NA,"MW","N","20090616"
"2J","All","Stm","pollichia.campestris",NA,"MW","N","20090616"
"2J","All","Stm","polygala..l.",NA,"MW","N","20090616"
"2J","All","Stm","polygala.sphenoptera",NA,"MW","N","20090616"
"2J","All","Stm","portulaca.oleracea",NA,"MW","N","20090616"
"2J","All","Stm","portulaca.quadrifida",NA,"MW","N","20090616"
"2J","All","Stm","pseudognaphalium..helichrysum.glumaceum.",NA,"MW","N","20090616"
"2J","All","Stm","psilotrichum.schimperi",NA,"MW","N","20090616"
"2J","All","Stm","rhinacanthus.ndorensis",NA,"MW","N","20090616"
"2J","All","Stm","rhynchosia.holstii",NA,"MW","N","20090616"
"2J","All","Stm","schkuhria.pinnata",NA,"MW","N","20090616"
"2J","All","Stm","sida.2",NA,"MW","N","20090616"
"2J","All","Stm","sida.cuneifolia",NA,"MW","N","20090616"
"2J","All","Stm","solanum.incanum",NA,"MW","N","20090616"
"2J","All","Stm","solanum.indicum",NA,"MW","N","20090616"
"2J","All","Stm","tribulus.terrestris",NA,"MW","N","20090616"
"2J","All","Stm","u",NA,"MW","N","20090616"
"2J","All","Stm","w",NA,"MW","N","20090616"
"2J","All","Stm","x_4",NA,"MW","N","20090616"
"2J","All","Stm","x_5",NA,"MW","N","20090616"
"2J","All","Stm","x_6",NA,"MW","N","20090616"
"2J","All","Stm","x_7",NA,"MW","N","20090616"
"2J","All","Stm","x_8",NA,"MW","N","20090616"
"2H","1st","","bracharia.lacnantha",4,"MW","N","20090616"
"2H","1st","","lintonia.nutans",NA,"MW","N","20090616"
"2H","1st","","pennisetum.mezianum",NA,"MW","N","20090616"
"2H","1st","","pennisetum.straminium",NA,"MW","N","20090616"
"2H","1st","","themeda.triandra",3,"MW","N","20090616"
"2H","1st","","bare",3,"MW","N","20090616"
"2H","1st","","x_2",NA,"MW","N","20090616"
"2H","1st","","aristida.kenyensis",NA,"MW","N","20090616"
"2H","1st","","bothriochloa.insculpta",NA,"MW","N","20090616"
"2H","1st","","bracharia.3",NA,"MW","N","20090616"
"2H","1st","","bracharia.eruciformis",NA,"MW","N","20090616"
"2H","1st","","chloris.sp",NA,"MW","N","20090616"
"2H","1st","","cynodon.dactylon",NA,"MW","N","20090616"
"2H","1st","","cynodon.plectostachyus",NA,"MW","N","20090616"
"2H","1st","","cyperus...mariscus.spp",NA,"MW","N","20090616"
"2H","1st","","digitaria.2",NA,"MW","N","20090616"
"2H","1st","","digitaria.milanjiana",NA,"MW","N","20090616"
"2H","1st","","dinebra.retroflexa",NA,"MW","N","20090616"
"2H","1st","","eragrostis.tenuifolia",NA,"MW","N","20090616"
"2H","1st","","harpachne.schimperi",NA,"MW","N","20090616"
"2H","1st","","microchloa.kunthii",NA,"MW","N","20090616"
"2H","1st","","panicum.astrosanguinum",NA,"MW","N","20090616"
"2H","1st","","setaria.acromelaena..small.",NA,"MW","N","20090616"
"2H","1st","","setaria.sphaecealata..big.",NA,"MW","N","20090616"
"2H","1st","","sporobolus.pyramidalis",NA,"MW","N","20090616"
"2H","1st","","tragus.berteronianus",NA,"MW","N","20090616"
"2H","1st","","x_3",NA,"MW","N","20090616"
"2H","1st","","acalypha.crenata",NA,"MW","N","20090616"
"2H","1st","","aerva.lanata",NA,"MW","N","20090616"
"2H","1st","","amaranthus.hibridus",NA,"MW","N","20090616"
"2H","1st","","aspilia.pluriseta",NA,"MW","N","20090616"
"2H","1st","","asterolinon.adoense..v.",NA,"MW","N","20090616"
"2H","1st","","caralluma.acutangula",NA,"MW","N","20090616"
"2H","1st","","chenopodium.opulifolium",NA,"MW","N","20090616"
"2H","1st","","chenopodium.schraderianum",NA,"MW","N","20090616"
"2H","1st","","commelina.spp",NA,"MW","N","20090616"
"2H","1st","","commicarpus.pedunculosus",NA,"MW","N","20090616"
"2H","1st","","conyza.sp",NA,"MW","N","20090616"
"2H","1st","","corchorus.sp",NA,"MW","N","20090616"
"2H","1st","","crotelaria.sp",NA,"MW","N","20090616"
"2H","1st","","cyathula.orthacantha",NA,"MW","N","20090616"
"2H","1st","","dyscoriste.radicans",NA,"MW","N","20090616"
"2H","1st","","euphorbia.inaequilatera",NA,"MW","N","20090616"
"2H","1st","","evolvulus.alsinoides",NA,"MW","N","20090616"
"2H","1st","","fern",NA,"MW","N","20090616"
"2H","1st","","gutenbergia.sp",NA,"MW","N","20090616"
"2H","1st","","hermannia.uhligii",NA,"MW","N","20090616"
"2H","1st","","hibiscus.flavifolius",NA,"MW","N","20090616"
"2H","1st","","hibiscus.trionum",NA,"MW","N","20090616"
"2H","1st","","indigofera.brevicalyx",NA,"MW","N","20090616"
"2H","1st","","indigofera.schimperi",NA,"MW","N","20090616"
"2H","1st","","ipomea.sinensis",NA,"MW","N","20090616"
"2H","1st","","justicia.dichipteroides",NA,"MW","N","20090616"
"2H","1st","","k",NA,"MW","N","20090616"
"2H","1st","","kyllinga.sp",NA,"MW","N","20090616"
"2H","1st","","leucas.glabrata",NA,"MW","N","20090616"
"2H","1st","","leucas.martiniscensis",NA,"MW","N","20090616"
"2H","1st","","lily.a",NA,"MW","N","20090616"
"2H","1st","","lily.b",NA,"MW","N","20090616"
"2H","1st","","lippia.javanica",NA,"MW","N","20090616"
"2H","1st","","melhania.spp.",NA,"MW","N","20090616"
"2H","1st","","misopates.orontium",NA,"MW","N","20090616"
"2H","1st","","mollugo.nudicaulis",NA,"MW","N","20090616"
"2H","1st","","monechima.debile",NA,"MW","N","20090616"
"2H","1st","","monsonia.augustifolia",NA,"MW","N","20090616"
"2H","1st","","ocimum.sp",NA,"MW","N","20090616"
"2H","1st","","osteospermum.vaillantii",NA,"MW","N","20090616"
"2H","1st","","oxygonum.sinuatum",NA,"MW","N","20090616"
"2H","1st","","pavonia.patens",NA,"MW","N","20090616"
"2H","1st","","pelargonium.alchemilloides",NA,"MW","N","20090616"
"2H","1st","","pentanisia.ouranogyne",NA,"MW","N","20090616"
"2H","1st","","phyllanthus.maderaspatensis",NA,"MW","N","20090616"
"2H","1st","","plectranthus.spp",NA,"MW","N","20090616"
"2H","1st","","pollichia.campestris",NA,"MW","N","20090616"
"2H","1st","","polygala..l.",NA,"MW","N","20090616"
"2H","1st","","polygala.sphenoptera",NA,"MW","N","20090616"
"2H","1st","","portulaca.oleracea",NA,"MW","N","20090616"
"2H","1st","","portulaca.quadrifida",NA,"MW","N","20090616"
"2H","1st","","pseudognaphalium..helichrysum.glumaceum.",NA,"MW","N","20090616"
"2H","1st","","psilotrichum.schimperi",NA,"MW","N","20090616"
"2H","1st","","rhinacanthus.ndorensis",NA,"MW","N","20090616"
"2H","1st","","rhynchosia.holstii",NA,"MW","N","20090616"
"2H","1st","","schkuhria.pinnata",NA,"MW","N","20090616"
"2H","1st","","sida.2",NA,"MW","N","20090616"
"2H","1st","","sida.cuneifolia",NA,"MW","N","20090616"
"2H","1st","","solanum.incanum",NA,"MW","N","20090616"
"2H","1st","","solanum.indicum",NA,"MW","N","20090616"
"2H","1st","","tribulus.terrestris",NA,"MW","N","20090616"
"2H","1st","","u",NA,"MW","N","20090616"
"2H","1st","","w",NA,"MW","N","20090616"
"2H","1st","","x_4",NA,"MW","N","20090616"
"2H","1st","","x_5",NA,"MW","N","20090616"
"2H","1st","","x_6",NA,"MW","N","20090616"
"2H","1st","","x_7",NA,"MW","N","20090616"
"2H","1st","","x_8",NA,"MW","N","20090616"
"2H","All","Lvs","bracharia.lacnantha",6,"MW","N","20090616"
"2H","All","Lvs","lintonia.nutans",NA,"MW","N","20090616"
"2H","All","Lvs","pennisetum.mezianum",NA,"MW","N","20090616"
"2H","All","Lvs","pennisetum.straminium",NA,"MW","N","20090616"
"2H","All","Lvs","themeda.triandra",4,"MW","N","20090616"
"2H","All","Lvs","bare",NA,"MW","N","20090616"
"2H","All","Lvs","x_2",NA,"MW","N","20090616"
"2H","All","Lvs","aristida.kenyensis",NA,"MW","N","20090616"
"2H","All","Lvs","bothriochloa.insculpta",NA,"MW","N","20090616"
"2H","All","Lvs","bracharia.3",NA,"MW","N","20090616"
"2H","All","Lvs","bracharia.eruciformis",NA,"MW","N","20090616"
"2H","All","Lvs","chloris.sp",NA,"MW","N","20090616"
"2H","All","Lvs","cynodon.dactylon",NA,"MW","N","20090616"
"2H","All","Lvs","cynodon.plectostachyus",NA,"MW","N","20090616"
"2H","All","Lvs","cyperus...mariscus.spp",NA,"MW","N","20090616"
"2H","All","Lvs","digitaria.2",NA,"MW","N","20090616"
"2H","All","Lvs","digitaria.milanjiana",NA,"MW","N","20090616"
"2H","All","Lvs","dinebra.retroflexa",NA,"MW","N","20090616"
"2H","All","Lvs","eragrostis.tenuifolia",NA,"MW","N","20090616"
"2H","All","Lvs","harpachne.schimperi",NA,"MW","N","20090616"
"2H","All","Lvs","microchloa.kunthii",NA,"MW","N","20090616"
"2H","All","Lvs","panicum.astrosanguinum",NA,"MW","N","20090616"
"2H","All","Lvs","setaria.acromelaena..small.",NA,"MW","N","20090616"
"2H","All","Lvs","setaria.sphaecealata..big.",NA,"MW","N","20090616"
"2H","All","Lvs","sporobolus.pyramidalis",NA,"MW","N","20090616"
"2H","All","Lvs","tragus.berteronianus",NA,"MW","N","20090616"
"2H","All","Lvs","x_3",NA,"MW","N","20090616"
"2H","All","Lvs","acalypha.crenata",NA,"MW","N","20090616"
"2H","All","Lvs","aerva.lanata",NA,"MW","N","20090616"
"2H","All","Lvs","amaranthus.hibridus",NA,"MW","N","20090616"
"2H","All","Lvs","aspilia.pluriseta",NA,"MW","N","20090616"
"2H","All","Lvs","asterolinon.adoense..v.",NA,"MW","N","20090616"
"2H","All","Lvs","caralluma.acutangula",NA,"MW","N","20090616"
"2H","All","Lvs","chenopodium.opulifolium",NA,"MW","N","20090616"
"2H","All","Lvs","chenopodium.schraderianum",NA,"MW","N","20090616"
"2H","All","Lvs","commelina.spp",NA,"MW","N","20090616"
"2H","All","Lvs","commicarpus.pedunculosus",NA,"MW","N","20090616"
"2H","All","Lvs","conyza.sp",NA,"MW","N","20090616"
"2H","All","Lvs","corchorus.sp",NA,"MW","N","20090616"
"2H","All","Lvs","crotelaria.sp",NA,"MW","N","20090616"
"2H","All","Lvs","cyathula.orthacantha",NA,"MW","N","20090616"
"2H","All","Lvs","dyscoriste.radicans",NA,"MW","N","20090616"
"2H","All","Lvs","euphorbia.inaequilatera",NA,"MW","N","20090616"
"2H","All","Lvs","evolvulus.alsinoides",NA,"MW","N","20090616"
"2H","All","Lvs","fern",NA,"MW","N","20090616"
"2H","All","Lvs","gutenbergia.sp",NA,"MW","N","20090616"
"2H","All","Lvs","hermannia.uhligii",NA,"MW","N","20090616"
"2H","All","Lvs","hibiscus.flavifolius",NA,"MW","N","20090616"
"2H","All","Lvs","hibiscus.trionum",NA,"MW","N","20090616"
"2H","All","Lvs","indigofera.brevicalyx",NA,"MW","N","20090616"
"2H","All","Lvs","indigofera.schimperi",NA,"MW","N","20090616"
"2H","All","Lvs","ipomea.sinensis",NA,"MW","N","20090616"
"2H","All","Lvs","justicia.dichipteroides",NA,"MW","N","20090616"
"2H","All","Lvs","k",NA,"MW","N","20090616"
"2H","All","Lvs","kyllinga.sp",NA,"MW","N","20090616"
"2H","All","Lvs","leucas.glabrata",NA,"MW","N","20090616"
"2H","All","Lvs","leucas.martiniscensis",NA,"MW","N","20090616"
"2H","All","Lvs","lily.a",NA,"MW","N","20090616"
"2H","All","Lvs","lily.b",NA,"MW","N","20090616"
"2H","All","Lvs","lippia.javanica",NA,"MW","N","20090616"
"2H","All","Lvs","melhania.spp.",NA,"MW","N","20090616"
"2H","All","Lvs","misopates.orontium",NA,"MW","N","20090616"
"2H","All","Lvs","mollugo.nudicaulis",NA,"MW","N","20090616"
"2H","All","Lvs","monechima.debile",NA,"MW","N","20090616"
"2H","All","Lvs","monsonia.augustifolia",NA,"MW","N","20090616"
"2H","All","Lvs","ocimum.sp",NA,"MW","N","20090616"
"2H","All","Lvs","osteospermum.vaillantii",NA,"MW","N","20090616"
"2H","All","Lvs","oxygonum.sinuatum",NA,"MW","N","20090616"
"2H","All","Lvs","pavonia.patens",NA,"MW","N","20090616"
"2H","All","Lvs","pelargonium.alchemilloides",NA,"MW","N","20090616"
"2H","All","Lvs","pentanisia.ouranogyne",NA,"MW","N","20090616"
"2H","All","Lvs","phyllanthus.maderaspatensis",NA,"MW","N","20090616"
"2H","All","Lvs","plectranthus.spp",NA,"MW","N","20090616"
"2H","All","Lvs","pollichia.campestris",NA,"MW","N","20090616"
"2H","All","Lvs","polygala..l.",NA,"MW","N","20090616"
"2H","All","Lvs","polygala.sphenoptera",NA,"MW","N","20090616"
"2H","All","Lvs","portulaca.oleracea",NA,"MW","N","20090616"
"2H","All","Lvs","portulaca.quadrifida",NA,"MW","N","20090616"
"2H","All","Lvs","pseudognaphalium..helichrysum.glumaceum.",NA,"MW","N","20090616"
"2H","All","Lvs","psilotrichum.schimperi",NA,"MW","N","20090616"
"2H","All","Lvs","rhinacanthus.ndorensis",NA,"MW","N","20090616"
"2H","All","Lvs","rhynchosia.holstii",NA,"MW","N","20090616"
"2H","All","Lvs","schkuhria.pinnata",NA,"MW","N","20090616"
"2H","All","Lvs","sida.2",NA,"MW","N","20090616"
"2H","All","Lvs","sida.cuneifolia",NA,"MW","N","20090616"
"2H","All","Lvs","solanum.incanum",NA,"MW","N","20090616"
"2H","All","Lvs","solanum.indicum",NA,"MW","N","20090616"
"2H","All","Lvs","tribulus.terrestris",NA,"MW","N","20090616"
"2H","All","Lvs","u",NA,"MW","N","20090616"
"2H","All","Lvs","w",NA,"MW","N","20090616"
"2H","All","Lvs","x_4",NA,"MW","N","20090616"
"2H","All","Lvs","x_5",NA,"MW","N","20090616"
"2H","All","Lvs","x_6",NA,"MW","N","20090616"
"2H","All","Lvs","x_7",NA,"MW","N","20090616"
"2H","All","Lvs","x_8",NA,"MW","N","20090616"
"2H","All","Stm","bracharia.lacnantha",1,"MW","N","20090616"
"2H","All","Stm","lintonia.nutans",NA,"MW","N","20090616"
"2H","All","Stm","pennisetum.mezianum",NA,"MW","N","20090616"
"2H","All","Stm","pennisetum.straminium",NA,"MW","N","20090616"
"2H","All","Stm","themeda.triandra",NA,"MW","N","20090616"
"2H","All","Stm","bare",NA,"MW","N","20090616"
"2H","All","Stm","x_2",NA,"MW","N","20090616"
"2H","All","Stm","aristida.kenyensis",NA,"MW","N","20090616"
"2H","All","Stm","bothriochloa.insculpta",NA,"MW","N","20090616"
"2H","All","Stm","bracharia.3",NA,"MW","N","20090616"
"2H","All","Stm","bracharia.eruciformis",NA,"MW","N","20090616"
"2H","All","Stm","chloris.sp",NA,"MW","N","20090616"
"2H","All","Stm","cynodon.dactylon",NA,"MW","N","20090616"
"2H","All","Stm","cynodon.plectostachyus",NA,"MW","N","20090616"
"2H","All","Stm","cyperus...mariscus.spp",NA,"MW","N","20090616"
"2H","All","Stm","digitaria.2",NA,"MW","N","20090616"
"2H","All","Stm","digitaria.milanjiana",NA,"MW","N","20090616"
"2H","All","Stm","dinebra.retroflexa",NA,"MW","N","20090616"
"2H","All","Stm","eragrostis.tenuifolia",NA,"MW","N","20090616"
"2H","All","Stm","harpachne.schimperi",NA,"MW","N","20090616"
"2H","All","Stm","microchloa.kunthii",NA,"MW","N","20090616"
"2H","All","Stm","panicum.astrosanguinum",NA,"MW","N","20090616"
"2H","All","Stm","setaria.acromelaena..small.",NA,"MW","N","20090616"
"2H","All","Stm","setaria.sphaecealata..big.",NA,"MW","N","20090616"
"2H","All","Stm","sporobolus.pyramidalis",NA,"MW","N","20090616"
"2H","All","Stm","tragus.berteronianus",NA,"MW","N","20090616"
"2H","All","Stm","x_3",NA,"MW","N","20090616"
"2H","All","Stm","acalypha.crenata",NA,"MW","N","20090616"
"2H","All","Stm","aerva.lanata",NA,"MW","N","20090616"
"2H","All","Stm","amaranthus.hibridus",NA,"MW","N","20090616"
"2H","All","Stm","aspilia.pluriseta",NA,"MW","N","20090616"
"2H","All","Stm","asterolinon.adoense..v.",NA,"MW","N","20090616"
"2H","All","Stm","caralluma.acutangula",NA,"MW","N","20090616"
"2H","All","Stm","chenopodium.opulifolium",NA,"MW","N","20090616"
"2H","All","Stm","chenopodium.schraderianum",NA,"MW","N","20090616"
"2H","All","Stm","commelina.spp",NA,"MW","N","20090616"
"2H","All","Stm","commicarpus.pedunculosus",NA,"MW","N","20090616"
"2H","All","Stm","conyza.sp",NA,"MW","N","20090616"
"2H","All","Stm","corchorus.sp",NA,"MW","N","20090616"
"2H","All","Stm","crotelaria.sp",NA,"MW","N","20090616"
"2H","All","Stm","cyathula.orthacantha",NA,"MW","N","20090616"
"2H","All","Stm","dyscoriste.radicans",NA,"MW","N","20090616"
"2H","All","Stm","euphorbia.inaequilatera",NA,"MW","N","20090616"
"2H","All","Stm","evolvulus.alsinoides",NA,"MW","N","20090616"
"2H","All","Stm","fern",NA,"MW","N","20090616"
"2H","All","Stm","gutenbergia.sp",NA,"MW","N","20090616"
"2H","All","Stm","hermannia.uhligii",NA,"MW","N","20090616"
"2H","All","Stm","hibiscus.flavifolius",NA,"MW","N","20090616"
"2H","All","Stm","hibiscus.trionum",NA,"MW","N","20090616"
"2H","All","Stm","indigofera.brevicalyx",NA,"MW","N","20090616"
"2H","All","Stm","indigofera.schimperi",NA,"MW","N","20090616"
"2H","All","Stm","ipomea.sinensis",NA,"MW","N","20090616"
"2H","All","Stm","justicia.dichipteroides",NA,"MW","N","20090616"
"2H","All","Stm","k",NA,"MW","N","20090616"
"2H","All","Stm","kyllinga.sp",NA,"MW","N","20090616"
"2H","All","Stm","leucas.glabrata",NA,"MW","N","20090616"
"2H","All","Stm","leucas.martiniscensis",NA,"MW","N","20090616"
"2H","All","Stm","lily.a",NA,"MW","N","20090616"
"2H","All","Stm","lily.b",NA,"MW","N","20090616"
"2H","All","Stm","lippia.javanica",NA,"MW","N","20090616"
"2H","All","Stm","melhania.spp.",NA,"MW","N","20090616"
"2H","All","Stm","misopates.orontium",NA,"MW","N","20090616"
"2H","All","Stm","mollugo.nudicaulis",NA,"MW","N","20090616"
"2H","All","Stm","monechima.debile",NA,"MW","N","20090616"
"2H","All","Stm","monsonia.augustifolia",NA,"MW","N","20090616"
"2H","All","Stm","ocimum.sp",NA,"MW","N","20090616"
"2H","All","Stm","osteospermum.vaillantii",NA,"MW","N","20090616"
"2H","All","Stm","oxygonum.sinuatum",NA,"MW","N","20090616"
"2H","All","Stm","pavonia.patens",NA,"MW","N","20090616"
"2H","All","Stm","pelargonium.alchemilloides",NA,"MW","N","20090616"
"2H","All","Stm","pentanisia.ouranogyne",NA,"MW","N","20090616"
"2H","All","Stm","phyllanthus.maderaspatensis",NA,"MW","N","20090616"
"2H","All","Stm","plectranthus.spp",NA,"MW","N","20090616"
"2H","All","Stm","pollichia.campestris",NA,"MW","N","20090616"
"2H","All","Stm","polygala..l.",NA,"MW","N","20090616"
"2H","All","Stm","polygala.sphenoptera",NA,"MW","N","20090616"
"2H","All","Stm","portulaca.oleracea",NA,"MW","N","20090616"
"2H","All","Stm","portulaca.quadrifida",NA,"MW","N","20090616"
"2H","All","Stm","pseudognaphalium..helichrysum.glumaceum.",NA,"MW","N","20090616"
"2H","All","Stm","psilotrichum.schimperi",NA,"MW","N","20090616"
"2H","All","Stm","rhinacanthus.ndorensis",NA,"MW","N","20090616"
"2H","All","Stm","rhynchosia.holstii",NA,"MW","N","20090616"
"2H","All","Stm","schkuhria.pinnata",NA,"MW","N","20090616"
"2H","All","Stm","sida.2",NA,"MW","N","20090616"
"2H","All","Stm","sida.cuneifolia",NA,"MW","N","20090616"
"2H","All","Stm","solanum.incanum",NA,"MW","N","20090616"
"2H","All","Stm","solanum.indicum",NA,"MW","N","20090616"
"2H","All","Stm","tribulus.terrestris",NA,"MW","N","20090616"
"2H","All","Stm","u",NA,"MW","N","20090616"
"2H","All","Stm","w",NA,"MW","N","20090616"
"2H","All","Stm","x_4",NA,"MW","N","20090616"
"2H","All","Stm","x_5",NA,"MW","N","20090616"
"2H","All","Stm","x_6",NA,"MW","N","20090616"
"2H","All","Stm","x_7",NA,"MW","N","20090616"
"2H","All","Stm","x_8",NA,"MW","N","20090616"
"2F","1st","","bracharia.lacnantha",1,"MW","N","20090616"
"2F","1st","","lintonia.nutans",NA,"MW","N","20090616"
"2F","1st","","pennisetum.mezianum",NA,"MW","N","20090616"
"2F","1st","","pennisetum.straminium",5,"MW","N","20090616"
"2F","1st","","themeda.triandra",NA,"MW","N","20090616"
"2F","1st","","bare",4,"MW","N","20090616"
"2F","1st","","x_2",NA,"MW","N","20090616"
"2F","1st","","aristida.kenyensis",NA,"MW","N","20090616"
"2F","1st","","bothriochloa.insculpta",NA,"MW","N","20090616"
"2F","1st","","bracharia.3",NA,"MW","N","20090616"
"2F","1st","","bracharia.eruciformis",NA,"MW","N","20090616"
"2F","1st","","chloris.sp",NA,"MW","N","20090616"
"2F","1st","","cynodon.dactylon",NA,"MW","N","20090616"
"2F","1st","","cynodon.plectostachyus",NA,"MW","N","20090616"
"2F","1st","","cyperus...mariscus.spp",NA,"MW","N","20090616"
"2F","1st","","digitaria.2",NA,"MW","N","20090616"
"2F","1st","","digitaria.milanjiana",NA,"MW","N","20090616"
"2F","1st","","dinebra.retroflexa",NA,"MW","N","20090616"
"2F","1st","","eragrostis.tenuifolia",NA,"MW","N","20090616"
"2F","1st","","harpachne.schimperi",NA,"MW","N","20090616"
"2F","1st","","microchloa.kunthii",NA,"MW","N","20090616"
"2F","1st","","panicum.astrosanguinum",NA,"MW","N","20090616"
"2F","1st","","setaria.acromelaena..small.",NA,"MW","N","20090616"
"2F","1st","","setaria.sphaecealata..big.",NA,"MW","N","20090616"
"2F","1st","","sporobolus.pyramidalis",NA,"MW","N","20090616"
"2F","1st","","tragus.berteronianus",NA,"MW","N","20090616"
"2F","1st","","x_3",NA,"MW","N","20090616"
"2F","1st","","acalypha.crenata",NA,"MW","N","20090616"
"2F","1st","","aerva.lanata",NA,"MW","N","20090616"
"2F","1st","","amaranthus.hibridus",NA,"MW","N","20090616"
"2F","1st","","aspilia.pluriseta",NA,"MW","N","20090616"
"2F","1st","","asterolinon.adoense..v.",NA,"MW","N","20090616"
"2F","1st","","caralluma.acutangula",NA,"MW","N","20090616"
"2F","1st","","chenopodium.opulifolium",NA,"MW","N","20090616"
"2F","1st","","chenopodium.schraderianum",NA,"MW","N","20090616"
"2F","1st","","commelina.spp",NA,"MW","N","20090616"
"2F","1st","","commicarpus.pedunculosus",NA,"MW","N","20090616"
"2F","1st","","conyza.sp",NA,"MW","N","20090616"
"2F","1st","","corchorus.sp",NA,"MW","N","20090616"
"2F","1st","","crotelaria.sp",NA,"MW","N","20090616"
"2F","1st","","cyathula.orthacantha",NA,"MW","N","20090616"
"2F","1st","","dyscoriste.radicans",NA,"MW","N","20090616"
"2F","1st","","euphorbia.inaequilatera",NA,"MW","N","20090616"
"2F","1st","","evolvulus.alsinoides",NA,"MW","N","20090616"
"2F","1st","","fern",NA,"MW","N","20090616"
"2F","1st","","gutenbergia.sp",NA,"MW","N","20090616"
"2F","1st","","hermannia.uhligii",NA,"MW","N","20090616"
"2F","1st","","hibiscus.flavifolius",NA,"MW","N","20090616"
"2F","1st","","hibiscus.trionum",NA,"MW","N","20090616"
"2F","1st","","indigofera.brevicalyx",NA,"MW","N","20090616"
"2F","1st","","indigofera.schimperi",NA,"MW","N","20090616"
"2F","1st","","ipomea.sinensis",NA,"MW","N","20090616"
"2F","1st","","justicia.dichipteroides",NA,"MW","N","20090616"
"2F","1st","","k",NA,"MW","N","20090616"
"2F","1st","","kyllinga.sp",NA,"MW","N","20090616"
"2F","1st","","leucas.glabrata",NA,"MW","N","20090616"
"2F","1st","","leucas.martiniscensis",NA,"MW","N","20090616"
"2F","1st","","lily.a",NA,"MW","N","20090616"
"2F","1st","","lily.b",NA,"MW","N","20090616"
"2F","1st","","lippia.javanica",NA,"MW","N","20090616"
"2F","1st","","melhania.spp.",NA,"MW","N","20090616"
"2F","1st","","misopates.orontium",NA,"MW","N","20090616"
"2F","1st","","mollugo.nudicaulis",NA,"MW","N","20090616"
"2F","1st","","monechima.debile",NA,"MW","N","20090616"
"2F","1st","","monsonia.augustifolia",NA,"MW","N","20090616"
"2F","1st","","ocimum.sp",NA,"MW","N","20090616"
"2F","1st","","osteospermum.vaillantii",NA,"MW","N","20090616"
"2F","1st","","oxygonum.sinuatum",NA,"MW","N","20090616"
"2F","1st","","pavonia.patens",NA,"MW","N","20090616"
"2F","1st","","pelargonium.alchemilloides",NA,"MW","N","20090616"
"2F","1st","","pentanisia.ouranogyne",NA,"MW","N","20090616"
"2F","1st","","phyllanthus.maderaspatensis",NA,"MW","N","20090616"
"2F","1st","","plectranthus.spp",NA,"MW","N","20090616"
"2F","1st","","pollichia.campestris",NA,"MW","N","20090616"
"2F","1st","","polygala..l.",NA,"MW","N","20090616"
"2F","1st","","polygala.sphenoptera",NA,"MW","N","20090616"
"2F","1st","","portulaca.oleracea",NA,"MW","N","20090616"
"2F","1st","","portulaca.quadrifida",NA,"MW","N","20090616"
"2F","1st","","pseudognaphalium..helichrysum.glumaceum.",NA,"MW","N","20090616"
"2F","1st","","psilotrichum.schimperi",NA,"MW","N","20090616"
"2F","1st","","rhinacanthus.ndorensis",NA,"MW","N","20090616"
"2F","1st","","rhynchosia.holstii",NA,"MW","N","20090616"
"2F","1st","","schkuhria.pinnata",NA,"MW","N","20090616"
"2F","1st","","sida.2",NA,"MW","N","20090616"
"2F","1st","","sida.cuneifolia",NA,"MW","N","20090616"
"2F","1st","","solanum.incanum",NA,"MW","N","20090616"
"2F","1st","","solanum.indicum",NA,"MW","N","20090616"
"2F","1st","","tribulus.terrestris",NA,"MW","N","20090616"
"2F","1st","","u",NA,"MW","N","20090616"
"2F","1st","","w",NA,"MW","N","20090616"
"2F","1st","","x_4",NA,"MW","N","20090616"
"2F","1st","","x_5",NA,"MW","N","20090616"
"2F","1st","","x_6",NA,"MW","N","20090616"
"2F","1st","","x_7",NA,"MW","N","20090616"
"2F","1st","","x_8",NA,"MW","N","20090616"
"2F","All","Lvs","bracharia.lacnantha",1,"MW","N","20090616"
"2F","All","Lvs","lintonia.nutans",NA,"MW","N","20090616"
"2F","All","Lvs","pennisetum.mezianum",NA,"MW","N","20090616"
"2F","All","Lvs","pennisetum.straminium",3,"MW","N","20090616"
"2F","All","Lvs","themeda.triandra",NA,"MW","N","20090616"
"2F","All","Lvs","bare",NA,"MW","N","20090616"
"2F","All","Lvs","x_2",NA,"MW","N","20090616"
"2F","All","Lvs","aristida.kenyensis",NA,"MW","N","20090616"
"2F","All","Lvs","bothriochloa.insculpta",NA,"MW","N","20090616"
"2F","All","Lvs","bracharia.3",NA,"MW","N","20090616"
"2F","All","Lvs","bracharia.eruciformis",NA,"MW","N","20090616"
"2F","All","Lvs","chloris.sp",NA,"MW","N","20090616"
"2F","All","Lvs","cynodon.dactylon",NA,"MW","N","20090616"
"2F","All","Lvs","cynodon.plectostachyus",NA,"MW","N","20090616"
"2F","All","Lvs","cyperus...mariscus.spp",NA,"MW","N","20090616"
"2F","All","Lvs","digitaria.2",NA,"MW","N","20090616"
"2F","All","Lvs","digitaria.milanjiana",NA,"MW","N","20090616"
"2F","All","Lvs","dinebra.retroflexa",NA,"MW","N","20090616"
"2F","All","Lvs","eragrostis.tenuifolia",NA,"MW","N","20090616"
"2F","All","Lvs","harpachne.schimperi",NA,"MW","N","20090616"
"2F","All","Lvs","microchloa.kunthii",NA,"MW","N","20090616"
"2F","All","Lvs","panicum.astrosanguinum",NA,"MW","N","20090616"
"2F","All","Lvs","setaria.acromelaena..small.",NA,"MW","N","20090616"
"2F","All","Lvs","setaria.sphaecealata..big.",NA,"MW","N","20090616"
"2F","All","Lvs","sporobolus.pyramidalis",NA,"MW","N","20090616"
"2F","All","Lvs","tragus.berteronianus",NA,"MW","N","20090616"
"2F","All","Lvs","x_3",NA,"MW","N","20090616"
"2F","All","Lvs","acalypha.crenata",NA,"MW","N","20090616"
"2F","All","Lvs","aerva.lanata",NA,"MW","N","20090616"
"2F","All","Lvs","amaranthus.hibridus",NA,"MW","N","20090616"
"2F","All","Lvs","aspilia.pluriseta",NA,"MW","N","20090616"
"2F","All","Lvs","asterolinon.adoense..v.",NA,"MW","N","20090616"
"2F","All","Lvs","caralluma.acutangula",NA,"MW","N","20090616"
"2F","All","Lvs","chenopodium.opulifolium",NA,"MW","N","20090616"
"2F","All","Lvs","chenopodium.schraderianum",NA,"MW","N","20090616"
"2F","All","Lvs","commelina.spp",NA,"MW","N","20090616"
"2F","All","Lvs","commicarpus.pedunculosus",NA,"MW","N","20090616"
"2F","All","Lvs","conyza.sp",NA,"MW","N","20090616"
"2F","All","Lvs","corchorus.sp",NA,"MW","N","20090616"
"2F","All","Lvs","crotelaria.sp",NA,"MW","N","20090616"
"2F","All","Lvs","cyathula.orthacantha",NA,"MW","N","20090616"
"2F","All","Lvs","dyscoriste.radicans",NA,"MW","N","20090616"
"2F","All","Lvs","euphorbia.inaequilatera",NA,"MW","N","20090616"
"2F","All","Lvs","evolvulus.alsinoides",NA,"MW","N","20090616"
"2F","All","Lvs","fern",NA,"MW","N","20090616"
"2F","All","Lvs","gutenbergia.sp",NA,"MW","N","20090616"
"2F","All","Lvs","hermannia.uhligii",NA,"MW","N","20090616"
"2F","All","Lvs","hibiscus.flavifolius",NA,"MW","N","20090616"
"2F","All","Lvs","hibiscus.trionum",NA,"MW","N","20090616"
"2F","All","Lvs","indigofera.brevicalyx",NA,"MW","N","20090616"
"2F","All","Lvs","indigofera.schimperi",NA,"MW","N","20090616"
"2F","All","Lvs","ipomea.sinensis",NA,"MW","N","20090616"
"2F","All","Lvs","justicia.dichipteroides",NA,"MW","N","20090616"
"2F","All","Lvs","k",NA,"MW","N","20090616"
"2F","All","Lvs","kyllinga.sp",NA,"MW","N","20090616"
"2F","All","Lvs","leucas.glabrata",NA,"MW","N","20090616"
"2F","All","Lvs","leucas.martiniscensis",NA,"MW","N","20090616"
"2F","All","Lvs","lily.a",NA,"MW","N","20090616"
"2F","All","Lvs","lily.b",NA,"MW","N","20090616"
"2F","All","Lvs","lippia.javanica",NA,"MW","N","20090616"
"2F","All","Lvs","melhania.spp.",NA,"MW","N","20090616"
"2F","All","Lvs","misopates.orontium",NA,"MW","N","20090616"
"2F","All","Lvs","mollugo.nudicaulis",NA,"MW","N","20090616"
"2F","All","Lvs","monechima.debile",NA,"MW","N","20090616"
"2F","All","Lvs","monsonia.augustifolia",NA,"MW","N","20090616"
"2F","All","Lvs","ocimum.sp",NA,"MW","N","20090616"
"2F","All","Lvs","osteospermum.vaillantii",NA,"MW","N","20090616"
"2F","All","Lvs","oxygonum.sinuatum",NA,"MW","N","20090616"
"2F","All","Lvs","pavonia.patens",NA,"MW","N","20090616"
"2F","All","Lvs","pelargonium.alchemilloides",NA,"MW","N","20090616"
"2F","All","Lvs","pentanisia.ouranogyne",NA,"MW","N","20090616"
"2F","All","Lvs","phyllanthus.maderaspatensis",NA,"MW","N","20090616"
"2F","All","Lvs","plectranthus.spp",NA,"MW","N","20090616"
"2F","All","Lvs","pollichia.campestris",NA,"MW","N","20090616"
"2F","All","Lvs","polygala..l.",NA,"MW","N","20090616"
"2F","All","Lvs","polygala.sphenoptera",NA,"MW","N","20090616"
"2F","All","Lvs","portulaca.oleracea",NA,"MW","N","20090616"
"2F","All","Lvs","portulaca.quadrifida",NA,"MW","N","20090616"
"2F","All","Lvs","pseudognaphalium..helichrysum.glumaceum.",NA,"MW","N","20090616"
"2F","All","Lvs","psilotrichum.schimperi",NA,"MW","N","20090616"
"2F","All","Lvs","rhinacanthus.ndorensis",NA,"MW","N","20090616"
"2F","All","Lvs","rhynchosia.holstii",NA,"MW","N","20090616"
"2F","All","Lvs","schkuhria.pinnata",NA,"MW","N","20090616"
"2F","All","Lvs","sida.2",NA,"MW","N","20090616"
"2F","All","Lvs","sida.cuneifolia",NA,"MW","N","20090616"
"2F","All","Lvs","solanum.incanum",NA,"MW","N","20090616"
"2F","All","Lvs","solanum.indicum",NA,"MW","N","20090616"
"2F","All","Lvs","tribulus.terrestris",NA,"MW","N","20090616"
"2F","All","Lvs","u",NA,"MW","N","20090616"
"2F","All","Lvs","w",NA,"MW","N","20090616"
"2F","All","Lvs","x_4",NA,"MW","N","20090616"
"2F","All","Lvs","x_5",NA,"MW","N","20090616"
"2F","All","Lvs","x_6",NA,"MW","N","20090616"
"2F","All","Lvs","x_7",NA,"MW","N","20090616"
"2F","All","Lvs","x_8",NA,"MW","N","20090616"
"2F","All","Stm","bracharia.lacnantha",NA,"MW","N","20090616"
"2F","All","Stm","lintonia.nutans",NA,"MW","N","20090616"
"2F","All","Stm","pennisetum.mezianum",NA,"MW","N","20090616"
"2F","All","Stm","pennisetum.straminium",3,"MW","N","20090616"
"2F","All","Stm","themeda.triandra",NA,"MW","N","20090616"
"2F","All","Stm","bare",NA,"MW","N","20090616"
"2F","All","Stm","x_2",NA,"MW","N","20090616"
"2F","All","Stm","aristida.kenyensis",NA,"MW","N","20090616"
"2F","All","Stm","bothriochloa.insculpta",NA,"MW","N","20090616"
"2F","All","Stm","bracharia.3",NA,"MW","N","20090616"
"2F","All","Stm","bracharia.eruciformis",NA,"MW","N","20090616"
"2F","All","Stm","chloris.sp",NA,"MW","N","20090616"
"2F","All","Stm","cynodon.dactylon",NA,"MW","N","20090616"
"2F","All","Stm","cynodon.plectostachyus",NA,"MW","N","20090616"
"2F","All","Stm","cyperus...mariscus.spp",NA,"MW","N","20090616"
"2F","All","Stm","digitaria.2",NA,"MW","N","20090616"
"2F","All","Stm","digitaria.milanjiana",NA,"MW","N","20090616"
"2F","All","Stm","dinebra.retroflexa",NA,"MW","N","20090616"
"2F","All","Stm","eragrostis.tenuifolia",NA,"MW","N","20090616"
"2F","All","Stm","harpachne.schimperi",NA,"MW","N","20090616"
"2F","All","Stm","microchloa.kunthii",NA,"MW","N","20090616"
"2F","All","Stm","panicum.astrosanguinum",NA,"MW","N","20090616"
"2F","All","Stm","setaria.acromelaena..small.",NA,"MW","N","20090616"
"2F","All","Stm","setaria.sphaecealata..big.",NA,"MW","N","20090616"
"2F","All","Stm","sporobolus.pyramidalis",NA,"MW","N","20090616"
"2F","All","Stm","tragus.berteronianus",NA,"MW","N","20090616"
"2F","All","Stm","x_3",NA,"MW","N","20090616"
"2F","All","Stm","acalypha.crenata",NA,"MW","N","20090616"
"2F","All","Stm","aerva.lanata",NA,"MW","N","20090616"
"2F","All","Stm","amaranthus.hibridus",NA,"MW","N","20090616"
"2F","All","Stm","aspilia.pluriseta",NA,"MW","N","20090616"
"2F","All","Stm","asterolinon.adoense..v.",NA,"MW","N","20090616"
"2F","All","Stm","caralluma.acutangula",NA,"MW","N","20090616"
"2F","All","Stm","chenopodium.opulifolium",NA,"MW","N","20090616"
"2F","All","Stm","chenopodium.schraderianum",NA,"MW","N","20090616"
"2F","All","Stm","commelina.spp",NA,"MW","N","20090616"
"2F","All","Stm","commicarpus.pedunculosus",NA,"MW","N","20090616"
"2F","All","Stm","conyza.sp",NA,"MW","N","20090616"
"2F","All","Stm","corchorus.sp",NA,"MW","N","20090616"
"2F","All","Stm","crotelaria.sp",NA,"MW","N","20090616"
"2F","All","Stm","cyathula.orthacantha",NA,"MW","N","20090616"
"2F","All","Stm","dyscoriste.radicans",NA,"MW","N","20090616"
"2F","All","Stm","euphorbia.inaequilatera",NA,"MW","N","20090616"
"2F","All","Stm","evolvulus.alsinoides",NA,"MW","N","20090616"
"2F","All","Stm","fern",NA,"MW","N","20090616"
"2F","All","Stm","gutenbergia.sp",NA,"MW","N","20090616"
"2F","All","Stm","hermannia.uhligii",NA,"MW","N","20090616"
"2F","All","Stm","hibiscus.flavifolius",NA,"MW","N","20090616"
"2F","All","Stm","hibiscus.trionum",NA,"MW","N","20090616"
"2F","All","Stm","indigofera.brevicalyx",NA,"MW","N","20090616"
"2F","All","Stm","indigofera.schimperi",NA,"MW","N","20090616"
"2F","All","Stm","ipomea.sinensis",NA,"MW","N","20090616"
"2F","All","Stm","justicia.dichipteroides",NA,"MW","N","20090616"
"2F","All","Stm","k",NA,"MW","N","20090616"
"2F","All","Stm","kyllinga.sp",NA,"MW","N","20090616"
"2F","All","Stm","leucas.glabrata",NA,"MW","N","20090616"
"2F","All","Stm","leucas.martiniscensis",NA,"MW","N","20090616"
"2F","All","Stm","lily.a",NA,"MW","N","20090616"
"2F","All","Stm","lily.b",NA,"MW","N","20090616"
"2F","All","Stm","lippia.javanica",NA,"MW","N","20090616"
"2F","All","Stm","melhania.spp.",NA,"MW","N","20090616"
"2F","All","Stm","misopates.orontium",NA,"MW","N","20090616"
"2F","All","Stm","mollugo.nudicaulis",NA,"MW","N","20090616"
"2F","All","Stm","monechima.debile",NA,"MW","N","20090616"
"2F","All","Stm","monsonia.augustifolia",NA,"MW","N","20090616"
"2F","All","Stm","ocimum.sp",NA,"MW","N","20090616"
"2F","All","Stm","osteospermum.vaillantii",NA,"MW","N","20090616"
"2F","All","Stm","oxygonum.sinuatum",NA,"MW","N","20090616"
"2F","All","Stm","pavonia.patens",NA,"MW","N","20090616"
"2F","All","Stm","pelargonium.alchemilloides",NA,"MW","N","20090616"
"2F","All","Stm","pentanisia.ouranogyne",NA,"MW","N","20090616"
"2F","All","Stm","phyllanthus.maderaspatensis",NA,"MW","N","20090616"
"2F","All","Stm","plectranthus.spp",NA,"MW","N","20090616"
"2F","All","Stm","pollichia.campestris",NA,"MW","N","20090616"
"2F","All","Stm","polygala..l.",NA,"MW","N","20090616"
"2F","All","Stm","polygala.sphenoptera",NA,"MW","N","20090616"
"2F","All","Stm","portulaca.oleracea",NA,"MW","N","20090616"
"2F","All","Stm","portulaca.quadrifida",NA,"MW","N","20090616"
"2F","All","Stm","pseudognaphalium..helichrysum.glumaceum.",NA,"MW","N","20090616"
"2F","All","Stm","psilotrichum.schimperi",NA,"MW","N","20090616"
"2F","All","Stm","rhinacanthus.ndorensis",NA,"MW","N","20090616"
"2F","All","Stm","rhynchosia.holstii",NA,"MW","N","20090616"
"2F","All","Stm","schkuhria.pinnata",NA,"MW","N","20090616"
"2F","All","Stm","sida.2",NA,"MW","N","20090616"
"2F","All","Stm","sida.cuneifolia",NA,"MW","N","20090616"
"2F","All","Stm","solanum.incanum",NA,"MW","N","20090616"
"2F","All","Stm","solanum.indicum",NA,"MW","N","20090616"
"2F","All","Stm","tribulus.terrestris",NA,"MW","N","20090616"
"2F","All","Stm","u",NA,"MW","N","20090616"
"2F","All","Stm","w",NA,"MW","N","20090616"
"2F","All","Stm","x_4",NA,"MW","N","20090616"
"2F","All","Stm","x_5",NA,"MW","N","20090616"
"2F","All","Stm","x_6",NA,"MW","N","20090616"
"2F","All","Stm","x_7",NA,"MW","N","20090616"
"2F","All","Stm","x_8",NA,"MW","N","20090616"
"2D","1st","","bracharia.lacnantha",2,"MW","N","20090616"
"2D","1st","","lintonia.nutans",NA,"MW","N","20090616"
"2D","1st","","pennisetum.mezianum",3,"MW","N","20090616"
"2D","1st","","pennisetum.straminium",NA,"MW","N","20090616"
"2D","1st","","themeda.triandra",NA,"MW","N","20090616"
"2D","1st","","bare",5,"MW","N","20090616"
"2D","1st","","x_2",NA,"MW","N","20090616"
"2D","1st","","aristida.kenyensis",NA,"MW","N","20090616"
"2D","1st","","bothriochloa.insculpta",NA,"MW","N","20090616"
"2D","1st","","bracharia.3",NA,"MW","N","20090616"
"2D","1st","","bracharia.eruciformis",NA,"MW","N","20090616"
"2D","1st","","chloris.sp",NA,"MW","N","20090616"
"2D","1st","","cynodon.dactylon",NA,"MW","N","20090616"
"2D","1st","","cynodon.plectostachyus",NA,"MW","N","20090616"
"2D","1st","","cyperus...mariscus.spp",NA,"MW","N","20090616"
"2D","1st","","digitaria.2",NA,"MW","N","20090616"
"2D","1st","","digitaria.milanjiana",NA,"MW","N","20090616"
"2D","1st","","dinebra.retroflexa",NA,"MW","N","20090616"
"2D","1st","","eragrostis.tenuifolia",NA,"MW","N","20090616"
"2D","1st","","harpachne.schimperi",NA,"MW","N","20090616"
"2D","1st","","microchloa.kunthii",NA,"MW","N","20090616"
"2D","1st","","panicum.astrosanguinum",NA,"MW","N","20090616"
"2D","1st","","setaria.acromelaena..small.",NA,"MW","N","20090616"
"2D","1st","","setaria.sphaecealata..big.",NA,"MW","N","20090616"
"2D","1st","","sporobolus.pyramidalis",NA,"MW","N","20090616"
"2D","1st","","tragus.berteronianus",NA,"MW","N","20090616"
"2D","1st","","x_3",NA,"MW","N","20090616"
"2D","1st","","acalypha.crenata",NA,"MW","N","20090616"
"2D","1st","","aerva.lanata",NA,"MW","N","20090616"
"2D","1st","","amaranthus.hibridus",NA,"MW","N","20090616"
"2D","1st","","aspilia.pluriseta",NA,"MW","N","20090616"
"2D","1st","","asterolinon.adoense..v.",NA,"MW","N","20090616"
"2D","1st","","caralluma.acutangula",NA,"MW","N","20090616"
"2D","1st","","chenopodium.opulifolium",NA,"MW","N","20090616"
"2D","1st","","chenopodium.schraderianum",NA,"MW","N","20090616"
"2D","1st","","commelina.spp",NA,"MW","N","20090616"
"2D","1st","","commicarpus.pedunculosus",NA,"MW","N","20090616"
"2D","1st","","conyza.sp",NA,"MW","N","20090616"
"2D","1st","","corchorus.sp",NA,"MW","N","20090616"
"2D","1st","","crotelaria.sp",NA,"MW","N","20090616"
"2D","1st","","cyathula.orthacantha",NA,"MW","N","20090616"
"2D","1st","","dyscoriste.radicans",NA,"MW","N","20090616"
"2D","1st","","euphorbia.inaequilatera",NA,"MW","N","20090616"
"2D","1st","","evolvulus.alsinoides",NA,"MW","N","20090616"
"2D","1st","","fern",NA,"MW","N","20090616"
"2D","1st","","gutenbergia.sp",NA,"MW","N","20090616"
"2D","1st","","hermannia.uhligii",NA,"MW","N","20090616"
"2D","1st","","hibiscus.flavifolius",NA,"MW","N","20090616"
"2D","1st","","hibiscus.trionum",NA,"MW","N","20090616"
"2D","1st","","indigofera.brevicalyx",NA,"MW","N","20090616"
"2D","1st","","indigofera.schimperi",NA,"MW","N","20090616"
"2D","1st","","ipomea.sinensis",NA,"MW","N","20090616"
"2D","1st","","justicia.dichipteroides",NA,"MW","N","20090616"
"2D","1st","","k",NA,"MW","N","20090616"
"2D","1st","","kyllinga.sp",NA,"MW","N","20090616"
"2D","1st","","leucas.glabrata",NA,"MW","N","20090616"
"2D","1st","","leucas.martiniscensis",NA,"MW","N","20090616"
"2D","1st","","lily.a",NA,"MW","N","20090616"
"2D","1st","","lily.b",NA,"MW","N","20090616"
"2D","1st","","lippia.javanica",NA,"MW","N","20090616"
"2D","1st","","melhania.spp.",NA,"MW","N","20090616"
"2D","1st","","misopates.orontium",NA,"MW","N","20090616"
"2D","1st","","mollugo.nudicaulis",NA,"MW","N","20090616"
"2D","1st","","monechima.debile",NA,"MW","N","20090616"
"2D","1st","","monsonia.augustifolia",NA,"MW","N","20090616"
"2D","1st","","ocimum.sp",NA,"MW","N","20090616"
"2D","1st","","osteospermum.vaillantii",NA,"MW","N","20090616"
"2D","1st","","oxygonum.sinuatum",NA,"MW","N","20090616"
"2D","1st","","pavonia.patens",NA,"MW","N","20090616"
"2D","1st","","pelargonium.alchemilloides",NA,"MW","N","20090616"
"2D","1st","","pentanisia.ouranogyne",NA,"MW","N","20090616"
"2D","1st","","phyllanthus.maderaspatensis",NA,"MW","N","20090616"
"2D","1st","","plectranthus.spp",NA,"MW","N","20090616"
"2D","1st","","pollichia.campestris",NA,"MW","N","20090616"
"2D","1st","","polygala..l.",NA,"MW","N","20090616"
"2D","1st","","polygala.sphenoptera",NA,"MW","N","20090616"
"2D","1st","","portulaca.oleracea",NA,"MW","N","20090616"
"2D","1st","","portulaca.quadrifida",NA,"MW","N","20090616"
"2D","1st","","pseudognaphalium..helichrysum.glumaceum.",NA,"MW","N","20090616"
"2D","1st","","psilotrichum.schimperi",NA,"MW","N","20090616"
"2D","1st","","rhinacanthus.ndorensis",NA,"MW","N","20090616"
"2D","1st","","rhynchosia.holstii",NA,"MW","N","20090616"
"2D","1st","","schkuhria.pinnata",NA,"MW","N","20090616"
"2D","1st","","sida.2",NA,"MW","N","20090616"
"2D","1st","","sida.cuneifolia",NA,"MW","N","20090616"
"2D","1st","","solanum.incanum",NA,"MW","N","20090616"
"2D","1st","","solanum.indicum",NA,"MW","N","20090616"
"2D","1st","","tribulus.terrestris",NA,"MW","N","20090616"
"2D","1st","","u",NA,"MW","N","20090616"
"2D","1st","","w",NA,"MW","N","20090616"
"2D","1st","","x_4",NA,"MW","N","20090616"
"2D","1st","","x_5",NA,"MW","N","20090616"
"2D","1st","","x_6",NA,"MW","N","20090616"
"2D","1st","","x_7",NA,"MW","N","20090616"
"2D","1st","","x_8",NA,"MW","N","20090616"
"2D","All","Lvs","bracharia.lacnantha",4,"MW","N","20090616"
"2D","All","Lvs","lintonia.nutans",NA,"MW","N","20090616"
"2D","All","Lvs","pennisetum.mezianum",3,"MW","N","20090616"
"2D","All","Lvs","pennisetum.straminium",NA,"MW","N","20090616"
"2D","All","Lvs","themeda.triandra",NA,"MW","N","20090616"
"2D","All","Lvs","bare",NA,"MW","N","20090616"
"2D","All","Lvs","x_2",NA,"MW","N","20090616"
"2D","All","Lvs","aristida.kenyensis",NA,"MW","N","20090616"
"2D","All","Lvs","bothriochloa.insculpta",NA,"MW","N","20090616"
"2D","All","Lvs","bracharia.3",NA,"MW","N","20090616"
"2D","All","Lvs","bracharia.eruciformis",NA,"MW","N","20090616"
"2D","All","Lvs","chloris.sp",NA,"MW","N","20090616"
"2D","All","Lvs","cynodon.dactylon",NA,"MW","N","20090616"
"2D","All","Lvs","cynodon.plectostachyus",NA,"MW","N","20090616"
"2D","All","Lvs","cyperus...mariscus.spp",NA,"MW","N","20090616"
"2D","All","Lvs","digitaria.2",NA,"MW","N","20090616"
"2D","All","Lvs","digitaria.milanjiana",NA,"MW","N","20090616"
"2D","All","Lvs","dinebra.retroflexa",NA,"MW","N","20090616"
"2D","All","Lvs","eragrostis.tenuifolia",NA,"MW","N","20090616"
"2D","All","Lvs","harpachne.schimperi",NA,"MW","N","20090616"
"2D","All","Lvs","microchloa.kunthii",NA,"MW","N","20090616"
"2D","All","Lvs","panicum.astrosanguinum",NA,"MW","N","20090616"
"2D","All","Lvs","setaria.acromelaena..small.",NA,"MW","N","20090616"
"2D","All","Lvs","setaria.sphaecealata..big.",NA,"MW","N","20090616"
"2D","All","Lvs","sporobolus.pyramidalis",NA,"MW","N","20090616"
"2D","All","Lvs","tragus.berteronianus",NA,"MW","N","20090616"
"2D","All","Lvs","x_3",NA,"MW","N","20090616"
"2D","All","Lvs","acalypha.crenata",NA,"MW","N","20090616"
"2D","All","Lvs","aerva.lanata",NA,"MW","N","20090616"
"2D","All","Lvs","amaranthus.hibridus",NA,"MW","N","20090616"
"2D","All","Lvs","aspilia.pluriseta",NA,"MW","N","20090616"
"2D","All","Lvs","asterolinon.adoense..v.",NA,"MW","N","20090616"
"2D","All","Lvs","caralluma.acutangula",NA,"MW","N","20090616"
"2D","All","Lvs","chenopodium.opulifolium",NA,"MW","N","20090616"
"2D","All","Lvs","chenopodium.schraderianum",NA,"MW","N","20090616"
"2D","All","Lvs","commelina.spp",NA,"MW","N","20090616"
"2D","All","Lvs","commicarpus.pedunculosus",NA,"MW","N","20090616"
"2D","All","Lvs","conyza.sp",NA,"MW","N","20090616"
"2D","All","Lvs","corchorus.sp",NA,"MW","N","20090616"
"2D","All","Lvs","crotelaria.sp",NA,"MW","N","20090616"
"2D","All","Lvs","cyathula.orthacantha",NA,"MW","N","20090616"
"2D","All","Lvs","dyscoriste.radicans",NA,"MW","N","20090616"
"2D","All","Lvs","euphorbia.inaequilatera",NA,"MW","N","20090616"
"2D","All","Lvs","evolvulus.alsinoides",NA,"MW","N","20090616"
"2D","All","Lvs","fern",NA,"MW","N","20090616"
"2D","All","Lvs","gutenbergia.sp",NA,"MW","N","20090616"
"2D","All","Lvs","hermannia.uhligii",NA,"MW","N","20090616"
"2D","All","Lvs","hibiscus.flavifolius",NA,"MW","N","20090616"
"2D","All","Lvs","hibiscus.trionum",NA,"MW","N","20090616"
"2D","All","Lvs","indigofera.brevicalyx",NA,"MW","N","20090616"
"2D","All","Lvs","indigofera.schimperi",NA,"MW","N","20090616"
"2D","All","Lvs","ipomea.sinensis",NA,"MW","N","20090616"
"2D","All","Lvs","justicia.dichipteroides",NA,"MW","N","20090616"
"2D","All","Lvs","k",NA,"MW","N","20090616"
"2D","All","Lvs","kyllinga.sp",NA,"MW","N","20090616"
"2D","All","Lvs","leucas.glabrata",NA,"MW","N","20090616"
"2D","All","Lvs","leucas.martiniscensis",NA,"MW","N","20090616"
"2D","All","Lvs","lily.a",NA,"MW","N","20090616"
"2D","All","Lvs","lily.b",NA,"MW","N","20090616"
"2D","All","Lvs","lippia.javanica",NA,"MW","N","20090616"
"2D","All","Lvs","melhania.spp.",NA,"MW","N","20090616"
"2D","All","Lvs","misopates.orontium",NA,"MW","N","20090616"
"2D","All","Lvs","mollugo.nudicaulis",NA,"MW","N","20090616"
"2D","All","Lvs","monechima.debile",NA,"MW","N","20090616"
"2D","All","Lvs","monsonia.augustifolia",NA,"MW","N","20090616"
"2D","All","Lvs","ocimum.sp",NA,"MW","N","20090616"
"2D","All","Lvs","osteospermum.vaillantii",NA,"MW","N","20090616"
"2D","All","Lvs","oxygonum.sinuatum",NA,"MW","N","20090616"
"2D","All","Lvs","pavonia.patens",NA,"MW","N","20090616"
"2D","All","Lvs","pelargonium.alchemilloides",NA,"MW","N","20090616"
"2D","All","Lvs","pentanisia.ouranogyne",NA,"MW","N","20090616"
"2D","All","Lvs","phyllanthus.maderaspatensis",NA,"MW","N","20090616"
"2D","All","Lvs","plectranthus.spp",NA,"MW","N","20090616"
"2D","All","Lvs","pollichia.campestris",NA,"MW","N","20090616"
"2D","All","Lvs","polygala..l.",NA,"MW","N","20090616"
"2D","All","Lvs","polygala.sphenoptera",NA,"MW","N","20090616"
"2D","All","Lvs","portulaca.oleracea",NA,"MW","N","20090616"
"2D","All","Lvs","portulaca.quadrifida",NA,"MW","N","20090616"
"2D","All","Lvs","pseudognaphalium..helichrysum.glumaceum.",NA,"MW","N","20090616"
"2D","All","Lvs","psilotrichum.schimperi",NA,"MW","N","20090616"
"2D","All","Lvs","rhinacanthus.ndorensis",NA,"MW","N","20090616"
"2D","All","Lvs","rhynchosia.holstii",NA,"MW","N","20090616"
"2D","All","Lvs","schkuhria.pinnata",NA,"MW","N","20090616"
"2D","All","Lvs","sida.2",NA,"MW","N","20090616"
"2D","All","Lvs","sida.cuneifolia",NA,"MW","N","20090616"
"2D","All","Lvs","solanum.incanum",NA,"MW","N","20090616"
"2D","All","Lvs","solanum.indicum",NA,"MW","N","20090616"
"2D","All","Lvs","tribulus.terrestris",NA,"MW","N","20090616"
"2D","All","Lvs","u",NA,"MW","N","20090616"
"2D","All","Lvs","w",NA,"MW","N","20090616"
"2D","All","Lvs","x_4",NA,"MW","N","20090616"
"2D","All","Lvs","x_5",NA,"MW","N","20090616"
"2D","All","Lvs","x_6",NA,"MW","N","20090616"
"2D","All","Lvs","x_7",NA,"MW","N","20090616"
"2D","All","Lvs","x_8",NA,"MW","N","20090616"
"2D","All","Stm","bracharia.lacnantha",NA,"MW","N","20090616"
"2D","All","Stm","lintonia.nutans",NA,"MW","N","20090616"
"2D","All","Stm","pennisetum.mezianum",2,"MW","N","20090616"
"2D","All","Stm","pennisetum.straminium",NA,"MW","N","20090616"
"2D","All","Stm","themeda.triandra",NA,"MW","N","20090616"
"2D","All","Stm","bare",NA,"MW","N","20090616"
"2D","All","Stm","x_2",NA,"MW","N","20090616"
"2D","All","Stm","aristida.kenyensis",NA,"MW","N","20090616"
"2D","All","Stm","bothriochloa.insculpta",NA,"MW","N","20090616"
"2D","All","Stm","bracharia.3",NA,"MW","N","20090616"
"2D","All","Stm","bracharia.eruciformis",NA,"MW","N","20090616"
"2D","All","Stm","chloris.sp",NA,"MW","N","20090616"
"2D","All","Stm","cynodon.dactylon",NA,"MW","N","20090616"
"2D","All","Stm","cynodon.plectostachyus",NA,"MW","N","20090616"
"2D","All","Stm","cyperus...mariscus.spp",NA,"MW","N","20090616"
"2D","All","Stm","digitaria.2",NA,"MW","N","20090616"
"2D","All","Stm","digitaria.milanjiana",NA,"MW","N","20090616"
"2D","All","Stm","dinebra.retroflexa",NA,"MW","N","20090616"
"2D","All","Stm","eragrostis.tenuifolia",NA,"MW","N","20090616"
"2D","All","Stm","harpachne.schimperi",NA,"MW","N","20090616"
"2D","All","Stm","microchloa.kunthii",NA,"MW","N","20090616"
"2D","All","Stm","panicum.astrosanguinum",NA,"MW","N","20090616"
"2D","All","Stm","setaria.acromelaena..small.",NA,"MW","N","20090616"
"2D","All","Stm","setaria.sphaecealata..big.",NA,"MW","N","20090616"
"2D","All","Stm","sporobolus.pyramidalis",NA,"MW","N","20090616"
"2D","All","Stm","tragus.berteronianus",NA,"MW","N","20090616"
"2D","All","Stm","x_3",NA,"MW","N","20090616"
"2D","All","Stm","acalypha.crenata",NA,"MW","N","20090616"
"2D","All","Stm","aerva.lanata",NA,"MW","N","20090616"
"2D","All","Stm","amaranthus.hibridus",NA,"MW","N","20090616"
"2D","All","Stm","aspilia.pluriseta",NA,"MW","N","20090616"
"2D","All","Stm","asterolinon.adoense..v.",NA,"MW","N","20090616"
"2D","All","Stm","caralluma.acutangula",NA,"MW","N","20090616"
"2D","All","Stm","chenopodium.opulifolium",NA,"MW","N","20090616"
"2D","All","Stm","chenopodium.schraderianum",NA,"MW","N","20090616"
"2D","All","Stm","commelina.spp",NA,"MW","N","20090616"
"2D","All","Stm","commicarpus.pedunculosus",NA,"MW","N","20090616"
"2D","All","Stm","conyza.sp",NA,"MW","N","20090616"
"2D","All","Stm","corchorus.sp",NA,"MW","N","20090616"
"2D","All","Stm","crotelaria.sp",NA,"MW","N","20090616"
"2D","All","Stm","cyathula.orthacantha",NA,"MW","N","20090616"
"2D","All","Stm","dyscoriste.radicans",NA,"MW","N","20090616"
"2D","All","Stm","euphorbia.inaequilatera",NA,"MW","N","20090616"
"2D","All","Stm","evolvulus.alsinoides",NA,"MW","N","20090616"
"2D","All","Stm","fern",NA,"MW","N","20090616"
"2D","All","Stm","gutenbergia.sp",NA,"MW","N","20090616"
"2D","All","Stm","hermannia.uhligii",NA,"MW","N","20090616"
"2D","All","Stm","hibiscus.flavifolius",NA,"MW","N","20090616"
"2D","All","Stm","hibiscus.trionum",NA,"MW","N","20090616"
"2D","All","Stm","indigofera.brevicalyx",NA,"MW","N","20090616"
"2D","All","Stm","indigofera.schimperi",NA,"MW","N","20090616"
"2D","All","Stm","ipomea.sinensis",NA,"MW","N","20090616"
"2D","All","Stm","justicia.dichipteroides",NA,"MW","N","20090616"
"2D","All","Stm","k",NA,"MW","N","20090616"
"2D","All","Stm","kyllinga.sp",NA,"MW","N","20090616"
"2D","All","Stm","leucas.glabrata",NA,"MW","N","20090616"
"2D","All","Stm","leucas.martiniscensis",NA,"MW","N","20090616"
"2D","All","Stm","lily.a",NA,"MW","N","20090616"
"2D","All","Stm","lily.b",NA,"MW","N","20090616"
"2D","All","Stm","lippia.javanica",NA,"MW","N","20090616"
"2D","All","Stm","melhania.spp.",NA,"MW","N","20090616"
"2D","All","Stm","misopates.orontium",NA,"MW","N","20090616"
"2D","All","Stm","mollugo.nudicaulis",NA,"MW","N","20090616"
"2D","All","Stm","monechima.debile",NA,"MW","N","20090616"
"2D","All","Stm","monsonia.augustifolia",NA,"MW","N","20090616"
"2D","All","Stm","ocimum.sp",NA,"MW","N","20090616"
"2D","All","Stm","osteospermum.vaillantii",NA,"MW","N","20090616"
"2D","All","Stm","oxygonum.sinuatum",NA,"MW","N","20090616"
"2D","All","Stm","pavonia.patens",NA,"MW","N","20090616"
"2D","All","Stm","pelargonium.alchemilloides",NA,"MW","N","20090616"
"2D","All","Stm","pentanisia.ouranogyne",NA,"MW","N","20090616"
"2D","All","Stm","phyllanthus.maderaspatensis",NA,"MW","N","20090616"
"2D","All","Stm","plectranthus.spp",NA,"MW","N","20090616"
"2D","All","Stm","pollichia.campestris",NA,"MW","N","20090616"
"2D","All","Stm","polygala..l.",NA,"MW","N","20090616"
"2D","All","Stm","polygala.sphenoptera",NA,"MW","N","20090616"
"2D","All","Stm","portulaca.oleracea",NA,"MW","N","20090616"
"2D","All","Stm","portulaca.quadrifida",NA,"MW","N","20090616"
"2D","All","Stm","pseudognaphalium..helichrysum.glumaceum.",NA,"MW","N","20090616"
"2D","All","Stm","psilotrichum.schimperi",NA,"MW","N","20090616"
"2D","All","Stm","rhinacanthus.ndorensis",NA,"MW","N","20090616"
"2D","All","Stm","rhynchosia.holstii",NA,"MW","N","20090616"
"2D","All","Stm","schkuhria.pinnata",NA,"MW","N","20090616"
"2D","All","Stm","sida.2",NA,"MW","N","20090616"
"2D","All","Stm","sida.cuneifolia",NA,"MW","N","20090616"
"2D","All","Stm","solanum.incanum",NA,"MW","N","20090616"
"2D","All","Stm","solanum.indicum",NA,"MW","N","20090616"
"2D","All","Stm","tribulus.terrestris",NA,"MW","N","20090616"
"2D","All","Stm","u",NA,"MW","N","20090616"
"2D","All","Stm","w",NA,"MW","N","20090616"
"2D","All","Stm","x_4",NA,"MW","N","20090616"
"2D","All","Stm","x_5",NA,"MW","N","20090616"
"2D","All","Stm","x_6",NA,"MW","N","20090616"
"2D","All","Stm","x_7",NA,"MW","N","20090616"
"2D","All","Stm","x_8",NA,"MW","N","20090616"
"2B","1st","","bracharia.lacnantha",4,"MW","N","20090616"
"2B","1st","","lintonia.nutans",NA,"MW","N","20090616"
"2B","1st","","pennisetum.mezianum",NA,"MW","N","20090616"
"2B","1st","","pennisetum.straminium",4,"MW","N","20090616"
"2B","1st","","themeda.triandra",NA,"MW","N","20090616"
"2B","1st","","bare",2,"MW","N","20090616"
"2B","1st","","x_2",NA,"MW","N","20090616"
"2B","1st","","aristida.kenyensis",NA,"MW","N","20090616"
"2B","1st","","bothriochloa.insculpta",NA,"MW","N","20090616"
"2B","1st","","bracharia.3",NA,"MW","N","20090616"
"2B","1st","","bracharia.eruciformis",NA,"MW","N","20090616"
"2B","1st","","chloris.sp",NA,"MW","N","20090616"
"2B","1st","","cynodon.dactylon",NA,"MW","N","20090616"
"2B","1st","","cynodon.plectostachyus",NA,"MW","N","20090616"
"2B","1st","","cyperus...mariscus.spp",NA,"MW","N","20090616"
"2B","1st","","digitaria.2",NA,"MW","N","20090616"
"2B","1st","","digitaria.milanjiana",NA,"MW","N","20090616"
"2B","1st","","dinebra.retroflexa",NA,"MW","N","20090616"
"2B","1st","","eragrostis.tenuifolia",NA,"MW","N","20090616"
"2B","1st","","harpachne.schimperi",NA,"MW","N","20090616"
"2B","1st","","microchloa.kunthii",NA,"MW","N","20090616"
"2B","1st","","panicum.astrosanguinum",NA,"MW","N","20090616"
"2B","1st","","setaria.acromelaena..small.",NA,"MW","N","20090616"
"2B","1st","","setaria.sphaecealata..big.",NA,"MW","N","20090616"
"2B","1st","","sporobolus.pyramidalis",NA,"MW","N","20090616"
"2B","1st","","tragus.berteronianus",NA,"MW","N","20090616"
"2B","1st","","x_3",NA,"MW","N","20090616"
"2B","1st","","acalypha.crenata",NA,"MW","N","20090616"
"2B","1st","","aerva.lanata",2,"MW","N","20090616"
"2B","1st","","amaranthus.hibridus",NA,"MW","N","20090616"
"2B","1st","","aspilia.pluriseta",NA,"MW","N","20090616"
"2B","1st","","asterolinon.adoense..v.",NA,"MW","N","20090616"
"2B","1st","","caralluma.acutangula",NA,"MW","N","20090616"
"2B","1st","","chenopodium.opulifolium",NA,"MW","N","20090616"
"2B","1st","","chenopodium.schraderianum",NA,"MW","N","20090616"
"2B","1st","","commelina.spp",NA,"MW","N","20090616"
"2B","1st","","commicarpus.pedunculosus",NA,"MW","N","20090616"
"2B","1st","","conyza.sp",NA,"MW","N","20090616"
"2B","1st","","corchorus.sp",NA,"MW","N","20090616"
"2B","1st","","crotelaria.sp",NA,"MW","N","20090616"
"2B","1st","","cyathula.orthacantha",NA,"MW","N","20090616"
"2B","1st","","dyscoriste.radicans",NA,"MW","N","20090616"
"2B","1st","","euphorbia.inaequilatera",NA,"MW","N","20090616"
"2B","1st","","evolvulus.alsinoides",NA,"MW","N","20090616"
"2B","1st","","fern",NA,"MW","N","20090616"
"2B","1st","","gutenbergia.sp",NA,"MW","N","20090616"
"2B","1st","","hermannia.uhligii",NA,"MW","N","20090616"
"2B","1st","","hibiscus.flavifolius",NA,"MW","N","20090616"
"2B","1st","","hibiscus.trionum",NA,"MW","N","20090616"
"2B","1st","","indigofera.brevicalyx",NA,"MW","N","20090616"
"2B","1st","","indigofera.schimperi",NA,"MW","N","20090616"
"2B","1st","","ipomea.sinensis",NA,"MW","N","20090616"
"2B","1st","","justicia.dichipteroides",NA,"MW","N","20090616"
"2B","1st","","k",NA,"MW","N","20090616"
"2B","1st","","kyllinga.sp",NA,"MW","N","20090616"
"2B","1st","","leucas.glabrata",NA,"MW","N","20090616"
"2B","1st","","leucas.martiniscensis",NA,"MW","N","20090616"
"2B","1st","","lily.a",NA,"MW","N","20090616"
"2B","1st","","lily.b",NA,"MW","N","20090616"
"2B","1st","","lippia.javanica",NA,"MW","N","20090616"
"2B","1st","","melhania.spp.",NA,"MW","N","20090616"
"2B","1st","","misopates.orontium",NA,"MW","N","20090616"
"2B","1st","","mollugo.nudicaulis",NA,"MW","N","20090616"
"2B","1st","","monechima.debile",NA,"MW","N","20090616"
"2B","1st","","monsonia.augustifolia",NA,"MW","N","20090616"
"2B","1st","","ocimum.sp",NA,"MW","N","20090616"
"2B","1st","","osteospermum.vaillantii",NA,"MW","N","20090616"
"2B","1st","","oxygonum.sinuatum",NA,"MW","N","20090616"
"2B","1st","","pavonia.patens",NA,"MW","N","20090616"
"2B","1st","","pelargonium.alchemilloides",NA,"MW","N","20090616"
"2B","1st","","pentanisia.ouranogyne",NA,"MW","N","20090616"
"2B","1st","","phyllanthus.maderaspatensis",NA,"MW","N","20090616"
"2B","1st","","plectranthus.spp",NA,"MW","N","20090616"
"2B","1st","","pollichia.campestris",NA,"MW","N","20090616"
"2B","1st","","polygala..l.",NA,"MW","N","20090616"
"2B","1st","","polygala.sphenoptera",NA,"MW","N","20090616"
"2B","1st","","portulaca.oleracea",NA,"MW","N","20090616"
"2B","1st","","portulaca.quadrifida",NA,"MW","N","20090616"
"2B","1st","","pseudognaphalium..helichrysum.glumaceum.",NA,"MW","N","20090616"
"2B","1st","","psilotrichum.schimperi",NA,"MW","N","20090616"
"2B","1st","","rhinacanthus.ndorensis",NA,"MW","N","20090616"
"2B","1st","","rhynchosia.holstii",NA,"MW","N","20090616"
"2B","1st","","schkuhria.pinnata",NA,"MW","N","20090616"
"2B","1st","","sida.2",NA,"MW","N","20090616"
"2B","1st","","sida.cuneifolia",NA,"MW","N","20090616"
"2B","1st","","solanum.incanum",NA,"MW","N","20090616"
"2B","1st","","solanum.indicum",NA,"MW","N","20090616"
"2B","1st","","tribulus.terrestris",NA,"MW","N","20090616"
"2B","1st","","u",NA,"MW","N","20090616"
"2B","1st","","w",NA,"MW","N","20090616"
"2B","1st","","x_4",NA,"MW","N","20090616"
"2B","1st","","x_5",NA,"MW","N","20090616"
"2B","1st","","x_6",NA,"MW","N","20090616"
"2B","1st","","x_7",NA,"MW","N","20090616"
"2B","1st","","x_8",NA,"MW","N","20090616"
"2B","All","Lvs","bracharia.lacnantha",16,"MW","N","20090616"
"2B","All","Lvs","lintonia.nutans",NA,"MW","N","20090616"
"2B","All","Lvs","pennisetum.mezianum",NA,"MW","N","20090616"
"2B","All","Lvs","pennisetum.straminium",5,"MW","N","20090616"
"2B","All","Lvs","themeda.triandra",NA,"MW","N","20090616"
"2B","All","Lvs","bare",NA,"MW","N","20090616"
"2B","All","Lvs","x_2",NA,"MW","N","20090616"
"2B","All","Lvs","aristida.kenyensis",NA,"MW","N","20090616"
"2B","All","Lvs","bothriochloa.insculpta",NA,"MW","N","20090616"
"2B","All","Lvs","bracharia.3",NA,"MW","N","20090616"
"2B","All","Lvs","bracharia.eruciformis",NA,"MW","N","20090616"
"2B","All","Lvs","chloris.sp",NA,"MW","N","20090616"
"2B","All","Lvs","cynodon.dactylon",NA,"MW","N","20090616"
"2B","All","Lvs","cynodon.plectostachyus",NA,"MW","N","20090616"
"2B","All","Lvs","cyperus...mariscus.spp",NA,"MW","N","20090616"
"2B","All","Lvs","digitaria.2",NA,"MW","N","20090616"
"2B","All","Lvs","digitaria.milanjiana",NA,"MW","N","20090616"
"2B","All","Lvs","dinebra.retroflexa",NA,"MW","N","20090616"
"2B","All","Lvs","eragrostis.tenuifolia",NA,"MW","N","20090616"
"2B","All","Lvs","harpachne.schimperi",NA,"MW","N","20090616"
"2B","All","Lvs","microchloa.kunthii",NA,"MW","N","20090616"
"2B","All","Lvs","panicum.astrosanguinum",NA,"MW","N","20090616"
"2B","All","Lvs","setaria.acromelaena..small.",NA,"MW","N","20090616"
"2B","All","Lvs","setaria.sphaecealata..big.",NA,"MW","N","20090616"
"2B","All","Lvs","sporobolus.pyramidalis",NA,"MW","N","20090616"
"2B","All","Lvs","tragus.berteronianus",NA,"MW","N","20090616"
"2B","All","Lvs","x_3",NA,"MW","N","20090616"
"2B","All","Lvs","acalypha.crenata",NA,"MW","N","20090616"
"2B","All","Lvs","aerva.lanata",NA,"MW","N","20090616"
"2B","All","Lvs","amaranthus.hibridus",NA,"MW","N","20090616"
"2B","All","Lvs","aspilia.pluriseta",NA,"MW","N","20090616"
"2B","All","Lvs","asterolinon.adoense..v.",NA,"MW","N","20090616"
"2B","All","Lvs","caralluma.acutangula",NA,"MW","N","20090616"
"2B","All","Lvs","chenopodium.opulifolium",NA,"MW","N","20090616"
"2B","All","Lvs","chenopodium.schraderianum",NA,"MW","N","20090616"
"2B","All","Lvs","commelina.spp",NA,"MW","N","20090616"
"2B","All","Lvs","commicarpus.pedunculosus",NA,"MW","N","20090616"
"2B","All","Lvs","conyza.sp",NA,"MW","N","20090616"
"2B","All","Lvs","corchorus.sp",NA,"MW","N","20090616"
"2B","All","Lvs","crotelaria.sp",NA,"MW","N","20090616"
"2B","All","Lvs","cyathula.orthacantha",NA,"MW","N","20090616"
"2B","All","Lvs","dyscoriste.radicans",NA,"MW","N","20090616"
"2B","All","Lvs","euphorbia.inaequilatera",NA,"MW","N","20090616"
"2B","All","Lvs","evolvulus.alsinoides",NA,"MW","N","20090616"
"2B","All","Lvs","fern",NA,"MW","N","20090616"
"2B","All","Lvs","gutenbergia.sp",NA,"MW","N","20090616"
"2B","All","Lvs","hermannia.uhligii",NA,"MW","N","20090616"
"2B","All","Lvs","hibiscus.flavifolius",NA,"MW","N","20090616"
"2B","All","Lvs","hibiscus.trionum",NA,"MW","N","20090616"
"2B","All","Lvs","indigofera.brevicalyx",NA,"MW","N","20090616"
"2B","All","Lvs","indigofera.schimperi",NA,"MW","N","20090616"
"2B","All","Lvs","ipomea.sinensis",NA,"MW","N","20090616"
"2B","All","Lvs","justicia.dichipteroides",NA,"MW","N","20090616"
"2B","All","Lvs","k",NA,"MW","N","20090616"
"2B","All","Lvs","kyllinga.sp",NA,"MW","N","20090616"
"2B","All","Lvs","leucas.glabrata",NA,"MW","N","20090616"
"2B","All","Lvs","leucas.martiniscensis",NA,"MW","N","20090616"
"2B","All","Lvs","lily.a",NA,"MW","N","20090616"
"2B","All","Lvs","lily.b",NA,"MW","N","20090616"
"2B","All","Lvs","lippia.javanica",NA,"MW","N","20090616"
"2B","All","Lvs","melhania.spp.",NA,"MW","N","20090616"
"2B","All","Lvs","misopates.orontium",NA,"MW","N","20090616"
"2B","All","Lvs","mollugo.nudicaulis",NA,"MW","N","20090616"
"2B","All","Lvs","monechima.debile",NA,"MW","N","20090616"
"2B","All","Lvs","monsonia.augustifolia",NA,"MW","N","20090616"
"2B","All","Lvs","ocimum.sp",NA,"MW","N","20090616"
"2B","All","Lvs","osteospermum.vaillantii",NA,"MW","N","20090616"
"2B","All","Lvs","oxygonum.sinuatum",NA,"MW","N","20090616"
"2B","All","Lvs","pavonia.patens",NA,"MW","N","20090616"
"2B","All","Lvs","pelargonium.alchemilloides",NA,"MW","N","20090616"
"2B","All","Lvs","pentanisia.ouranogyne",NA,"MW","N","20090616"
"2B","All","Lvs","phyllanthus.maderaspatensis",NA,"MW","N","20090616"
"2B","All","Lvs","plectranthus.spp",NA,"MW","N","20090616"
"2B","All","Lvs","pollichia.campestris",NA,"MW","N","20090616"
"2B","All","Lvs","polygala..l.",NA,"MW","N","20090616"
"2B","All","Lvs","polygala.sphenoptera",NA,"MW","N","20090616"
"2B","All","Lvs","portulaca.oleracea",NA,"MW","N","20090616"
"2B","All","Lvs","portulaca.quadrifida",NA,"MW","N","20090616"
"2B","All","Lvs","pseudognaphalium..helichrysum.glumaceum.",NA,"MW","N","20090616"
"2B","All","Lvs","psilotrichum.schimperi",NA,"MW","N","20090616"
"2B","All","Lvs","rhinacanthus.ndorensis",NA,"MW","N","20090616"
"2B","All","Lvs","rhynchosia.holstii",NA,"MW","N","20090616"
"2B","All","Lvs","schkuhria.pinnata",NA,"MW","N","20090616"
"2B","All","Lvs","sida.2",NA,"MW","N","20090616"
"2B","All","Lvs","sida.cuneifolia",NA,"MW","N","20090616"
"2B","All","Lvs","solanum.incanum",NA,"MW","N","20090616"
"2B","All","Lvs","solanum.indicum",NA,"MW","N","20090616"
"2B","All","Lvs","tribulus.terrestris",NA,"MW","N","20090616"
"2B","All","Lvs","u",NA,"MW","N","20090616"
"2B","All","Lvs","w",NA,"MW","N","20090616"
"2B","All","Lvs","x_4",NA,"MW","N","20090616"
"2B","All","Lvs","x_5",NA,"MW","N","20090616"
"2B","All","Lvs","x_6",NA,"MW","N","20090616"
"2B","All","Lvs","x_7",NA,"MW","N","20090616"
"2B","All","Lvs","x_8",NA,"MW","N","20090616"
"2B","All","Stm","bracharia.lacnantha",2,"MW","N","20090616"
"2B","All","Stm","lintonia.nutans",NA,"MW","N","20090616"
"2B","All","Stm","pennisetum.mezianum",NA,"MW","N","20090616"
"2B","All","Stm","pennisetum.straminium",1,"MW","N","20090616"
"2B","All","Stm","themeda.triandra",NA,"MW","N","20090616"
"2B","All","Stm","bare",NA,"MW","N","20090616"
"2B","All","Stm","x_2",NA,"MW","N","20090616"
"2B","All","Stm","aristida.kenyensis",NA,"MW","N","20090616"
"2B","All","Stm","bothriochloa.insculpta",NA,"MW","N","20090616"
"2B","All","Stm","bracharia.3",NA,"MW","N","20090616"
"2B","All","Stm","bracharia.eruciformis",NA,"MW","N","20090616"
"2B","All","Stm","chloris.sp",NA,"MW","N","20090616"
"2B","All","Stm","cynodon.dactylon",NA,"MW","N","20090616"
"2B","All","Stm","cynodon.plectostachyus",NA,"MW","N","20090616"
"2B","All","Stm","cyperus...mariscus.spp",NA,"MW","N","20090616"
"2B","All","Stm","digitaria.2",NA,"MW","N","20090616"
"2B","All","Stm","digitaria.milanjiana",NA,"MW","N","20090616"
"2B","All","Stm","dinebra.retroflexa",NA,"MW","N","20090616"
"2B","All","Stm","eragrostis.tenuifolia",NA,"MW","N","20090616"
"2B","All","Stm","harpachne.schimperi",NA,"MW","N","20090616"
"2B","All","Stm","microchloa.kunthii",NA,"MW","N","20090616"
"2B","All","Stm","panicum.astrosanguinum",NA,"MW","N","20090616"
"2B","All","Stm","setaria.acromelaena..small.",NA,"MW","N","20090616"
"2B","All","Stm","setaria.sphaecealata..big.",NA,"MW","N","20090616"
"2B","All","Stm","sporobolus.pyramidalis",NA,"MW","N","20090616"
"2B","All","Stm","tragus.berteronianus",NA,"MW","N","20090616"
"2B","All","Stm","x_3",NA,"MW","N","20090616"
"2B","All","Stm","acalypha.crenata",NA,"MW","N","20090616"
"2B","All","Stm","aerva.lanata",2,"MW","N","20090616"
"2B","All","Stm","amaranthus.hibridus",NA,"MW","N","20090616"
"2B","All","Stm","aspilia.pluriseta",NA,"MW","N","20090616"
"2B","All","Stm","asterolinon.adoense..v.",NA,"MW","N","20090616"
"2B","All","Stm","caralluma.acutangula",NA,"MW","N","20090616"
"2B","All","Stm","chenopodium.opulifolium",NA,"MW","N","20090616"
"2B","All","Stm","chenopodium.schraderianum",NA,"MW","N","20090616"
"2B","All","Stm","commelina.spp",NA,"MW","N","20090616"
"2B","All","Stm","commicarpus.pedunculosus",NA,"MW","N","20090616"
"2B","All","Stm","conyza.sp",NA,"MW","N","20090616"
"2B","All","Stm","corchorus.sp",NA,"MW","N","20090616"
"2B","All","Stm","crotelaria.sp",NA,"MW","N","20090616"
"2B","All","Stm","cyathula.orthacantha",NA,"MW","N","20090616"
"2B","All","Stm","dyscoriste.radicans",NA,"MW","N","20090616"
"2B","All","Stm","euphorbia.inaequilatera",NA,"MW","N","20090616"
"2B","All","Stm","evolvulus.alsinoides",NA,"MW","N","20090616"
"2B","All","Stm","fern",NA,"MW","N","20090616"
"2B","All","Stm","gutenbergia.sp",NA,"MW","N","20090616"
"2B","All","Stm","hermannia.uhligii",NA,"MW","N","20090616"
"2B","All","Stm","hibiscus.flavifolius",NA,"MW","N","20090616"
"2B","All","Stm","hibiscus.trionum",NA,"MW","N","20090616"
"2B","All","Stm","indigofera.brevicalyx",NA,"MW","N","20090616"
"2B","All","Stm","indigofera.schimperi",NA,"MW","N","20090616"
"2B","All","Stm","ipomea.sinensis",NA,"MW","N","20090616"
"2B","All","Stm","justicia.dichipteroides",NA,"MW","N","20090616"
"2B","All","Stm","k",NA,"MW","N","20090616"
"2B","All","Stm","kyllinga.sp",NA,"MW","N","20090616"
"2B","All","Stm","leucas.glabrata",NA,"MW","N","20090616"
"2B","All","Stm","leucas.martiniscensis",NA,"MW","N","20090616"
"2B","All","Stm","lily.a",NA,"MW","N","20090616"
"2B","All","Stm","lily.b",NA,"MW","N","20090616"
"2B","All","Stm","lippia.javanica",NA,"MW","N","20090616"
"2B","All","Stm","melhania.spp.",NA,"MW","N","20090616"
"2B","All","Stm","misopates.orontium",NA,"MW","N","20090616"
"2B","All","Stm","mollugo.nudicaulis",NA,"MW","N","20090616"
"2B","All","Stm","monechima.debile",NA,"MW","N","20090616"
"2B","All","Stm","monsonia.augustifolia",NA,"MW","N","20090616"
"2B","All","Stm","ocimum.sp",NA,"MW","N","20090616"
"2B","All","Stm","osteospermum.vaillantii",NA,"MW","N","20090616"
"2B","All","Stm","oxygonum.sinuatum",NA,"MW","N","20090616"
"2B","All","Stm","pavonia.patens",NA,"MW","N","20090616"
"2B","All","Stm","pelargonium.alchemilloides",NA,"MW","N","20090616"
"2B","All","Stm","pentanisia.ouranogyne",NA,"MW","N","20090616"
"2B","All","Stm","phyllanthus.maderaspatensis",NA,"MW","N","20090616"
"2B","All","Stm","plectranthus.spp",NA,"MW","N","20090616"
"2B","All","Stm","pollichia.campestris",NA,"MW","N","20090616"
"2B","All","Stm","polygala..l.",NA,"MW","N","20090616"
"2B","All","Stm","polygala.sphenoptera",NA,"MW","N","20090616"
"2B","All","Stm","portulaca.oleracea",NA,"MW","N","20090616"
"2B","All","Stm","portulaca.quadrifida",NA,"MW","N","20090616"
"2B","All","Stm","pseudognaphalium..helichrysum.glumaceum.",NA,"MW","N","20090616"
"2B","All","Stm","psilotrichum.schimperi",NA,"MW","N","20090616"
"2B","All","Stm","rhinacanthus.ndorensis",NA,"MW","N","20090616"
"2B","All","Stm","rhynchosia.holstii",NA,"MW","N","20090616"
"2B","All","Stm","schkuhria.pinnata",NA,"MW","N","20090616"
"2B","All","Stm","sida.2",NA,"MW","N","20090616"
"2B","All","Stm","sida.cuneifolia",NA,"MW","N","20090616"
"2B","All","Stm","solanum.incanum",NA,"MW","N","20090616"
"2B","All","Stm","solanum.indicum",NA,"MW","N","20090616"
"2B","All","Stm","tribulus.terrestris",NA,"MW","N","20090616"
"2B","All","Stm","u",NA,"MW","N","20090616"
"2B","All","Stm","w",NA,"MW","N","20090616"
"2B","All","Stm","x_4",NA,"MW","N","20090616"
"2B","All","Stm","x_5",NA,"MW","N","20090616"
"2B","All","Stm","x_6",NA,"MW","N","20090616"
"2B","All","Stm","x_7",NA,"MW","N","20090616"
"2B","All","Stm","x_8",NA,"MW","N","20090616"
"3A","1st","","bracharia.lacnantha",NA,"MW","N","20090616"
"3A","1st","","lintonia.nutans",NA,"MW","N","20090616"
"3A","1st","","pennisetum.mezianum",NA,"MW","N","20090616"
"3A","1st","","pennisetum.straminium",NA,"MW","N","20090616"
"3A","1st","","themeda.triandra",NA,"MW","N","20090616"
"3A","1st","","bare",6,"MW","N","20090616"
"3A","1st","","x_2",NA,"MW","N","20090616"
"3A","1st","","aristida.kenyensis",NA,"MW","N","20090616"
"3A","1st","","bothriochloa.insculpta",NA,"MW","N","20090616"
"3A","1st","","bracharia.3",NA,"MW","N","20090616"
"3A","1st","","bracharia.eruciformis",NA,"MW","N","20090616"
"3A","1st","","chloris.sp",NA,"MW","N","20090616"
"3A","1st","","cynodon.dactylon",NA,"MW","N","20090616"
"3A","1st","","cynodon.plectostachyus",NA,"MW","N","20090616"
"3A","1st","","cyperus...mariscus.spp",NA,"MW","N","20090616"
"3A","1st","","digitaria.2",NA,"MW","N","20090616"
"3A","1st","","digitaria.milanjiana",NA,"MW","N","20090616"
"3A","1st","","dinebra.retroflexa",NA,"MW","N","20090616"
"3A","1st","","eragrostis.tenuifolia",NA,"MW","N","20090616"
"3A","1st","","harpachne.schimperi",NA,"MW","N","20090616"
"3A","1st","","microchloa.kunthii",NA,"MW","N","20090616"
"3A","1st","","panicum.astrosanguinum",NA,"MW","N","20090616"
"3A","1st","","setaria.acromelaena..small.",NA,"MW","N","20090616"
"3A","1st","","setaria.sphaecealata..big.",NA,"MW","N","20090616"
"3A","1st","","sporobolus.pyramidalis",NA,"MW","N","20090616"
"3A","1st","","tragus.berteronianus",NA,"MW","N","20090616"
"3A","1st","","x_3",NA,"MW","N","20090616"
"3A","1st","","acalypha.crenata",NA,"MW","N","20090616"
"3A","1st","","aerva.lanata",NA,"MW","N","20090616"
"3A","1st","","amaranthus.hibridus",NA,"MW","N","20090616"
"3A","1st","","aspilia.pluriseta",NA,"MW","N","20090616"
"3A","1st","","asterolinon.adoense..v.",NA,"MW","N","20090616"
"3A","1st","","caralluma.acutangula",NA,"MW","N","20090616"
"3A","1st","","chenopodium.opulifolium",NA,"MW","N","20090616"
"3A","1st","","chenopodium.schraderianum",NA,"MW","N","20090616"
"3A","1st","","commelina.spp",NA,"MW","N","20090616"
"3A","1st","","commicarpus.pedunculosus",NA,"MW","N","20090616"
"3A","1st","","conyza.sp",NA,"MW","N","20090616"
"3A","1st","","corchorus.sp",NA,"MW","N","20090616"
"3A","1st","","crotelaria.sp",NA,"MW","N","20090616"
"3A","1st","","cyathula.orthacantha",NA,"MW","N","20090616"
"3A","1st","","dyscoriste.radicans",NA,"MW","N","20090616"
"3A","1st","","euphorbia.inaequilatera",NA,"MW","N","20090616"
"3A","1st","","evolvulus.alsinoides",NA,"MW","N","20090616"
"3A","1st","","fern",NA,"MW","N","20090616"
"3A","1st","","gutenbergia.sp",NA,"MW","N","20090616"
"3A","1st","","hermannia.uhligii",NA,"MW","N","20090616"
"3A","1st","","hibiscus.flavifolius",NA,"MW","N","20090616"
"3A","1st","","hibiscus.trionum",NA,"MW","N","20090616"
"3A","1st","","indigofera.brevicalyx",NA,"MW","N","20090616"
"3A","1st","","indigofera.schimperi",NA,"MW","N","20090616"
"3A","1st","","ipomea.sinensis",NA,"MW","N","20090616"
"3A","1st","","justicia.dichipteroides",NA,"MW","N","20090616"
"3A","1st","","k",NA,"MW","N","20090616"
"3A","1st","","kyllinga.sp",NA,"MW","N","20090616"
"3A","1st","","leucas.glabrata",NA,"MW","N","20090616"
"3A","1st","","leucas.martiniscensis",NA,"MW","N","20090616"
"3A","1st","","lily.a",NA,"MW","N","20090616"
"3A","1st","","lily.b",NA,"MW","N","20090616"
"3A","1st","","lippia.javanica",NA,"MW","N","20090616"
"3A","1st","","melhania.spp.",NA,"MW","N","20090616"
"3A","1st","","misopates.orontium",NA,"MW","N","20090616"
"3A","1st","","mollugo.nudicaulis",NA,"MW","N","20090616"
"3A","1st","","monechima.debile",NA,"MW","N","20090616"
"3A","1st","","monsonia.augustifolia",NA,"MW","N","20090616"
"3A","1st","","ocimum.sp",NA,"MW","N","20090616"
"3A","1st","","osteospermum.vaillantii",NA,"MW","N","20090616"
"3A","1st","","oxygonum.sinuatum",NA,"MW","N","20090616"
"3A","1st","","pavonia.patens",NA,"MW","N","20090616"
"3A","1st","","pelargonium.alchemilloides",NA,"MW","N","20090616"
"3A","1st","","pentanisia.ouranogyne",NA,"MW","N","20090616"
"3A","1st","","phyllanthus.maderaspatensis",NA,"MW","N","20090616"
"3A","1st","","plectranthus.spp",NA,"MW","N","20090616"
"3A","1st","","pollichia.campestris",NA,"MW","N","20090616"
"3A","1st","","polygala..l.",NA,"MW","N","20090616"
"3A","1st","","polygala.sphenoptera",NA,"MW","N","20090616"
"3A","1st","","portulaca.oleracea",NA,"MW","N","20090616"
"3A","1st","","portulaca.quadrifida",NA,"MW","N","20090616"
"3A","1st","","pseudognaphalium..helichrysum.glumaceum.",NA,"MW","N","20090616"
"3A","1st","","psilotrichum.schimperi",NA,"MW","N","20090616"
"3A","1st","","rhinacanthus.ndorensis",NA,"MW","N","20090616"
"3A","1st","","rhynchosia.holstii",NA,"MW","N","20090616"
"3A","1st","","schkuhria.pinnata",NA,"MW","N","20090616"
"3A","1st","","sida.2",NA,"MW","N","20090616"
"3A","1st","","sida.cuneifolia",NA,"MW","N","20090616"
"3A","1st","","solanum.incanum",NA,"MW","N","20090616"
"3A","1st","","solanum.indicum",NA,"MW","N","20090616"
"3A","1st","","tribulus.terrestris",NA,"MW","N","20090616"
"3A","1st","","u",NA,"MW","N","20090616"
"3A","1st","","w",NA,"MW","N","20090616"
"3A","1st","","x_4",NA,"MW","N","20090616"
"3A","1st","","x_5",NA,"MW","N","20090616"
"3A","1st","","x_6",NA,"MW","N","20090616"
"3A","1st","","x_7",NA,"MW","N","20090616"
"3A","1st","","x_8",NA,"MW","N","20090616"
"3C","1st","","bracharia.lacnantha",NA,"MW","N","20090616"
"3C","1st","","lintonia.nutans",NA,"MW","N","20090616"
"3C","1st","","pennisetum.mezianum",NA,"MW","N","20090616"
"3C","1st","","pennisetum.straminium",NA,"MW","N","20090616"
"3C","1st","","themeda.triandra",NA,"MW","N","20090616"
"3C","1st","","bare",3,"MW","N","20090616"
"3C","1st","","x_2",NA,"MW","N","20090616"
"3C","1st","","aristida.kenyensis",NA,"MW","N","20090616"
"3C","1st","","bothriochloa.insculpta",NA,"MW","N","20090616"
"3C","1st","","bracharia.3",NA,"MW","N","20090616"
"3C","1st","","bracharia.eruciformis",NA,"MW","N","20090616"
"3C","1st","","chloris.sp",NA,"MW","N","20090616"
"3C","1st","","cynodon.dactylon",NA,"MW","N","20090616"
"3C","1st","","cynodon.plectostachyus",NA,"MW","N","20090616"
"3C","1st","","cyperus...mariscus.spp",NA,"MW","N","20090616"
"3C","1st","","digitaria.2",NA,"MW","N","20090616"
"3C","1st","","digitaria.milanjiana",NA,"MW","N","20090616"
"3C","1st","","dinebra.retroflexa",NA,"MW","N","20090616"
"3C","1st","","eragrostis.tenuifolia",NA,"MW","N","20090616"
"3C","1st","","harpachne.schimperi",NA,"MW","N","20090616"
"3C","1st","","microchloa.kunthii",NA,"MW","N","20090616"
"3C","1st","","panicum.astrosanguinum",NA,"MW","N","20090616"
"3C","1st","","setaria.acromelaena..small.",NA,"MW","N","20090616"
"3C","1st","","setaria.sphaecealata..big.",NA,"MW","N","20090616"
"3C","1st","","sporobolus.pyramidalis",NA,"MW","N","20090616"
"3C","1st","","tragus.berteronianus",NA,"MW","N","20090616"
"3C","1st","","x_3",NA,"MW","N","20090616"
"3C","1st","","acalypha.crenata",NA,"MW","N","20090616"
"3C","1st","","aerva.lanata",NA,"MW","N","20090616"
"3C","1st","","amaranthus.hibridus",NA,"MW","N","20090616"
"3C","1st","","aspilia.pluriseta",NA,"MW","N","20090616"
"3C","1st","","asterolinon.adoense..v.",NA,"MW","N","20090616"
"3C","1st","","caralluma.acutangula",NA,"MW","N","20090616"
"3C","1st","","chenopodium.opulifolium",NA,"MW","N","20090616"
"3C","1st","","chenopodium.schraderianum",NA,"MW","N","20090616"
"3C","1st","","commelina.spp",NA,"MW","N","20090616"
"3C","1st","","commicarpus.pedunculosus",NA,"MW","N","20090616"
"3C","1st","","conyza.sp",NA,"MW","N","20090616"
"3C","1st","","corchorus.sp",NA,"MW","N","20090616"
"3C","1st","","crotelaria.sp",NA,"MW","N","20090616"
"3C","1st","","cyathula.orthacantha",NA,"MW","N","20090616"
"3C","1st","","dyscoriste.radicans",NA,"MW","N","20090616"
"3C","1st","","euphorbia.inaequilatera",NA,"MW","N","20090616"
"3C","1st","","evolvulus.alsinoides",NA,"MW","N","20090616"
"3C","1st","","fern",NA,"MW","N","20090616"
"3C","1st","","gutenbergia.sp",NA,"MW","N","20090616"
"3C","1st","","hermannia.uhligii",NA,"MW","N","20090616"
"3C","1st","","hibiscus.flavifolius",NA,"MW","N","20090616"
"3C","1st","","hibiscus.trionum",NA,"MW","N","20090616"
"3C","1st","","indigofera.brevicalyx",NA,"MW","N","20090616"
"3C","1st","","indigofera.schimperi",NA,"MW","N","20090616"
"3C","1st","","ipomea.sinensis",NA,"MW","N","20090616"
"3C","1st","","justicia.dichipteroides",NA,"MW","N","20090616"
"3C","1st","","k",NA,"MW","N","20090616"
"3C","1st","","kyllinga.sp",NA,"MW","N","20090616"
"3C","1st","","leucas.glabrata",NA,"MW","N","20090616"
"3C","1st","","leucas.martiniscensis",NA,"MW","N","20090616"
"3C","1st","","lily.a",NA,"MW","N","20090616"
"3C","1st","","lily.b",NA,"MW","N","20090616"
"3C","1st","","lippia.javanica",NA,"MW","N","20090616"
"3C","1st","","melhania.spp.",NA,"MW","N","20090616"
"3C","1st","","misopates.orontium",NA,"MW","N","20090616"
"3C","1st","","mollugo.nudicaulis",NA,"MW","N","20090616"
"3C","1st","","monechima.debile",NA,"MW","N","20090616"
"3C","1st","","monsonia.augustifolia",NA,"MW","N","20090616"
"3C","1st","","ocimum.sp",NA,"MW","N","20090616"
"3C","1st","","osteospermum.vaillantii",NA,"MW","N","20090616"
"3C","1st","","oxygonum.sinuatum",NA,"MW","N","20090616"
"3C","1st","","pavonia.patens",NA,"MW","N","20090616"
"3C","1st","","pelargonium.alchemilloides",NA,"MW","N","20090616"
"3C","1st","","pentanisia.ouranogyne",NA,"MW","N","20090616"
"3C","1st","","phyllanthus.maderaspatensis",NA,"MW","N","20090616"
"3C","1st","","plectranthus.spp",NA,"MW","N","20090616"
"3C","1st","","pollichia.campestris",NA,"MW","N","20090616"
"3C","1st","","polygala..l.",NA,"MW","N","20090616"
"3C","1st","","polygala.sphenoptera",NA,"MW","N","20090616"
"3C","1st","","portulaca.oleracea",NA,"MW","N","20090616"
"3C","1st","","portulaca.quadrifida",NA,"MW","N","20090616"
"3C","1st","","pseudognaphalium..helichrysum.glumaceum.",NA,"MW","N","20090616"
"3C","1st","","psilotrichum.schimperi",NA,"MW","N","20090616"
"3C","1st","","rhinacanthus.ndorensis",NA,"MW","N","20090616"
"3C","1st","","rhynchosia.holstii",NA,"MW","N","20090616"
"3C","1st","","schkuhria.pinnata",NA,"MW","N","20090616"
"3C","1st","","sida.2",NA,"MW","N","20090616"
"3C","1st","","sida.cuneifolia",NA,"MW","N","20090616"
"3C","1st","","solanum.incanum",NA,"MW","N","20090616"
"3C","1st","","solanum.indicum",NA,"MW","N","20090616"
"3C","1st","","tribulus.terrestris",NA,"MW","N","20090616"
"3C","1st","","u",NA,"MW","N","20090616"
"3C","1st","","w",NA,"MW","N","20090616"
"3C","1st","","x_4",NA,"MW","N","20090616"
"3C","1st","","x_5",NA,"MW","N","20090616"
"3C","1st","","x_6",NA,"MW","N","20090616"
"3C","1st","","x_7",NA,"MW","N","20090616"
"3C","1st","","x_8",NA,"MW","N","20090616"
"3E","1st","","bracharia.lacnantha",NA,"MW","N","20090616"
"3E","1st","","lintonia.nutans",NA,"MW","N","20090616"
"3E","1st","","pennisetum.mezianum",NA,"MW","N","20090616"
"3E","1st","","pennisetum.straminium",NA,"MW","N","20090616"
"3E","1st","","themeda.triandra",NA,"MW","N","20090616"
"3E","1st","","bare",6,"MW","N","20090616"
"3E","1st","","x_2",NA,"MW","N","20090616"
"3E","1st","","aristida.kenyensis",NA,"MW","N","20090616"
"3E","1st","","bothriochloa.insculpta",NA,"MW","N","20090616"
"3E","1st","","bracharia.3",NA,"MW","N","20090616"
"3E","1st","","bracharia.eruciformis",NA,"MW","N","20090616"
"3E","1st","","chloris.sp",NA,"MW","N","20090616"
"3E","1st","","cynodon.dactylon",NA,"MW","N","20090616"
"3E","1st","","cynodon.plectostachyus",NA,"MW","N","20090616"
"3E","1st","","cyperus...mariscus.spp",NA,"MW","N","20090616"
"3E","1st","","digitaria.2",NA,"MW","N","20090616"
"3E","1st","","digitaria.milanjiana",NA,"MW","N","20090616"
"3E","1st","","dinebra.retroflexa",NA,"MW","N","20090616"
"3E","1st","","eragrostis.tenuifolia",NA,"MW","N","20090616"
"3E","1st","","harpachne.schimperi",NA,"MW","N","20090616"
"3E","1st","","microchloa.kunthii",NA,"MW","N","20090616"
"3E","1st","","panicum.astrosanguinum",NA,"MW","N","20090616"
"3E","1st","","setaria.acromelaena..small.",NA,"MW","N","20090616"
"3E","1st","","setaria.sphaecealata..big.",NA,"MW","N","20090616"
"3E","1st","","sporobolus.pyramidalis",NA,"MW","N","20090616"
"3E","1st","","tragus.berteronianus",NA,"MW","N","20090616"
"3E","1st","","x_3",NA,"MW","N","20090616"
"3E","1st","","acalypha.crenata",NA,"MW","N","20090616"
"3E","1st","","aerva.lanata",NA,"MW","N","20090616"
"3E","1st","","amaranthus.hibridus",NA,"MW","N","20090616"
"3E","1st","","aspilia.pluriseta",NA,"MW","N","20090616"
"3E","1st","","asterolinon.adoense..v.",NA,"MW","N","20090616"
"3E","1st","","caralluma.acutangula",NA,"MW","N","20090616"
"3E","1st","","chenopodium.opulifolium",NA,"MW","N","20090616"
"3E","1st","","chenopodium.schraderianum",NA,"MW","N","20090616"
"3E","1st","","commelina.spp",NA,"MW","N","20090616"
"3E","1st","","commicarpus.pedunculosus",NA,"MW","N","20090616"
"3E","1st","","conyza.sp",NA,"MW","N","20090616"
"3E","1st","","corchorus.sp",NA,"MW","N","20090616"
"3E","1st","","crotelaria.sp",NA,"MW","N","20090616"
"3E","1st","","cyathula.orthacantha",NA,"MW","N","20090616"
"3E","1st","","dyscoriste.radicans",NA,"MW","N","20090616"
"3E","1st","","euphorbia.inaequilatera",NA,"MW","N","20090616"
"3E","1st","","evolvulus.alsinoides",NA,"MW","N","20090616"
"3E","1st","","fern",NA,"MW","N","20090616"
"3E","1st","","gutenbergia.sp",NA,"MW","N","20090616"
"3E","1st","","hermannia.uhligii",NA,"MW","N","20090616"
"3E","1st","","hibiscus.flavifolius",NA,"MW","N","20090616"
"3E","1st","","hibiscus.trionum",NA,"MW","N","20090616"
"3E","1st","","indigofera.brevicalyx",NA,"MW","N","20090616"
"3E","1st","","indigofera.schimperi",NA,"MW","N","20090616"
"3E","1st","","ipomea.sinensis",NA,"MW","N","20090616"
"3E","1st","","justicia.dichipteroides",NA,"MW","N","20090616"
"3E","1st","","k",NA,"MW","N","20090616"
"3E","1st","","kyllinga.sp",NA,"MW","N","20090616"
"3E","1st","","leucas.glabrata",NA,"MW","N","20090616"
"3E","1st","","leucas.martiniscensis",NA,"MW","N","20090616"
"3E","1st","","lily.a",NA,"MW","N","20090616"
"3E","1st","","lily.b",NA,"MW","N","20090616"
"3E","1st","","lippia.javanica",NA,"MW","N","20090616"
"3E","1st","","melhania.spp.",NA,"MW","N","20090616"
"3E","1st","","misopates.orontium",NA,"MW","N","20090616"
"3E","1st","","mollugo.nudicaulis",NA,"MW","N","20090616"
"3E","1st","","monechima.debile",NA,"MW","N","20090616"
"3E","1st","","monsonia.augustifolia",NA,"MW","N","20090616"
"3E","1st","","ocimum.sp",NA,"MW","N","20090616"
"3E","1st","","osteospermum.vaillantii",NA,"MW","N","20090616"
"3E","1st","","oxygonum.sinuatum",NA,"MW","N","20090616"
"3E","1st","","pavonia.patens",NA,"MW","N","20090616"
"3E","1st","","pelargonium.alchemilloides",NA,"MW","N","20090616"
"3E","1st","","pentanisia.ouranogyne",NA,"MW","N","20090616"
"3E","1st","","phyllanthus.maderaspatensis",NA,"MW","N","20090616"
"3E","1st","","plectranthus.spp",NA,"MW","N","20090616"
"3E","1st","","pollichia.campestris",NA,"MW","N","20090616"
"3E","1st","","polygala..l.",NA,"MW","N","20090616"
"3E","1st","","polygala.sphenoptera",NA,"MW","N","20090616"
"3E","1st","","portulaca.oleracea",NA,"MW","N","20090616"
"3E","1st","","portulaca.quadrifida",NA,"MW","N","20090616"
"3E","1st","","pseudognaphalium..helichrysum.glumaceum.",NA,"MW","N","20090616"
"3E","1st","","psilotrichum.schimperi",NA,"MW","N","20090616"
"3E","1st","","rhinacanthus.ndorensis",NA,"MW","N","20090616"
"3E","1st","","rhynchosia.holstii",NA,"MW","N","20090616"
"3E","1st","","schkuhria.pinnata",NA,"MW","N","20090616"
"3E","1st","","sida.2",NA,"MW","N","20090616"
"3E","1st","","sida.cuneifolia",NA,"MW","N","20090616"
"3E","1st","","solanum.incanum",NA,"MW","N","20090616"
"3E","1st","","solanum.indicum",NA,"MW","N","20090616"
"3E","1st","","tribulus.terrestris",NA,"MW","N","20090616"
"3E","1st","","u",NA,"MW","N","20090616"
"3E","1st","","w",NA,"MW","N","20090616"
"3E","1st","","x_4",NA,"MW","N","20090616"
"3E","1st","","x_5",NA,"MW","N","20090616"
"3E","1st","","x_6",NA,"MW","N","20090616"
"3E","1st","","x_7",NA,"MW","N","20090616"
"3E","1st","","x_8",NA,"MW","N","20090616"
"3G","1st","","bracharia.lacnantha",NA,"MW","N","20090616"
"3G","1st","","lintonia.nutans",NA,"MW","N","20090616"
"3G","1st","","pennisetum.mezianum",NA,"MW","N","20090616"
"3G","1st","","pennisetum.straminium",NA,"MW","N","20090616"
"3G","1st","","themeda.triandra",NA,"MW","N","20090616"
"3G","1st","","bare",3,"MW","N","20090616"
"3G","1st","","x_2",NA,"MW","N","20090616"
"3G","1st","","aristida.kenyensis",NA,"MW","N","20090616"
"3G","1st","","bothriochloa.insculpta",NA,"MW","N","20090616"
"3G","1st","","bracharia.3",NA,"MW","N","20090616"
"3G","1st","","bracharia.eruciformis",NA,"MW","N","20090616"
"3G","1st","","chloris.sp",NA,"MW","N","20090616"
"3G","1st","","cynodon.dactylon",NA,"MW","N","20090616"
"3G","1st","","cynodon.plectostachyus",NA,"MW","N","20090616"
"3G","1st","","cyperus...mariscus.spp",NA,"MW","N","20090616"
"3G","1st","","digitaria.2",NA,"MW","N","20090616"
"3G","1st","","digitaria.milanjiana",NA,"MW","N","20090616"
"3G","1st","","dinebra.retroflexa",NA,"MW","N","20090616"
"3G","1st","","eragrostis.tenuifolia",NA,"MW","N","20090616"
"3G","1st","","harpachne.schimperi",NA,"MW","N","20090616"
"3G","1st","","microchloa.kunthii",NA,"MW","N","20090616"
"3G","1st","","panicum.astrosanguinum",NA,"MW","N","20090616"
"3G","1st","","setaria.acromelaena..small.",NA,"MW","N","20090616"
"3G","1st","","setaria.sphaecealata..big.",NA,"MW","N","20090616"
"3G","1st","","sporobolus.pyramidalis",NA,"MW","N","20090616"
"3G","1st","","tragus.berteronianus",NA,"MW","N","20090616"
"3G","1st","","x_3",NA,"MW","N","20090616"
"3G","1st","","acalypha.crenata",NA,"MW","N","20090616"
"3G","1st","","aerva.lanata",NA,"MW","N","20090616"
"3G","1st","","amaranthus.hibridus",NA,"MW","N","20090616"
"3G","1st","","aspilia.pluriseta",NA,"MW","N","20090616"
"3G","1st","","asterolinon.adoense..v.",NA,"MW","N","20090616"
"3G","1st","","caralluma.acutangula",NA,"MW","N","20090616"
"3G","1st","","chenopodium.opulifolium",NA,"MW","N","20090616"
"3G","1st","","chenopodium.schraderianum",NA,"MW","N","20090616"
"3G","1st","","commelina.spp",NA,"MW","N","20090616"
"3G","1st","","commicarpus.pedunculosus",NA,"MW","N","20090616"
"3G","1st","","conyza.sp",NA,"MW","N","20090616"
"3G","1st","","corchorus.sp",NA,"MW","N","20090616"
"3G","1st","","crotelaria.sp",NA,"MW","N","20090616"
"3G","1st","","cyathula.orthacantha",NA,"MW","N","20090616"
"3G","1st","","dyscoriste.radicans",NA,"MW","N","20090616"
"3G","1st","","euphorbia.inaequilatera",NA,"MW","N","20090616"
"3G","1st","","evolvulus.alsinoides",NA,"MW","N","20090616"
"3G","1st","","fern",NA,"MW","N","20090616"
"3G","1st","","gutenbergia.sp",NA,"MW","N","20090616"
"3G","1st","","hermannia.uhligii",NA,"MW","N","20090616"
"3G","1st","","hibiscus.flavifolius",NA,"MW","N","20090616"
"3G","1st","","hibiscus.trionum",NA,"MW","N","20090616"
"3G","1st","","indigofera.brevicalyx",NA,"MW","N","20090616"
"3G","1st","","indigofera.schimperi",NA,"MW","N","20090616"
"3G","1st","","ipomea.sinensis",NA,"MW","N","20090616"
"3G","1st","","justicia.dichipteroides",NA,"MW","N","20090616"
"3G","1st","","k",NA,"MW","N","20090616"
"3G","1st","","kyllinga.sp",NA,"MW","N","20090616"
"3G","1st","","leucas.glabrata",NA,"MW","N","20090616"
"3G","1st","","leucas.martiniscensis",NA,"MW","N","20090616"
"3G","1st","","lily.a",NA,"MW","N","20090616"
"3G","1st","","lily.b",NA,"MW","N","20090616"
"3G","1st","","lippia.javanica",NA,"MW","N","20090616"
"3G","1st","","melhania.spp.",NA,"MW","N","20090616"
"3G","1st","","misopates.orontium",NA,"MW","N","20090616"
"3G","1st","","mollugo.nudicaulis",NA,"MW","N","20090616"
"3G","1st","","monechima.debile",NA,"MW","N","20090616"
"3G","1st","","monsonia.augustifolia",NA,"MW","N","20090616"
"3G","1st","","ocimum.sp",NA,"MW","N","20090616"
"3G","1st","","osteospermum.vaillantii",NA,"MW","N","20090616"
"3G","1st","","oxygonum.sinuatum",NA,"MW","N","20090616"
"3G","1st","","pavonia.patens",NA,"MW","N","20090616"
"3G","1st","","pelargonium.alchemilloides",NA,"MW","N","20090616"
"3G","1st","","pentanisia.ouranogyne",NA,"MW","N","20090616"
"3G","1st","","phyllanthus.maderaspatensis",NA,"MW","N","20090616"
"3G","1st","","plectranthus.spp",NA,"MW","N","20090616"
"3G","1st","","pollichia.campestris",NA,"MW","N","20090616"
"3G","1st","","polygala..l.",NA,"MW","N","20090616"
"3G","1st","","polygala.sphenoptera",NA,"MW","N","20090616"
"3G","1st","","portulaca.oleracea",NA,"MW","N","20090616"
"3G","1st","","portulaca.quadrifida",NA,"MW","N","20090616"
"3G","1st","","pseudognaphalium..helichrysum.glumaceum.",NA,"MW","N","20090616"
"3G","1st","","psilotrichum.schimperi",NA,"MW","N","20090616"
"3G","1st","","rhinacanthus.ndorensis",NA,"MW","N","20090616"
"3G","1st","","rhynchosia.holstii",NA,"MW","N","20090616"
"3G","1st","","schkuhria.pinnata",NA,"MW","N","20090616"
"3G","1st","","sida.2",NA,"MW","N","20090616"
"3G","1st","","sida.cuneifolia",NA,"MW","N","20090616"
"3G","1st","","solanum.incanum",NA,"MW","N","20090616"
"3G","1st","","solanum.indicum",NA,"MW","N","20090616"
"3G","1st","","tribulus.terrestris",NA,"MW","N","20090616"
"3G","1st","","u",NA,"MW","N","20090616"
"3G","1st","","w",NA,"MW","N","20090616"
"3G","1st","","x_4",NA,"MW","N","20090616"
"3G","1st","","x_5",NA,"MW","N","20090616"
"3G","1st","","x_6",NA,"MW","N","20090616"
"3G","1st","","x_7",NA,"MW","N","20090616"
"3G","1st","","x_8",NA,"MW","N","20090616"
"3I","1st","","bracharia.lacnantha",NA,"MW","N","20090616"
"3I","1st","","lintonia.nutans",NA,"MW","N","20090616"
"3I","1st","","pennisetum.mezianum",NA,"MW","N","20090616"
"3I","1st","","pennisetum.straminium",NA,"MW","N","20090616"
"3I","1st","","themeda.triandra",NA,"MW","N","20090616"
"3I","1st","","bare",NA,"MW","N","20090616"
"3I","1st","","x_2",NA,"MW","N","20090616"
"3I","1st","","aristida.kenyensis",NA,"MW","N","20090616"
"3I","1st","","bothriochloa.insculpta",NA,"MW","N","20090616"
"3I","1st","","bracharia.3",NA,"MW","N","20090616"
"3I","1st","","bracharia.eruciformis",NA,"MW","N","20090616"
"3I","1st","","chloris.sp",NA,"MW","N","20090616"
"3I","1st","","cynodon.dactylon",NA,"MW","N","20090616"
"3I","1st","","cynodon.plectostachyus",NA,"MW","N","20090616"
"3I","1st","","cyperus...mariscus.spp",NA,"MW","N","20090616"
"3I","1st","","digitaria.2",NA,"MW","N","20090616"
"3I","1st","","digitaria.milanjiana",NA,"MW","N","20090616"
"3I","1st","","dinebra.retroflexa",NA,"MW","N","20090616"
"3I","1st","","eragrostis.tenuifolia",NA,"MW","N","20090616"
"3I","1st","","harpachne.schimperi",NA,"MW","N","20090616"
"3I","1st","","microchloa.kunthii",NA,"MW","N","20090616"
"3I","1st","","panicum.astrosanguinum",NA,"MW","N","20090616"
"3I","1st","","setaria.acromelaena..small.",NA,"MW","N","20090616"
"3I","1st","","setaria.sphaecealata..big.",NA,"MW","N","20090616"
"3I","1st","","sporobolus.pyramidalis",NA,"MW","N","20090616"
"3I","1st","","tragus.berteronianus",NA,"MW","N","20090616"
"3I","1st","","x_3",NA,"MW","N","20090616"
"3I","1st","","acalypha.crenata",NA,"MW","N","20090616"
"3I","1st","","aerva.lanata",NA,"MW","N","20090616"
"3I","1st","","amaranthus.hibridus",NA,"MW","N","20090616"
"3I","1st","","aspilia.pluriseta",NA,"MW","N","20090616"
"3I","1st","","asterolinon.adoense..v.",NA,"MW","N","20090616"
"3I","1st","","caralluma.acutangula",NA,"MW","N","20090616"
"3I","1st","","chenopodium.opulifolium",NA,"MW","N","20090616"
"3I","1st","","chenopodium.schraderianum",NA,"MW","N","20090616"
"3I","1st","","commelina.spp",NA,"MW","N","20090616"
"3I","1st","","commicarpus.pedunculosus",NA,"MW","N","20090616"
"3I","1st","","conyza.sp",NA,"MW","N","20090616"
"3I","1st","","corchorus.sp",NA,"MW","N","20090616"
"3I","1st","","crotelaria.sp",NA,"MW","N","20090616"
"3I","1st","","cyathula.orthacantha",NA,"MW","N","20090616"
"3I","1st","","dyscoriste.radicans",NA,"MW","N","20090616"
"3I","1st","","euphorbia.inaequilatera",NA,"MW","N","20090616"
"3I","1st","","evolvulus.alsinoides",NA,"MW","N","20090616"
"3I","1st","","fern",NA,"MW","N","20090616"
"3I","1st","","gutenbergia.sp",NA,"MW","N","20090616"
"3I","1st","","hermannia.uhligii",NA,"MW","N","20090616"
"3I","1st","","hibiscus.flavifolius",NA,"MW","N","20090616"
"3I","1st","","hibiscus.trionum",NA,"MW","N","20090616"
"3I","1st","","indigofera.brevicalyx",NA,"MW","N","20090616"
"3I","1st","","indigofera.schimperi",NA,"MW","N","20090616"
"3I","1st","","ipomea.sinensis",NA,"MW","N","20090616"
"3I","1st","","justicia.dichipteroides",NA,"MW","N","20090616"
"3I","1st","","k",NA,"MW","N","20090616"
"3I","1st","","kyllinga.sp",NA,"MW","N","20090616"
"3I","1st","","leucas.glabrata",NA,"MW","N","20090616"
"3I","1st","","leucas.martiniscensis",NA,"MW","N","20090616"
"3I","1st","","lily.a",NA,"MW","N","20090616"
"3I","1st","","lily.b",NA,"MW","N","20090616"
"3I","1st","","lippia.javanica",NA,"MW","N","20090616"
"3I","1st","","melhania.spp.",NA,"MW","N","20090616"
"3I","1st","","misopates.orontium",NA,"MW","N","20090616"
"3I","1st","","mollugo.nudicaulis",NA,"MW","N","20090616"
"3I","1st","","monechima.debile",NA,"MW","N","20090616"
"3I","1st","","monsonia.augustifolia",NA,"MW","N","20090616"
"3I","1st","","ocimum.sp",NA,"MW","N","20090616"
"3I","1st","","osteospermum.vaillantii",NA,"MW","N","20090616"
"3I","1st","","oxygonum.sinuatum",NA,"MW","N","20090616"
"3I","1st","","pavonia.patens",NA,"MW","N","20090616"
"3I","1st","","pelargonium.alchemilloides",NA,"MW","N","20090616"
"3I","1st","","pentanisia.ouranogyne",NA,"MW","N","20090616"
"3I","1st","","phyllanthus.maderaspatensis",1,"MW","N","20090616"
"3I","1st","","plectranthus.spp",NA,"MW","N","20090616"
"3I","1st","","pollichia.campestris",NA,"MW","N","20090616"
"3I","1st","","polygala..l.",NA,"MW","N","20090616"
"3I","1st","","polygala.sphenoptera",NA,"MW","N","20090616"
"3I","1st","","portulaca.oleracea",NA,"MW","N","20090616"
"3I","1st","","portulaca.quadrifida",NA,"MW","N","20090616"
"3I","1st","","pseudognaphalium..helichrysum.glumaceum.",NA,"MW","N","20090616"
"3I","1st","","psilotrichum.schimperi",NA,"MW","N","20090616"
"3I","1st","","rhinacanthus.ndorensis",NA,"MW","N","20090616"
"3I","1st","","rhynchosia.holstii",NA,"MW","N","20090616"
"3I","1st","","schkuhria.pinnata",NA,"MW","N","20090616"
"3I","1st","","sida.2",NA,"MW","N","20090616"
"3I","1st","","sida.cuneifolia",NA,"MW","N","20090616"
"3I","1st","","solanum.incanum",NA,"MW","N","20090616"
"3I","1st","","solanum.indicum",NA,"MW","N","20090616"
"3I","1st","","tribulus.terrestris",NA,"MW","N","20090616"
"3I","1st","","u",NA,"MW","N","20090616"
"3I","1st","","w",NA,"MW","N","20090616"
"3I","1st","","x_4",NA,"MW","N","20090616"
"3I","1st","","x_5",NA,"MW","N","20090616"
"3I","1st","","x_6",NA,"MW","N","20090616"
"3I","1st","","x_7",NA,"MW","N","20090616"
"3I","1st","","x_8",NA,"MW","N","20090616"
"4J","1st","","bracharia.lacnantha",5,"MW","N","20090616"
"4J","1st","","lintonia.nutans",NA,"MW","N","20090616"
"4J","1st","","pennisetum.mezianum",NA,"MW","N","20090616"
"4J","1st","","pennisetum.straminium",4,"MW","N","20090616"
"4J","1st","","themeda.triandra",NA,"MW","N","20090616"
"4J","1st","","bare",3,"MW","N","20090616"
"4J","1st","","x_2",NA,"MW","N","20090616"
"4J","1st","","aristida.kenyensis",NA,"MW","N","20090616"
"4J","1st","","bothriochloa.insculpta",NA,"MW","N","20090616"
"4J","1st","","bracharia.3",NA,"MW","N","20090616"
"4J","1st","","bracharia.eruciformis",NA,"MW","N","20090616"
"4J","1st","","chloris.sp",NA,"MW","N","20090616"
"4J","1st","","cynodon.dactylon",NA,"MW","N","20090616"
"4J","1st","","cynodon.plectostachyus",NA,"MW","N","20090616"
"4J","1st","","cyperus...mariscus.spp",NA,"MW","N","20090616"
"4J","1st","","digitaria.2",NA,"MW","N","20090616"
"4J","1st","","digitaria.milanjiana",NA,"MW","N","20090616"
"4J","1st","","dinebra.retroflexa",NA,"MW","N","20090616"
"4J","1st","","eragrostis.tenuifolia",NA,"MW","N","20090616"
"4J","1st","","harpachne.schimperi",NA,"MW","N","20090616"
"4J","1st","","microchloa.kunthii",NA,"MW","N","20090616"
"4J","1st","","panicum.astrosanguinum",NA,"MW","N","20090616"
"4J","1st","","setaria.acromelaena..small.",NA,"MW","N","20090616"
"4J","1st","","setaria.sphaecealata..big.",NA,"MW","N","20090616"
"4J","1st","","sporobolus.pyramidalis",NA,"MW","N","20090616"
"4J","1st","","tragus.berteronianus",NA,"MW","N","20090616"
"4J","1st","","x_3",NA,"MW","N","20090616"
"4J","1st","","acalypha.crenata",NA,"MW","N","20090616"
"4J","1st","","aerva.lanata",NA,"MW","N","20090616"
"4J","1st","","amaranthus.hibridus",NA,"MW","N","20090616"
"4J","1st","","aspilia.pluriseta",NA,"MW","N","20090616"
"4J","1st","","asterolinon.adoense..v.",NA,"MW","N","20090616"
"4J","1st","","caralluma.acutangula",NA,"MW","N","20090616"
"4J","1st","","chenopodium.opulifolium",NA,"MW","N","20090616"
"4J","1st","","chenopodium.schraderianum",NA,"MW","N","20090616"
"4J","1st","","commelina.spp",NA,"MW","N","20090616"
"4J","1st","","commicarpus.pedunculosus",NA,"MW","N","20090616"
"4J","1st","","conyza.sp",NA,"MW","N","20090616"
"4J","1st","","corchorus.sp",NA,"MW","N","20090616"
"4J","1st","","crotelaria.sp",NA,"MW","N","20090616"
"4J","1st","","cyathula.orthacantha",NA,"MW","N","20090616"
"4J","1st","","dyscoriste.radicans",NA,"MW","N","20090616"
"4J","1st","","euphorbia.inaequilatera",NA,"MW","N","20090616"
"4J","1st","","evolvulus.alsinoides",NA,"MW","N","20090616"
"4J","1st","","fern",NA,"MW","N","20090616"
"4J","1st","","gutenbergia.sp",NA,"MW","N","20090616"
"4J","1st","","hermannia.uhligii",NA,"MW","N","20090616"
"4J","1st","","hibiscus.flavifolius",NA,"MW","N","20090616"
"4J","1st","","hibiscus.trionum",NA,"MW","N","20090616"
"4J","1st","","indigofera.brevicalyx",NA,"MW","N","20090616"
"4J","1st","","indigofera.schimperi",NA,"MW","N","20090616"
"4J","1st","","ipomea.sinensis",NA,"MW","N","20090616"
"4J","1st","","justicia.dichipteroides",NA,"MW","N","20090616"
"4J","1st","","k",NA,"MW","N","20090616"
"4J","1st","","kyllinga.sp",NA,"MW","N","20090616"
"4J","1st","","leucas.glabrata",NA,"MW","N","20090616"
"4J","1st","","leucas.martiniscensis",NA,"MW","N","20090616"
"4J","1st","","lily.a",NA,"MW","N","20090616"
"4J","1st","","lily.b",NA,"MW","N","20090616"
"4J","1st","","lippia.javanica",NA,"MW","N","20090616"
"4J","1st","","melhania.spp.",NA,"MW","N","20090616"
"4J","1st","","misopates.orontium",NA,"MW","N","20090616"
"4J","1st","","mollugo.nudicaulis",NA,"MW","N","20090616"
"4J","1st","","monechima.debile",NA,"MW","N","20090616"
"4J","1st","","monsonia.augustifolia",NA,"MW","N","20090616"
"4J","1st","","ocimum.sp",NA,"MW","N","20090616"
"4J","1st","","osteospermum.vaillantii",NA,"MW","N","20090616"
"4J","1st","","oxygonum.sinuatum",NA,"MW","N","20090616"
"4J","1st","","pavonia.patens",NA,"MW","N","20090616"
"4J","1st","","pelargonium.alchemilloides",NA,"MW","N","20090616"
"4J","1st","","pentanisia.ouranogyne",NA,"MW","N","20090616"
"4J","1st","","phyllanthus.maderaspatensis",NA,"MW","N","20090616"
"4J","1st","","plectranthus.spp",NA,"MW","N","20090616"
"4J","1st","","pollichia.campestris",NA,"MW","N","20090616"
"4J","1st","","polygala..l.",NA,"MW","N","20090616"
"4J","1st","","polygala.sphenoptera",NA,"MW","N","20090616"
"4J","1st","","portulaca.oleracea",NA,"MW","N","20090616"
"4J","1st","","portulaca.quadrifida",NA,"MW","N","20090616"
"4J","1st","","pseudognaphalium..helichrysum.glumaceum.",NA,"MW","N","20090616"
"4J","1st","","psilotrichum.schimperi",NA,"MW","N","20090616"
"4J","1st","","rhinacanthus.ndorensis",NA,"MW","N","20090616"
"4J","1st","","rhynchosia.holstii",NA,"MW","N","20090616"
"4J","1st","","schkuhria.pinnata",NA,"MW","N","20090616"
"4J","1st","","sida.2",NA,"MW","N","20090616"
"4J","1st","","sida.cuneifolia",NA,"MW","N","20090616"
"4J","1st","","solanum.incanum",NA,"MW","N","20090616"
"4J","1st","","solanum.indicum",NA,"MW","N","20090616"
"4J","1st","","tribulus.terrestris",NA,"MW","N","20090616"
"4J","1st","","u",NA,"MW","N","20090616"
"4J","1st","","w",NA,"MW","N","20090616"
"4J","1st","","x_4",NA,"MW","N","20090616"
"4J","1st","","x_5",NA,"MW","N","20090616"
"4J","1st","","x_6",NA,"MW","N","20090616"
"4J","1st","","x_7",NA,"MW","N","20090616"
"4J","1st","","x_8",NA,"MW","N","20090616"
"4H","1st","","bracharia.lacnantha",3,"MW","N","20090616"
"4H","1st","","lintonia.nutans",2,"MW","N","20090616"
"4H","1st","","pennisetum.mezianum",NA,"MW","N","20090616"
"4H","1st","","pennisetum.straminium",2,"MW","N","20090616"
"4H","1st","","themeda.triandra",NA,"MW","N","20090616"
"4H","1st","","bare",5,"MW","N","20090616"
"4H","1st","","x_2",NA,"MW","N","20090616"
"4H","1st","","aristida.kenyensis",NA,"MW","N","20090616"
"4H","1st","","bothriochloa.insculpta",NA,"MW","N","20090616"
"4H","1st","","bracharia.3",NA,"MW","N","20090616"
"4H","1st","","bracharia.eruciformis",NA,"MW","N","20090616"
"4H","1st","","chloris.sp",NA,"MW","N","20090616"
"4H","1st","","cynodon.dactylon",NA,"MW","N","20090616"
"4H","1st","","cynodon.plectostachyus",NA,"MW","N","20090616"
"4H","1st","","cyperus...mariscus.spp",NA,"MW","N","20090616"
"4H","1st","","digitaria.2",NA,"MW","N","20090616"
"4H","1st","","digitaria.milanjiana",NA,"MW","N","20090616"
"4H","1st","","dinebra.retroflexa",NA,"MW","N","20090616"
"4H","1st","","eragrostis.tenuifolia",NA,"MW","N","20090616"
"4H","1st","","harpachne.schimperi",NA,"MW","N","20090616"
"4H","1st","","microchloa.kunthii",NA,"MW","N","20090616"
"4H","1st","","panicum.astrosanguinum",NA,"MW","N","20090616"
"4H","1st","","setaria.acromelaena..small.",NA,"MW","N","20090616"
"4H","1st","","setaria.sphaecealata..big.",NA,"MW","N","20090616"
"4H","1st","","sporobolus.pyramidalis",NA,"MW","N","20090616"
"4H","1st","","tragus.berteronianus",NA,"MW","N","20090616"
"4H","1st","","x_3",NA,"MW","N","20090616"
"4H","1st","","acalypha.crenata",NA,"MW","N","20090616"
"4H","1st","","aerva.lanata",NA,"MW","N","20090616"
"4H","1st","","amaranthus.hibridus",NA,"MW","N","20090616"
"4H","1st","","aspilia.pluriseta",NA,"MW","N","20090616"
"4H","1st","","asterolinon.adoense..v.",NA,"MW","N","20090616"
"4H","1st","","caralluma.acutangula",NA,"MW","N","20090616"
"4H","1st","","chenopodium.opulifolium",NA,"MW","N","20090616"
"4H","1st","","chenopodium.schraderianum",NA,"MW","N","20090616"
"4H","1st","","commelina.spp",NA,"MW","N","20090616"
"4H","1st","","commicarpus.pedunculosus",NA,"MW","N","20090616"
"4H","1st","","conyza.sp",NA,"MW","N","20090616"
"4H","1st","","corchorus.sp",NA,"MW","N","20090616"
"4H","1st","","crotelaria.sp",NA,"MW","N","20090616"
"4H","1st","","cyathula.orthacantha",NA,"MW","N","20090616"
"4H","1st","","dyscoriste.radicans",NA,"MW","N","20090616"
"4H","1st","","euphorbia.inaequilatera",NA,"MW","N","20090616"
"4H","1st","","evolvulus.alsinoides",NA,"MW","N","20090616"
"4H","1st","","fern",NA,"MW","N","20090616"
"4H","1st","","gutenbergia.sp",NA,"MW","N","20090616"
"4H","1st","","hermannia.uhligii",NA,"MW","N","20090616"
"4H","1st","","hibiscus.flavifolius",NA,"MW","N","20090616"
"4H","1st","","hibiscus.trionum",NA,"MW","N","20090616"
"4H","1st","","indigofera.brevicalyx",NA,"MW","N","20090616"
"4H","1st","","indigofera.schimperi",NA,"MW","N","20090616"
"4H","1st","","ipomea.sinensis",NA,"MW","N","20090616"
"4H","1st","","justicia.dichipteroides",NA,"MW","N","20090616"
"4H","1st","","k",NA,"MW","N","20090616"
"4H","1st","","kyllinga.sp",NA,"MW","N","20090616"
"4H","1st","","leucas.glabrata",NA,"MW","N","20090616"
"4H","1st","","leucas.martiniscensis",NA,"MW","N","20090616"
"4H","1st","","lily.a",NA,"MW","N","20090616"
"4H","1st","","lily.b",NA,"MW","N","20090616"
"4H","1st","","lippia.javanica",NA,"MW","N","20090616"
"4H","1st","","melhania.spp.",NA,"MW","N","20090616"
"4H","1st","","misopates.orontium",NA,"MW","N","20090616"
"4H","1st","","mollugo.nudicaulis",NA,"MW","N","20090616"
"4H","1st","","monechima.debile",NA,"MW","N","20090616"
"4H","1st","","monsonia.augustifolia",NA,"MW","N","20090616"
"4H","1st","","ocimum.sp",NA,"MW","N","20090616"
"4H","1st","","osteospermum.vaillantii",NA,"MW","N","20090616"
"4H","1st","","oxygonum.sinuatum",NA,"MW","N","20090616"
"4H","1st","","pavonia.patens",NA,"MW","N","20090616"
"4H","1st","","pelargonium.alchemilloides",NA,"MW","N","20090616"
"4H","1st","","pentanisia.ouranogyne",NA,"MW","N","20090616"
"4H","1st","","phyllanthus.maderaspatensis",NA,"MW","N","20090616"
"4H","1st","","plectranthus.spp",NA,"MW","N","20090616"
"4H","1st","","pollichia.campestris",NA,"MW","N","20090616"
"4H","1st","","polygala..l.",NA,"MW","N","20090616"
"4H","1st","","polygala.sphenoptera",NA,"MW","N","20090616"
"4H","1st","","portulaca.oleracea",NA,"MW","N","20090616"
"4H","1st","","portulaca.quadrifida",NA,"MW","N","20090616"
"4H","1st","","pseudognaphalium..helichrysum.glumaceum.",NA,"MW","N","20090616"
"4H","1st","","psilotrichum.schimperi",NA,"MW","N","20090616"
"4H","1st","","rhinacanthus.ndorensis",NA,"MW","N","20090616"
"4H","1st","","rhynchosia.holstii",NA,"MW","N","20090616"
"4H","1st","","schkuhria.pinnata",NA,"MW","N","20090616"
"4H","1st","","sida.2",NA,"MW","N","20090616"
"4H","1st","","sida.cuneifolia",NA,"MW","N","20090616"
"4H","1st","","solanum.incanum",NA,"MW","N","20090616"
"4H","1st","","solanum.indicum",NA,"MW","N","20090616"
"4H","1st","","tribulus.terrestris",NA,"MW","N","20090616"
"4H","1st","","u",NA,"MW","N","20090616"
"4H","1st","","w",NA,"MW","N","20090616"
"4H","1st","","x_4",NA,"MW","N","20090616"
"4H","1st","","x_5",NA,"MW","N","20090616"
"4H","1st","","x_6",NA,"MW","N","20090616"
"4H","1st","","x_7",NA,"MW","N","20090616"
"4H","1st","","x_8",NA,"MW","N","20090616"
"4F","1st","","bracharia.lacnantha",NA,"MW","N","20090616"
"4F","1st","","lintonia.nutans",NA,"MW","N","20090616"
"4F","1st","","pennisetum.mezianum",NA,"MW","N","20090616"
"4F","1st","","pennisetum.straminium",10,"MW","N","20090616"
"4F","1st","","themeda.triandra",NA,"MW","N","20090616"
"4F","1st","","bare",NA,"MW","N","20090616"
"4F","1st","","x_2",NA,"MW","N","20090616"
"4F","1st","","aristida.kenyensis",NA,"MW","N","20090616"
"4F","1st","","bothriochloa.insculpta",NA,"MW","N","20090616"
"4F","1st","","bracharia.3",NA,"MW","N","20090616"
"4F","1st","","bracharia.eruciformis",NA,"MW","N","20090616"
"4F","1st","","chloris.sp",NA,"MW","N","20090616"
"4F","1st","","cynodon.dactylon",NA,"MW","N","20090616"
"4F","1st","","cynodon.plectostachyus",NA,"MW","N","20090616"
"4F","1st","","cyperus...mariscus.spp",NA,"MW","N","20090616"
"4F","1st","","digitaria.2",NA,"MW","N","20090616"
"4F","1st","","digitaria.milanjiana",NA,"MW","N","20090616"
"4F","1st","","dinebra.retroflexa",NA,"MW","N","20090616"
"4F","1st","","eragrostis.tenuifolia",NA,"MW","N","20090616"
"4F","1st","","harpachne.schimperi",NA,"MW","N","20090616"
"4F","1st","","microchloa.kunthii",NA,"MW","N","20090616"
"4F","1st","","panicum.astrosanguinum",NA,"MW","N","20090616"
"4F","1st","","setaria.acromelaena..small.",NA,"MW","N","20090616"
"4F","1st","","setaria.sphaecealata..big.",NA,"MW","N","20090616"
"4F","1st","","sporobolus.pyramidalis",NA,"MW","N","20090616"
"4F","1st","","tragus.berteronianus",NA,"MW","N","20090616"
"4F","1st","","x_3",NA,"MW","N","20090616"
"4F","1st","","acalypha.crenata",NA,"MW","N","20090616"
"4F","1st","","aerva.lanata",NA,"MW","N","20090616"
"4F","1st","","amaranthus.hibridus",NA,"MW","N","20090616"
"4F","1st","","aspilia.pluriseta",NA,"MW","N","20090616"
"4F","1st","","asterolinon.adoense..v.",NA,"MW","N","20090616"
"4F","1st","","caralluma.acutangula",NA,"MW","N","20090616"
"4F","1st","","chenopodium.opulifolium",NA,"MW","N","20090616"
"4F","1st","","chenopodium.schraderianum",NA,"MW","N","20090616"
"4F","1st","","commelina.spp",NA,"MW","N","20090616"
"4F","1st","","commicarpus.pedunculosus",NA,"MW","N","20090616"
"4F","1st","","conyza.sp",NA,"MW","N","20090616"
"4F","1st","","corchorus.sp",NA,"MW","N","20090616"
"4F","1st","","crotelaria.sp",NA,"MW","N","20090616"
"4F","1st","","cyathula.orthacantha",NA,"MW","N","20090616"
"4F","1st","","dyscoriste.radicans",NA,"MW","N","20090616"
"4F","1st","","euphorbia.inaequilatera",NA,"MW","N","20090616"
"4F","1st","","evolvulus.alsinoides",NA,"MW","N","20090616"
"4F","1st","","fern",NA,"MW","N","20090616"
"4F","1st","","gutenbergia.sp",NA,"MW","N","20090616"
"4F","1st","","hermannia.uhligii",NA,"MW","N","20090616"
"4F","1st","","hibiscus.flavifolius",NA,"MW","N","20090616"
"4F","1st","","hibiscus.trionum",NA,"MW","N","20090616"
"4F","1st","","indigofera.brevicalyx",NA,"MW","N","20090616"
"4F","1st","","indigofera.schimperi",NA,"MW","N","20090616"
"4F","1st","","ipomea.sinensis",NA,"MW","N","20090616"
"4F","1st","","justicia.dichipteroides",NA,"MW","N","20090616"
"4F","1st","","k",NA,"MW","N","20090616"
"4F","1st","","kyllinga.sp",NA,"MW","N","20090616"
"4F","1st","","leucas.glabrata",NA,"MW","N","20090616"
"4F","1st","","leucas.martiniscensis",NA,"MW","N","20090616"
"4F","1st","","lily.a",NA,"MW","N","20090616"
"4F","1st","","lily.b",NA,"MW","N","20090616"
"4F","1st","","lippia.javanica",NA,"MW","N","20090616"
"4F","1st","","melhania.spp.",NA,"MW","N","20090616"
"4F","1st","","misopates.orontium",NA,"MW","N","20090616"
"4F","1st","","mollugo.nudicaulis",NA,"MW","N","20090616"
"4F","1st","","monechima.debile",NA,"MW","N","20090616"
"4F","1st","","monsonia.augustifolia",NA,"MW","N","20090616"
"4F","1st","","ocimum.sp",NA,"MW","N","20090616"
"4F","1st","","osteospermum.vaillantii",NA,"MW","N","20090616"
"4F","1st","","oxygonum.sinuatum",NA,"MW","N","20090616"
"4F","1st","","pavonia.patens",NA,"MW","N","20090616"
"4F","1st","","pelargonium.alchemilloides",NA,"MW","N","20090616"
"4F","1st","","pentanisia.ouranogyne",NA,"MW","N","20090616"
"4F","1st","","phyllanthus.maderaspatensis",NA,"MW","N","20090616"
"4F","1st","","plectranthus.spp",NA,"MW","N","20090616"
"4F","1st","","pollichia.campestris",NA,"MW","N","20090616"
"4F","1st","","polygala..l.",NA,"MW","N","20090616"
"4F","1st","","polygala.sphenoptera",NA,"MW","N","20090616"
"4F","1st","","portulaca.oleracea",NA,"MW","N","20090616"
"4F","1st","","portulaca.quadrifida",NA,"MW","N","20090616"
"4F","1st","","pseudognaphalium..helichrysum.glumaceum.",NA,"MW","N","20090616"
"4F","1st","","psilotrichum.schimperi",NA,"MW","N","20090616"
"4F","1st","","rhinacanthus.ndorensis",NA,"MW","N","20090616"
"4F","1st","","rhynchosia.holstii",NA,"MW","N","20090616"
"4F","1st","","schkuhria.pinnata",NA,"MW","N","20090616"
"4F","1st","","sida.2",NA,"MW","N","20090616"
"4F","1st","","sida.cuneifolia",NA,"MW","N","20090616"
"4F","1st","","solanum.incanum",NA,"MW","N","20090616"
"4F","1st","","solanum.indicum",NA,"MW","N","20090616"
"4F","1st","","tribulus.terrestris",NA,"MW","N","20090616"
"4F","1st","","u",NA,"MW","N","20090616"
"4F","1st","","w",NA,"MW","N","20090616"
"4F","1st","","x_4",NA,"MW","N","20090616"
"4F","1st","","x_5",NA,"MW","N","20090616"
"4F","1st","","x_6",NA,"MW","N","20090616"
"4F","1st","","x_7",NA,"MW","N","20090616"
"4F","1st","","x_8",NA,"MW","N","20090616"
"4D","1st","","bracharia.lacnantha",2,"MW","N","20090616"
"4D","1st","","lintonia.nutans",NA,"MW","N","20090616"
"4D","1st","","pennisetum.mezianum",NA,"MW","N","20090616"
"4D","1st","","pennisetum.straminium",9,"MW","N","20090616"
"4D","1st","","themeda.triandra",NA,"MW","N","20090616"
"4D","1st","","bare",NA,"MW","N","20090616"
"4D","1st","","x_2",NA,"MW","N","20090616"
"4D","1st","","aristida.kenyensis",NA,"MW","N","20090616"
"4D","1st","","bothriochloa.insculpta",NA,"MW","N","20090616"
"4D","1st","","bracharia.3",NA,"MW","N","20090616"
"4D","1st","","bracharia.eruciformis",NA,"MW","N","20090616"
"4D","1st","","chloris.sp",NA,"MW","N","20090616"
"4D","1st","","cynodon.dactylon",NA,"MW","N","20090616"
"4D","1st","","cynodon.plectostachyus",NA,"MW","N","20090616"
"4D","1st","","cyperus...mariscus.spp",NA,"MW","N","20090616"
"4D","1st","","digitaria.2",NA,"MW","N","20090616"
"4D","1st","","digitaria.milanjiana",NA,"MW","N","20090616"
"4D","1st","","dinebra.retroflexa",NA,"MW","N","20090616"
"4D","1st","","eragrostis.tenuifolia",NA,"MW","N","20090616"
"4D","1st","","harpachne.schimperi",NA,"MW","N","20090616"
"4D","1st","","microchloa.kunthii",NA,"MW","N","20090616"
"4D","1st","","panicum.astrosanguinum",NA,"MW","N","20090616"
"4D","1st","","setaria.acromelaena..small.",NA,"MW","N","20090616"
"4D","1st","","setaria.sphaecealata..big.",NA,"MW","N","20090616"
"4D","1st","","sporobolus.pyramidalis",NA,"MW","N","20090616"
"4D","1st","","tragus.berteronianus",NA,"MW","N","20090616"
"4D","1st","","x_3",NA,"MW","N","20090616"
"4D","1st","","acalypha.crenata",NA,"MW","N","20090616"
"4D","1st","","aerva.lanata",NA,"MW","N","20090616"
"4D","1st","","amaranthus.hibridus",NA,"MW","N","20090616"
"4D","1st","","aspilia.pluriseta",NA,"MW","N","20090616"
"4D","1st","","asterolinon.adoense..v.",NA,"MW","N","20090616"
"4D","1st","","caralluma.acutangula",NA,"MW","N","20090616"
"4D","1st","","chenopodium.opulifolium",NA,"MW","N","20090616"
"4D","1st","","chenopodium.schraderianum",NA,"MW","N","20090616"
"4D","1st","","commelina.spp",NA,"MW","N","20090616"
"4D","1st","","commicarpus.pedunculosus",NA,"MW","N","20090616"
"4D","1st","","conyza.sp",NA,"MW","N","20090616"
"4D","1st","","corchorus.sp",NA,"MW","N","20090616"
"4D","1st","","crotelaria.sp",NA,"MW","N","20090616"
"4D","1st","","cyathula.orthacantha",NA,"MW","N","20090616"
"4D","1st","","dyscoriste.radicans",NA,"MW","N","20090616"
"4D","1st","","euphorbia.inaequilatera",NA,"MW","N","20090616"
"4D","1st","","evolvulus.alsinoides",NA,"MW","N","20090616"
"4D","1st","","fern",NA,"MW","N","20090616"
"4D","1st","","gutenbergia.sp",NA,"MW","N","20090616"
"4D","1st","","hermannia.uhligii",NA,"MW","N","20090616"
"4D","1st","","hibiscus.flavifolius",NA,"MW","N","20090616"
"4D","1st","","hibiscus.trionum",NA,"MW","N","20090616"
"4D","1st","","indigofera.brevicalyx",NA,"MW","N","20090616"
"4D","1st","","indigofera.schimperi",NA,"MW","N","20090616"
"4D","1st","","ipomea.sinensis",NA,"MW","N","20090616"
"4D","1st","","justicia.dichipteroides",NA,"MW","N","20090616"
"4D","1st","","k",NA,"MW","N","20090616"
"4D","1st","","kyllinga.sp",NA,"MW","N","20090616"
"4D","1st","","leucas.glabrata",NA,"MW","N","20090616"
"4D","1st","","leucas.martiniscensis",NA,"MW","N","20090616"
"4D","1st","","lily.a",NA,"MW","N","20090616"
"4D","1st","","lily.b",NA,"MW","N","20090616"
"4D","1st","","lippia.javanica",NA,"MW","N","20090616"
"4D","1st","","melhania.spp.",NA,"MW","N","20090616"
"4D","1st","","misopates.orontium",NA,"MW","N","20090616"
"4D","1st","","mollugo.nudicaulis",NA,"MW","N","20090616"
"4D","1st","","monechima.debile",NA,"MW","N","20090616"
"4D","1st","","monsonia.augustifolia",NA,"MW","N","20090616"
"4D","1st","","ocimum.sp",NA,"MW","N","20090616"
"4D","1st","","osteospermum.vaillantii",NA,"MW","N","20090616"
"4D","1st","","oxygonum.sinuatum",NA,"MW","N","20090616"
"4D","1st","","pavonia.patens",NA,"MW","N","20090616"
"4D","1st","","pelargonium.alchemilloides",NA,"MW","N","20090616"
"4D","1st","","pentanisia.ouranogyne",NA,"MW","N","20090616"
"4D","1st","","phyllanthus.maderaspatensis",NA,"MW","N","20090616"
"4D","1st","","plectranthus.spp",NA,"MW","N","20090616"
"4D","1st","","pollichia.campestris",NA,"MW","N","20090616"
"4D","1st","","polygala..l.",NA,"MW","N","20090616"
"4D","1st","","polygala.sphenoptera",NA,"MW","N","20090616"
"4D","1st","","portulaca.oleracea",NA,"MW","N","20090616"
"4D","1st","","portulaca.quadrifida",NA,"MW","N","20090616"
"4D","1st","","pseudognaphalium..helichrysum.glumaceum.",3,"MW","N","20090616"
"4D","1st","","psilotrichum.schimperi",NA,"MW","N","20090616"
"4D","1st","","rhinacanthus.ndorensis",NA,"MW","N","20090616"
"4D","1st","","rhynchosia.holstii",NA,"MW","N","20090616"
"4D","1st","","schkuhria.pinnata",NA,"MW","N","20090616"
"4D","1st","","sida.2",NA,"MW","N","20090616"
"4D","1st","","sida.cuneifolia",NA,"MW","N","20090616"
"4D","1st","","solanum.incanum",NA,"MW","N","20090616"
"4D","1st","","solanum.indicum",NA,"MW","N","20090616"
"4D","1st","","tribulus.terrestris",NA,"MW","N","20090616"
"4D","1st","","u",NA,"MW","N","20090616"
"4D","1st","","w",NA,"MW","N","20090616"
"4D","1st","","x_4",NA,"MW","N","20090616"
"4D","1st","","x_5",NA,"MW","N","20090616"
"4D","1st","","x_6",NA,"MW","N","20090616"
"4D","1st","","x_7",NA,"MW","N","20090616"
"4D","1st","","x_8",NA,"MW","N","20090616"
"4B","1st","","bracharia.lacnantha",NA,"MW","N","20090616"
"4B","1st","","lintonia.nutans",NA,"MW","N","20090616"
"4B","1st","","pennisetum.mezianum",NA,"MW","N","20090616"
"4B","1st","","pennisetum.straminium",7,"MW","N","20090616"
"4B","1st","","themeda.triandra",NA,"MW","N","20090616"
"4B","1st","","bare",3,"MW","N","20090616"
"4B","1st","","x_2",NA,"MW","N","20090616"
"4B","1st","","aristida.kenyensis",NA,"MW","N","20090616"
"4B","1st","","bothriochloa.insculpta",NA,"MW","N","20090616"
"4B","1st","","bracharia.3",NA,"MW","N","20090616"
"4B","1st","","bracharia.eruciformis",NA,"MW","N","20090616"
"4B","1st","","chloris.sp",NA,"MW","N","20090616"
"4B","1st","","cynodon.dactylon",NA,"MW","N","20090616"
"4B","1st","","cynodon.plectostachyus",NA,"MW","N","20090616"
"4B","1st","","cyperus...mariscus.spp",NA,"MW","N","20090616"
"4B","1st","","digitaria.2",NA,"MW","N","20090616"
"4B","1st","","digitaria.milanjiana",NA,"MW","N","20090616"
"4B","1st","","dinebra.retroflexa",NA,"MW","N","20090616"
"4B","1st","","eragrostis.tenuifolia",NA,"MW","N","20090616"
"4B","1st","","harpachne.schimperi",NA,"MW","N","20090616"
"4B","1st","","microchloa.kunthii",NA,"MW","N","20090616"
"4B","1st","","panicum.astrosanguinum",NA,"MW","N","20090616"
"4B","1st","","setaria.acromelaena..small.",NA,"MW","N","20090616"
"4B","1st","","setaria.sphaecealata..big.",NA,"MW","N","20090616"
"4B","1st","","sporobolus.pyramidalis",NA,"MW","N","20090616"
"4B","1st","","tragus.berteronianus",NA,"MW","N","20090616"
"4B","1st","","x_3",NA,"MW","N","20090616"
"4B","1st","","acalypha.crenata",NA,"MW","N","20090616"
"4B","1st","","aerva.lanata",NA,"MW","N","20090616"
"4B","1st","","amaranthus.hibridus",NA,"MW","N","20090616"
"4B","1st","","aspilia.pluriseta",NA,"MW","N","20090616"
"4B","1st","","asterolinon.adoense..v.",NA,"MW","N","20090616"
"4B","1st","","caralluma.acutangula",NA,"MW","N","20090616"
"4B","1st","","chenopodium.opulifolium",NA,"MW","N","20090616"
"4B","1st","","chenopodium.schraderianum",NA,"MW","N","20090616"
"4B","1st","","commelina.spp",NA,"MW","N","20090616"
"4B","1st","","commicarpus.pedunculosus",NA,"MW","N","20090616"
"4B","1st","","conyza.sp",NA,"MW","N","20090616"
"4B","1st","","corchorus.sp",NA,"MW","N","20090616"
"4B","1st","","crotelaria.sp",NA,"MW","N","20090616"
"4B","1st","","cyathula.orthacantha",NA,"MW","N","20090616"
"4B","1st","","dyscoriste.radicans",NA,"MW","N","20090616"
"4B","1st","","euphorbia.inaequilatera",NA,"MW","N","20090616"
"4B","1st","","evolvulus.alsinoides",NA,"MW","N","20090616"
"4B","1st","","fern",NA,"MW","N","20090616"
"4B","1st","","gutenbergia.sp",NA,"MW","N","20090616"
"4B","1st","","hermannia.uhligii",NA,"MW","N","20090616"
"4B","1st","","hibiscus.flavifolius",NA,"MW","N","20090616"
"4B","1st","","hibiscus.trionum",NA,"MW","N","20090616"
"4B","1st","","indigofera.brevicalyx",NA,"MW","N","20090616"
"4B","1st","","indigofera.schimperi",NA,"MW","N","20090616"
"4B","1st","","ipomea.sinensis",NA,"MW","N","20090616"
"4B","1st","","justicia.dichipteroides",NA,"MW","N","20090616"
"4B","1st","","k",NA,"MW","N","20090616"
"4B","1st","","kyllinga.sp",NA,"MW","N","20090616"
"4B","1st","","leucas.glabrata",NA,"MW","N","20090616"
"4B","1st","","leucas.martiniscensis",NA,"MW","N","20090616"
"4B","1st","","lily.a",NA,"MW","N","20090616"
"4B","1st","","lily.b",NA,"MW","N","20090616"
"4B","1st","","lippia.javanica",NA,"MW","N","20090616"
"4B","1st","","melhania.spp.",NA,"MW","N","20090616"
"4B","1st","","misopates.orontium",NA,"MW","N","20090616"
"4B","1st","","mollugo.nudicaulis",NA,"MW","N","20090616"
"4B","1st","","monechima.debile",NA,"MW","N","20090616"
"4B","1st","","monsonia.augustifolia",NA,"MW","N","20090616"
"4B","1st","","ocimum.sp",NA,"MW","N","20090616"
"4B","1st","","osteospermum.vaillantii",NA,"MW","N","20090616"
"4B","1st","","oxygonum.sinuatum",NA,"MW","N","20090616"
"4B","1st","","pavonia.patens",NA,"MW","N","20090616"
"4B","1st","","pelargonium.alchemilloides",NA,"MW","N","20090616"
"4B","1st","","pentanisia.ouranogyne",NA,"MW","N","20090616"
"4B","1st","","phyllanthus.maderaspatensis",NA,"MW","N","20090616"
"4B","1st","","plectranthus.spp",NA,"MW","N","20090616"
"4B","1st","","pollichia.campestris",NA,"MW","N","20090616"
"4B","1st","","polygala..l.",NA,"MW","N","20090616"
"4B","1st","","polygala.sphenoptera",NA,"MW","N","20090616"
"4B","1st","","portulaca.oleracea",NA,"MW","N","20090616"
"4B","1st","","portulaca.quadrifida",NA,"MW","N","20090616"
"4B","1st","","pseudognaphalium..helichrysum.glumaceum.",NA,"MW","N","20090616"
"4B","1st","","psilotrichum.schimperi",NA,"MW","N","20090616"
"4B","1st","","rhinacanthus.ndorensis",NA,"MW","N","20090616"
"4B","1st","","rhynchosia.holstii",NA,"MW","N","20090616"
"4B","1st","","schkuhria.pinnata",NA,"MW","N","20090616"
"4B","1st","","sida.2",NA,"MW","N","20090616"
"4B","1st","","sida.cuneifolia",NA,"MW","N","20090616"
"4B","1st","","solanum.incanum",NA,"MW","N","20090616"
"4B","1st","","solanum.indicum",NA,"MW","N","20090616"
"4B","1st","","tribulus.terrestris",NA,"MW","N","20090616"
"4B","1st","","u",NA,"MW","N","20090616"
"4B","1st","","w",NA,"MW","N","20090616"
"4B","1st","","x_4",NA,"MW","N","20090616"
"4B","1st","","x_5",NA,"MW","N","20090616"
"4B","1st","","x_6",NA,"MW","N","20090616"
"4B","1st","","x_7",NA,"MW","N","20090616"
"4B","1st","","x_8",NA,"MW","N","20090616"
"5A","1st","","bracharia.lacnantha",NA,"MW","N","20090616"
"5A","1st","","lintonia.nutans",NA,"MW","N","20090616"
"5A","1st","","pennisetum.mezianum",NA,"MW","N","20090616"
"5A","1st","","pennisetum.straminium",NA,"MW","N","20090616"
"5A","1st","","themeda.triandra",NA,"MW","N","20090616"
"5A","1st","","bare",NA,"MW","N","20090616"
"5A","1st","","x_2",NA,"MW","N","20090616"
"5A","1st","","aristida.kenyensis",NA,"MW","N","20090616"
"5A","1st","","bothriochloa.insculpta",NA,"MW","N","20090616"
"5A","1st","","bracharia.3",NA,"MW","N","20090616"
"5A","1st","","bracharia.eruciformis",NA,"MW","N","20090616"
"5A","1st","","chloris.sp",NA,"MW","N","20090616"
"5A","1st","","cynodon.dactylon",NA,"MW","N","20090616"
"5A","1st","","cynodon.plectostachyus",NA,"MW","N","20090616"
"5A","1st","","cyperus...mariscus.spp",NA,"MW","N","20090616"
"5A","1st","","digitaria.2",NA,"MW","N","20090616"
"5A","1st","","digitaria.milanjiana",NA,"MW","N","20090616"
"5A","1st","","dinebra.retroflexa",NA,"MW","N","20090616"
"5A","1st","","eragrostis.tenuifolia",NA,"MW","N","20090616"
"5A","1st","","harpachne.schimperi",NA,"MW","N","20090616"
"5A","1st","","microchloa.kunthii",NA,"MW","N","20090616"
"5A","1st","","panicum.astrosanguinum",NA,"MW","N","20090616"
"5A","1st","","setaria.acromelaena..small.",NA,"MW","N","20090616"
"5A","1st","","setaria.sphaecealata..big.",NA,"MW","N","20090616"
"5A","1st","","sporobolus.pyramidalis",NA,"MW","N","20090616"
"5A","1st","","tragus.berteronianus",NA,"MW","N","20090616"
"5A","1st","","x_3",NA,"MW","N","20090616"
"5A","1st","","acalypha.crenata",NA,"MW","N","20090616"
"5A","1st","","aerva.lanata",NA,"MW","N","20090616"
"5A","1st","","amaranthus.hibridus",NA,"MW","N","20090616"
"5A","1st","","aspilia.pluriseta",NA,"MW","N","20090616"
"5A","1st","","asterolinon.adoense..v.",NA,"MW","N","20090616"
"5A","1st","","caralluma.acutangula",NA,"MW","N","20090616"
"5A","1st","","chenopodium.opulifolium",NA,"MW","N","20090616"
"5A","1st","","chenopodium.schraderianum",NA,"MW","N","20090616"
"5A","1st","","commelina.spp",1,"MW","N","20090616"
"5A","1st","","commicarpus.pedunculosus",NA,"MW","N","20090616"
"5A","1st","","conyza.sp",NA,"MW","N","20090616"
"5A","1st","","corchorus.sp",NA,"MW","N","20090616"
"5A","1st","","crotelaria.sp",NA,"MW","N","20090616"
"5A","1st","","cyathula.orthacantha",NA,"MW","N","20090616"
"5A","1st","","dyscoriste.radicans",NA,"MW","N","20090616"
"5A","1st","","euphorbia.inaequilatera",NA,"MW","N","20090616"
"5A","1st","","evolvulus.alsinoides",NA,"MW","N","20090616"
"5A","1st","","fern",NA,"MW","N","20090616"
"5A","1st","","gutenbergia.sp",NA,"MW","N","20090616"
"5A","1st","","hermannia.uhligii",NA,"MW","N","20090616"
"5A","1st","","hibiscus.flavifolius",NA,"MW","N","20090616"
"5A","1st","","hibiscus.trionum",NA,"MW","N","20090616"
"5A","1st","","indigofera.brevicalyx",NA,"MW","N","20090616"
"5A","1st","","indigofera.schimperi",NA,"MW","N","20090616"
"5A","1st","","ipomea.sinensis",NA,"MW","N","20090616"
"5A","1st","","justicia.dichipteroides",NA,"MW","N","20090616"
"5A","1st","","k",NA,"MW","N","20090616"
"5A","1st","","kyllinga.sp",NA,"MW","N","20090616"
"5A","1st","","leucas.glabrata",NA,"MW","N","20090616"
"5A","1st","","leucas.martiniscensis",NA,"MW","N","20090616"
"5A","1st","","lily.a",NA,"MW","N","20090616"
"5A","1st","","lily.b",NA,"MW","N","20090616"
"5A","1st","","lippia.javanica",NA,"MW","N","20090616"
"5A","1st","","melhania.spp.",NA,"MW","N","20090616"
"5A","1st","","misopates.orontium",NA,"MW","N","20090616"
"5A","1st","","mollugo.nudicaulis",NA,"MW","N","20090616"
"5A","1st","","monechima.debile",NA,"MW","N","20090616"
"5A","1st","","monsonia.augustifolia",NA,"MW","N","20090616"
"5A","1st","","ocimum.sp",NA,"MW","N","20090616"
"5A","1st","","osteospermum.vaillantii",NA,"MW","N","20090616"
"5A","1st","","oxygonum.sinuatum",NA,"MW","N","20090616"
"5A","1st","","pavonia.patens",NA,"MW","N","20090616"
"5A","1st","","pelargonium.alchemilloides",NA,"MW","N","20090616"
"5A","1st","","pentanisia.ouranogyne",NA,"MW","N","20090616"
"5A","1st","","phyllanthus.maderaspatensis",NA,"MW","N","20090616"
"5A","1st","","plectranthus.spp",NA,"MW","N","20090616"
"5A","1st","","pollichia.campestris",NA,"MW","N","20090616"
"5A","1st","","polygala..l.",NA,"MW","N","20090616"
"5A","1st","","polygala.sphenoptera",NA,"MW","N","20090616"
"5A","1st","","portulaca.oleracea",NA,"MW","N","20090616"
"5A","1st","","portulaca.quadrifida",NA,"MW","N","20090616"
"5A","1st","","pseudognaphalium..helichrysum.glumaceum.",NA,"MW","N","20090616"
"5A","1st","","psilotrichum.schimperi",NA,"MW","N","20090616"
"5A","1st","","rhinacanthus.ndorensis",NA,"MW","N","20090616"
"5A","1st","","rhynchosia.holstii",NA,"MW","N","20090616"
"5A","1st","","schkuhria.pinnata",NA,"MW","N","20090616"
"5A","1st","","sida.2",NA,"MW","N","20090616"
"5A","1st","","sida.cuneifolia",NA,"MW","N","20090616"
"5A","1st","","solanum.incanum",NA,"MW","N","20090616"
"5A","1st","","solanum.indicum",NA,"MW","N","20090616"
"5A","1st","","tribulus.terrestris",NA,"MW","N","20090616"
"5A","1st","","u",NA,"MW","N","20090616"
"5A","1st","","w",NA,"MW","N","20090616"
"5A","1st","","x_4",NA,"MW","N","20090616"
"5A","1st","","x_5",NA,"MW","N","20090616"
"5A","1st","","x_6",NA,"MW","N","20090616"
"5A","1st","","x_7",NA,"MW","N","20090616"
"5A","1st","","x_8",NA,"MW","N","20090616"
"5C","1st","","bracharia.lacnantha",NA,"MW","N","20090616"
"5C","1st","","lintonia.nutans",NA,"MW","N","20090616"
"5C","1st","","pennisetum.mezianum",NA,"MW","N","20090616"
"5C","1st","","pennisetum.straminium",NA,"MW","N","20090616"
"5C","1st","","themeda.triandra",NA,"MW","N","20090616"
"5C","1st","","bare",3,"MW","N","20090616"
"5C","1st","","x_2",NA,"MW","N","20090616"
"5C","1st","","aristida.kenyensis",NA,"MW","N","20090616"
"5C","1st","","bothriochloa.insculpta",NA,"MW","N","20090616"
"5C","1st","","bracharia.3",NA,"MW","N","20090616"
"5C","1st","","bracharia.eruciformis",NA,"MW","N","20090616"
"5C","1st","","chloris.sp",NA,"MW","N","20090616"
"5C","1st","","cynodon.dactylon",NA,"MW","N","20090616"
"5C","1st","","cynodon.plectostachyus",NA,"MW","N","20090616"
"5C","1st","","cyperus...mariscus.spp",NA,"MW","N","20090616"
"5C","1st","","digitaria.2",NA,"MW","N","20090616"
"5C","1st","","digitaria.milanjiana",NA,"MW","N","20090616"
"5C","1st","","dinebra.retroflexa",NA,"MW","N","20090616"
"5C","1st","","eragrostis.tenuifolia",NA,"MW","N","20090616"
"5C","1st","","harpachne.schimperi",NA,"MW","N","20090616"
"5C","1st","","microchloa.kunthii",NA,"MW","N","20090616"
"5C","1st","","panicum.astrosanguinum",NA,"MW","N","20090616"
"5C","1st","","setaria.acromelaena..small.",NA,"MW","N","20090616"
"5C","1st","","setaria.sphaecealata..big.",NA,"MW","N","20090616"
"5C","1st","","sporobolus.pyramidalis",NA,"MW","N","20090616"
"5C","1st","","tragus.berteronianus",NA,"MW","N","20090616"
"5C","1st","","x_3",NA,"MW","N","20090616"
"5C","1st","","acalypha.crenata",NA,"MW","N","20090616"
"5C","1st","","aerva.lanata",NA,"MW","N","20090616"
"5C","1st","","amaranthus.hibridus",NA,"MW","N","20090616"
"5C","1st","","aspilia.pluriseta",NA,"MW","N","20090616"
"5C","1st","","asterolinon.adoense..v.",NA,"MW","N","20090616"
"5C","1st","","caralluma.acutangula",NA,"MW","N","20090616"
"5C","1st","","chenopodium.opulifolium",NA,"MW","N","20090616"
"5C","1st","","chenopodium.schraderianum",NA,"MW","N","20090616"
"5C","1st","","commelina.spp",NA,"MW","N","20090616"
"5C","1st","","commicarpus.pedunculosus",NA,"MW","N","20090616"
"5C","1st","","conyza.sp",NA,"MW","N","20090616"
"5C","1st","","corchorus.sp",NA,"MW","N","20090616"
"5C","1st","","crotelaria.sp",NA,"MW","N","20090616"
"5C","1st","","cyathula.orthacantha",NA,"MW","N","20090616"
"5C","1st","","dyscoriste.radicans",NA,"MW","N","20090616"
"5C","1st","","euphorbia.inaequilatera",NA,"MW","N","20090616"
"5C","1st","","evolvulus.alsinoides",NA,"MW","N","20090616"
"5C","1st","","fern",NA,"MW","N","20090616"
"5C","1st","","gutenbergia.sp",NA,"MW","N","20090616"
"5C","1st","","hermannia.uhligii",NA,"MW","N","20090616"
"5C","1st","","hibiscus.flavifolius",NA,"MW","N","20090616"
"5C","1st","","hibiscus.trionum",NA,"MW","N","20090616"
"5C","1st","","indigofera.brevicalyx",NA,"MW","N","20090616"
"5C","1st","","indigofera.schimperi",NA,"MW","N","20090616"
"5C","1st","","ipomea.sinensis",NA,"MW","N","20090616"
"5C","1st","","justicia.dichipteroides",NA,"MW","N","20090616"
"5C","1st","","k",NA,"MW","N","20090616"
"5C","1st","","kyllinga.sp",NA,"MW","N","20090616"
"5C","1st","","leucas.glabrata",NA,"MW","N","20090616"
"5C","1st","","leucas.martiniscensis",NA,"MW","N","20090616"
"5C","1st","","lily.a",NA,"MW","N","20090616"
"5C","1st","","lily.b",NA,"MW","N","20090616"
"5C","1st","","lippia.javanica",NA,"MW","N","20090616"
"5C","1st","","melhania.spp.",NA,"MW","N","20090616"
"5C","1st","","misopates.orontium",NA,"MW","N","20090616"
"5C","1st","","mollugo.nudicaulis",NA,"MW","N","20090616"
"5C","1st","","monechima.debile",NA,"MW","N","20090616"
"5C","1st","","monsonia.augustifolia",NA,"MW","N","20090616"
"5C","1st","","ocimum.sp",NA,"MW","N","20090616"
"5C","1st","","osteospermum.vaillantii",NA,"MW","N","20090616"
"5C","1st","","oxygonum.sinuatum",NA,"MW","N","20090616"
"5C","1st","","pavonia.patens",NA,"MW","N","20090616"
"5C","1st","","pelargonium.alchemilloides",NA,"MW","N","20090616"
"5C","1st","","pentanisia.ouranogyne",NA,"MW","N","20090616"
"5C","1st","","phyllanthus.maderaspatensis",NA,"MW","N","20090616"
"5C","1st","","plectranthus.spp",NA,"MW","N","20090616"
"5C","1st","","pollichia.campestris",NA,"MW","N","20090616"
"5C","1st","","polygala..l.",NA,"MW","N","20090616"
"5C","1st","","polygala.sphenoptera",NA,"MW","N","20090616"
"5C","1st","","portulaca.oleracea",NA,"MW","N","20090616"
"5C","1st","","portulaca.quadrifida",NA,"MW","N","20090616"
"5C","1st","","pseudognaphalium..helichrysum.glumaceum.",3,"MW","N","20090616"
"5C","1st","","psilotrichum.schimperi",NA,"MW","N","20090616"
"5C","1st","","rhinacanthus.ndorensis",NA,"MW","N","20090616"
"5C","1st","","rhynchosia.holstii",NA,"MW","N","20090616"
"5C","1st","","schkuhria.pinnata",NA,"MW","N","20090616"
"5C","1st","","sida.2",NA,"MW","N","20090616"
"5C","1st","","sida.cuneifolia",NA,"MW","N","20090616"
"5C","1st","","solanum.incanum",NA,"MW","N","20090616"
"5C","1st","","solanum.indicum",NA,"MW","N","20090616"
"5C","1st","","tribulus.terrestris",NA,"MW","N","20090616"
"5C","1st","","u",NA,"MW","N","20090616"
"5C","1st","","w",NA,"MW","N","20090616"
"5C","1st","","x_4",NA,"MW","N","20090616"
"5C","1st","","x_5",NA,"MW","N","20090616"
"5C","1st","","x_6",NA,"MW","N","20090616"
"5C","1st","","x_7",NA,"MW","N","20090616"
"5C","1st","","x_8",NA,"MW","N","20090616"
"5E","1st","","bracharia.lacnantha",NA,"MW","N","20090616"
"5E","1st","","lintonia.nutans",NA,"MW","N","20090616"
"5E","1st","","pennisetum.mezianum",NA,"MW","N","20090616"
"5E","1st","","pennisetum.straminium",NA,"MW","N","20090616"
"5E","1st","","themeda.triandra",NA,"MW","N","20090616"
"5E","1st","","bare",NA,"MW","N","20090616"
"5E","1st","","x_2",NA,"MW","N","20090616"
"5E","1st","","aristida.kenyensis",NA,"MW","N","20090616"
"5E","1st","","bothriochloa.insculpta",2,"MW","N","20090616"
"5E","1st","","bracharia.3",NA,"MW","N","20090616"
"5E","1st","","bracharia.eruciformis",NA,"MW","N","20090616"
"5E","1st","","chloris.sp",NA,"MW","N","20090616"
"5E","1st","","cynodon.dactylon",NA,"MW","N","20090616"
"5E","1st","","cynodon.plectostachyus",NA,"MW","N","20090616"
"5E","1st","","cyperus...mariscus.spp",NA,"MW","N","20090616"
"5E","1st","","digitaria.2",NA,"MW","N","20090616"
"5E","1st","","digitaria.milanjiana",NA,"MW","N","20090616"
"5E","1st","","dinebra.retroflexa",NA,"MW","N","20090616"
"5E","1st","","eragrostis.tenuifolia",NA,"MW","N","20090616"
"5E","1st","","harpachne.schimperi",NA,"MW","N","20090616"
"5E","1st","","microchloa.kunthii",NA,"MW","N","20090616"
"5E","1st","","panicum.astrosanguinum",NA,"MW","N","20090616"
"5E","1st","","setaria.acromelaena..small.",NA,"MW","N","20090616"
"5E","1st","","setaria.sphaecealata..big.",NA,"MW","N","20090616"
"5E","1st","","sporobolus.pyramidalis",NA,"MW","N","20090616"
"5E","1st","","tragus.berteronianus",NA,"MW","N","20090616"
"5E","1st","","x_3",NA,"MW","N","20090616"
"5E","1st","","acalypha.crenata",NA,"MW","N","20090616"
"5E","1st","","aerva.lanata",NA,"MW","N","20090616"
"5E","1st","","amaranthus.hibridus",NA,"MW","N","20090616"
"5E","1st","","aspilia.pluriseta",NA,"MW","N","20090616"
"5E","1st","","asterolinon.adoense..v.",NA,"MW","N","20090616"
"5E","1st","","caralluma.acutangula",NA,"MW","N","20090616"
"5E","1st","","chenopodium.opulifolium",NA,"MW","N","20090616"
"5E","1st","","chenopodium.schraderianum",NA,"MW","N","20090616"
"5E","1st","","commelina.spp",1,"MW","N","20090616"
"5E","1st","","commicarpus.pedunculosus",NA,"MW","N","20090616"
"5E","1st","","conyza.sp",NA,"MW","N","20090616"
"5E","1st","","corchorus.sp",NA,"MW","N","20090616"
"5E","1st","","crotelaria.sp",NA,"MW","N","20090616"
"5E","1st","","cyathula.orthacantha",NA,"MW","N","20090616"
"5E","1st","","dyscoriste.radicans",NA,"MW","N","20090616"
"5E","1st","","euphorbia.inaequilatera",NA,"MW","N","20090616"
"5E","1st","","evolvulus.alsinoides",NA,"MW","N","20090616"
"5E","1st","","fern",NA,"MW","N","20090616"
"5E","1st","","gutenbergia.sp",NA,"MW","N","20090616"
"5E","1st","","hermannia.uhligii",NA,"MW","N","20090616"
"5E","1st","","hibiscus.flavifolius",NA,"MW","N","20090616"
"5E","1st","","hibiscus.trionum",NA,"MW","N","20090616"
"5E","1st","","indigofera.brevicalyx",NA,"MW","N","20090616"
"5E","1st","","indigofera.schimperi",NA,"MW","N","20090616"
"5E","1st","","ipomea.sinensis",NA,"MW","N","20090616"
"5E","1st","","justicia.dichipteroides",NA,"MW","N","20090616"
"5E","1st","","k",NA,"MW","N","20090616"
"5E","1st","","kyllinga.sp",NA,"MW","N","20090616"
"5E","1st","","leucas.glabrata",NA,"MW","N","20090616"
"5E","1st","","leucas.martiniscensis",NA,"MW","N","20090616"
"5E","1st","","lily.a",NA,"MW","N","20090616"
"5E","1st","","lily.b",NA,"MW","N","20090616"
"5E","1st","","lippia.javanica",NA,"MW","N","20090616"
"5E","1st","","melhania.spp.",NA,"MW","N","20090616"
"5E","1st","","misopates.orontium",NA,"MW","N","20090616"
"5E","1st","","mollugo.nudicaulis",NA,"MW","N","20090616"
"5E","1st","","monechima.debile",NA,"MW","N","20090616"
"5E","1st","","monsonia.augustifolia",NA,"MW","N","20090616"
"5E","1st","","ocimum.sp",NA,"MW","N","20090616"
"5E","1st","","osteospermum.vaillantii",NA,"MW","N","20090616"
"5E","1st","","oxygonum.sinuatum",NA,"MW","N","20090616"
"5E","1st","","pavonia.patens",NA,"MW","N","20090616"
"5E","1st","","pelargonium.alchemilloides",NA,"MW","N","20090616"
"5E","1st","","pentanisia.ouranogyne",NA,"MW","N","20090616"
"5E","1st","","phyllanthus.maderaspatensis",NA,"MW","N","20090616"
"5E","1st","","plectranthus.spp",NA,"MW","N","20090616"
"5E","1st","","pollichia.campestris",NA,"MW","N","20090616"
"5E","1st","","polygala..l.",NA,"MW","N","20090616"
"5E","1st","","polygala.sphenoptera",NA,"MW","N","20090616"
"5E","1st","","portulaca.oleracea",NA,"MW","N","20090616"
"5E","1st","","portulaca.quadrifida",NA,"MW","N","20090616"
"5E","1st","","pseudognaphalium..helichrysum.glumaceum.",NA,"MW","N","20090616"
"5E","1st","","psilotrichum.schimperi",NA,"MW","N","20090616"
"5E","1st","","rhinacanthus.ndorensis",NA,"MW","N","20090616"
"5E","1st","","rhynchosia.holstii",NA,"MW","N","20090616"
"5E","1st","","schkuhria.pinnata",NA,"MW","N","20090616"
"5E","1st","","sida.2",NA,"MW","N","20090616"
"5E","1st","","sida.cuneifolia",NA,"MW","N","20090616"
"5E","1st","","solanum.incanum",NA,"MW","N","20090616"
"5E","1st","","solanum.indicum",NA,"MW","N","20090616"
"5E","1st","","tribulus.terrestris",NA,"MW","N","20090616"
"5E","1st","","u",NA,"MW","N","20090616"
"5E","1st","","w",NA,"MW","N","20090616"
"5E","1st","","x_4",NA,"MW","N","20090616"
"5E","1st","","x_5",NA,"MW","N","20090616"
"5E","1st","","x_6",NA,"MW","N","20090616"
"5E","1st","","x_7",NA,"MW","N","20090616"
"5E","1st","","x_8",NA,"MW","N","20090616"
"5G","1st","","bracharia.lacnantha",NA,"MW","N","20090616"
"5G","1st","","lintonia.nutans",NA,"MW","N","20090616"
"5G","1st","","pennisetum.mezianum",NA,"MW","N","20090616"
"5G","1st","","pennisetum.straminium",NA,"MW","N","20090616"
"5G","1st","","themeda.triandra",NA,"MW","N","20090616"
"5G","1st","","bare",2,"MW","N","20090616"
"5G","1st","","x_2",NA,"MW","N","20090616"
"5G","1st","","aristida.kenyensis",NA,"MW","N","20090616"
"5G","1st","","bothriochloa.insculpta",NA,"MW","N","20090616"
"5G","1st","","bracharia.3",NA,"MW","N","20090616"
"5G","1st","","bracharia.eruciformis",NA,"MW","N","20090616"
"5G","1st","","chloris.sp",NA,"MW","N","20090616"
"5G","1st","","cynodon.dactylon",NA,"MW","N","20090616"
"5G","1st","","cynodon.plectostachyus",NA,"MW","N","20090616"
"5G","1st","","cyperus...mariscus.spp",NA,"MW","N","20090616"
"5G","1st","","digitaria.2",NA,"MW","N","20090616"
"5G","1st","","digitaria.milanjiana",NA,"MW","N","20090616"
"5G","1st","","dinebra.retroflexa",NA,"MW","N","20090616"
"5G","1st","","eragrostis.tenuifolia",NA,"MW","N","20090616"
"5G","1st","","harpachne.schimperi",NA,"MW","N","20090616"
"5G","1st","","microchloa.kunthii",NA,"MW","N","20090616"
"5G","1st","","panicum.astrosanguinum",NA,"MW","N","20090616"
"5G","1st","","setaria.acromelaena..small.",NA,"MW","N","20090616"
"5G","1st","","setaria.sphaecealata..big.",NA,"MW","N","20090616"
"5G","1st","","sporobolus.pyramidalis",NA,"MW","N","20090616"
"5G","1st","","tragus.berteronianus",NA,"MW","N","20090616"
"5G","1st","","x_3",NA,"MW","N","20090616"
"5G","1st","","acalypha.crenata",NA,"MW","N","20090616"
"5G","1st","","aerva.lanata",NA,"MW","N","20090616"
"5G","1st","","amaranthus.hibridus",NA,"MW","N","20090616"
"5G","1st","","aspilia.pluriseta",NA,"MW","N","20090616"
"5G","1st","","asterolinon.adoense..v.",NA,"MW","N","20090616"
"5G","1st","","caralluma.acutangula",NA,"MW","N","20090616"
"5G","1st","","chenopodium.opulifolium",NA,"MW","N","20090616"
"5G","1st","","chenopodium.schraderianum",NA,"MW","N","20090616"
"5G","1st","","commelina.spp",NA,"MW","N","20090616"
"5G","1st","","commicarpus.pedunculosus",NA,"MW","N","20090616"
"5G","1st","","conyza.sp",NA,"MW","N","20090616"
"5G","1st","","corchorus.sp",NA,"MW","N","20090616"
"5G","1st","","crotelaria.sp",NA,"MW","N","20090616"
"5G","1st","","cyathula.orthacantha",NA,"MW","N","20090616"
"5G","1st","","dyscoriste.radicans",NA,"MW","N","20090616"
"5G","1st","","euphorbia.inaequilatera",NA,"MW","N","20090616"
"5G","1st","","evolvulus.alsinoides",NA,"MW","N","20090616"
"5G","1st","","fern",NA,"MW","N","20090616"
"5G","1st","","gutenbergia.sp",NA,"MW","N","20090616"
"5G","1st","","hermannia.uhligii",NA,"MW","N","20090616"
"5G","1st","","hibiscus.flavifolius",NA,"MW","N","20090616"
"5G","1st","","hibiscus.trionum",NA,"MW","N","20090616"
"5G","1st","","indigofera.brevicalyx",NA,"MW","N","20090616"
"5G","1st","","indigofera.schimperi",NA,"MW","N","20090616"
"5G","1st","","ipomea.sinensis",NA,"MW","N","20090616"
"5G","1st","","justicia.dichipteroides",NA,"MW","N","20090616"
"5G","1st","","k",NA,"MW","N","20090616"
"5G","1st","","kyllinga.sp",NA,"MW","N","20090616"
"5G","1st","","leucas.glabrata",NA,"MW","N","20090616"
"5G","1st","","leucas.martiniscensis",NA,"MW","N","20090616"
"5G","1st","","lily.a",NA,"MW","N","20090616"
"5G","1st","","lily.b",NA,"MW","N","20090616"
"5G","1st","","lippia.javanica",NA,"MW","N","20090616"
"5G","1st","","melhania.spp.",NA,"MW","N","20090616"
"5G","1st","","misopates.orontium",NA,"MW","N","20090616"
"5G","1st","","mollugo.nudicaulis",NA,"MW","N","20090616"
"5G","1st","","monechima.debile",NA,"MW","N","20090616"
"5G","1st","","monsonia.augustifolia",NA,"MW","N","20090616"
"5G","1st","","ocimum.sp",NA,"MW","N","20090616"
"5G","1st","","osteospermum.vaillantii",NA,"MW","N","20090616"
"5G","1st","","oxygonum.sinuatum",NA,"MW","N","20090616"
"5G","1st","","pavonia.patens",NA,"MW","N","20090616"
"5G","1st","","pelargonium.alchemilloides",NA,"MW","N","20090616"
"5G","1st","","pentanisia.ouranogyne",NA,"MW","N","20090616"
"5G","1st","","phyllanthus.maderaspatensis",NA,"MW","N","20090616"
"5G","1st","","plectranthus.spp",NA,"MW","N","20090616"
"5G","1st","","pollichia.campestris",NA,"MW","N","20090616"
"5G","1st","","polygala..l.",NA,"MW","N","20090616"
"5G","1st","","polygala.sphenoptera",NA,"MW","N","20090616"
"5G","1st","","portulaca.oleracea",NA,"MW","N","20090616"
"5G","1st","","portulaca.quadrifida",NA,"MW","N","20090616"
"5G","1st","","pseudognaphalium..helichrysum.glumaceum.",NA,"MW","N","20090616"
"5G","1st","","psilotrichum.schimperi",NA,"MW","N","20090616"
"5G","1st","","rhinacanthus.ndorensis",NA,"MW","N","20090616"
"5G","1st","","rhynchosia.holstii",NA,"MW","N","20090616"
"5G","1st","","schkuhria.pinnata",NA,"MW","N","20090616"
"5G","1st","","sida.2",NA,"MW","N","20090616"
"5G","1st","","sida.cuneifolia",NA,"MW","N","20090616"
"5G","1st","","solanum.incanum",NA,"MW","N","20090616"
"5G","1st","","solanum.indicum",NA,"MW","N","20090616"
"5G","1st","","tribulus.terrestris",NA,"MW","N","20090616"
"5G","1st","","u",NA,"MW","N","20090616"
"5G","1st","","w",NA,"MW","N","20090616"
"5G","1st","","x_4",NA,"MW","N","20090616"
"5G","1st","","x_5",NA,"MW","N","20090616"
"5G","1st","","x_6",NA,"MW","N","20090616"
"5G","1st","","x_7",NA,"MW","N","20090616"
"5G","1st","","x_8",NA,"MW","N","20090616"
"5I","1st","","bracharia.lacnantha",NA,"MW","N","20090616"
"5I","1st","","lintonia.nutans",NA,"MW","N","20090616"
"5I","1st","","pennisetum.mezianum",NA,"MW","N","20090616"
"5I","1st","","pennisetum.straminium",NA,"MW","N","20090616"
"5I","1st","","themeda.triandra",NA,"MW","N","20090616"
"5I","1st","","bare",5,"MW","N","20090616"
"5I","1st","","x_2",NA,"MW","N","20090616"
"5I","1st","","aristida.kenyensis",NA,"MW","N","20090616"
"5I","1st","","bothriochloa.insculpta",NA,"MW","N","20090616"
"5I","1st","","bracharia.3",NA,"MW","N","20090616"
"5I","1st","","bracharia.eruciformis",NA,"MW","N","20090616"
"5I","1st","","chloris.sp",NA,"MW","N","20090616"
"5I","1st","","cynodon.dactylon",NA,"MW","N","20090616"
"5I","1st","","cynodon.plectostachyus",NA,"MW","N","20090616"
"5I","1st","","cyperus...mariscus.spp",NA,"MW","N","20090616"
"5I","1st","","digitaria.2",NA,"MW","N","20090616"
"5I","1st","","digitaria.milanjiana",NA,"MW","N","20090616"
"5I","1st","","dinebra.retroflexa",NA,"MW","N","20090616"
"5I","1st","","eragrostis.tenuifolia",NA,"MW","N","20090616"
"5I","1st","","harpachne.schimperi",NA,"MW","N","20090616"
"5I","1st","","microchloa.kunthii",NA,"MW","N","20090616"
"5I","1st","","panicum.astrosanguinum",NA,"MW","N","20090616"
"5I","1st","","setaria.acromelaena..small.",NA,"MW","N","20090616"
"5I","1st","","setaria.sphaecealata..big.",NA,"MW","N","20090616"
"5I","1st","","sporobolus.pyramidalis",NA,"MW","N","20090616"
"5I","1st","","tragus.berteronianus",NA,"MW","N","20090616"
"5I","1st","","x_3",NA,"MW","N","20090616"
"5I","1st","","acalypha.crenata",NA,"MW","N","20090616"
"5I","1st","","aerva.lanata",NA,"MW","N","20090616"
"5I","1st","","amaranthus.hibridus",NA,"MW","N","20090616"
"5I","1st","","aspilia.pluriseta",NA,"MW","N","20090616"
"5I","1st","","asterolinon.adoense..v.",NA,"MW","N","20090616"
"5I","1st","","caralluma.acutangula",NA,"MW","N","20090616"
"5I","1st","","chenopodium.opulifolium",NA,"MW","N","20090616"
"5I","1st","","chenopodium.schraderianum",NA,"MW","N","20090616"
"5I","1st","","commelina.spp",NA,"MW","N","20090616"
"5I","1st","","commicarpus.pedunculosus",NA,"MW","N","20090616"
"5I","1st","","conyza.sp",NA,"MW","N","20090616"
"5I","1st","","corchorus.sp",NA,"MW","N","20090616"
"5I","1st","","crotelaria.sp",NA,"MW","N","20090616"
"5I","1st","","cyathula.orthacantha",NA,"MW","N","20090616"
"5I","1st","","dyscoriste.radicans",NA,"MW","N","20090616"
"5I","1st","","euphorbia.inaequilatera",NA,"MW","N","20090616"
"5I","1st","","evolvulus.alsinoides",NA,"MW","N","20090616"
"5I","1st","","fern",NA,"MW","N","20090616"
"5I","1st","","gutenbergia.sp",NA,"MW","N","20090616"
"5I","1st","","hermannia.uhligii",NA,"MW","N","20090616"
"5I","1st","","hibiscus.flavifolius",NA,"MW","N","20090616"
"5I","1st","","hibiscus.trionum",NA,"MW","N","20090616"
"5I","1st","","indigofera.brevicalyx",NA,"MW","N","20090616"
"5I","1st","","indigofera.schimperi",NA,"MW","N","20090616"
"5I","1st","","ipomea.sinensis",NA,"MW","N","20090616"
"5I","1st","","justicia.dichipteroides",NA,"MW","N","20090616"
"5I","1st","","k",NA,"MW","N","20090616"
"5I","1st","","kyllinga.sp",NA,"MW","N","20090616"
"5I","1st","","leucas.glabrata",NA,"MW","N","20090616"
"5I","1st","","leucas.martiniscensis",NA,"MW","N","20090616"
"5I","1st","","lily.a",NA,"MW","N","20090616"
"5I","1st","","lily.b",NA,"MW","N","20090616"
"5I","1st","","lippia.javanica",NA,"MW","N","20090616"
"5I","1st","","melhania.spp.",NA,"MW","N","20090616"
"5I","1st","","misopates.orontium",NA,"MW","N","20090616"
"5I","1st","","mollugo.nudicaulis",NA,"MW","N","20090616"
"5I","1st","","monechima.debile",NA,"MW","N","20090616"
"5I","1st","","monsonia.augustifolia",NA,"MW","N","20090616"
"5I","1st","","ocimum.sp",NA,"MW","N","20090616"
"5I","1st","","osteospermum.vaillantii",NA,"MW","N","20090616"
"5I","1st","","oxygonum.sinuatum",NA,"MW","N","20090616"
"5I","1st","","pavonia.patens",NA,"MW","N","20090616"
"5I","1st","","pelargonium.alchemilloides",NA,"MW","N","20090616"
"5I","1st","","pentanisia.ouranogyne",NA,"MW","N","20090616"
"5I","1st","","phyllanthus.maderaspatensis",NA,"MW","N","20090616"
"5I","1st","","plectranthus.spp",NA,"MW","N","20090616"
"5I","1st","","pollichia.campestris",NA,"MW","N","20090616"
"5I","1st","","polygala..l.",NA,"MW","N","20090616"
"5I","1st","","polygala.sphenoptera",NA,"MW","N","20090616"
"5I","1st","","portulaca.oleracea",NA,"MW","N","20090616"
"5I","1st","","portulaca.quadrifida",NA,"MW","N","20090616"
"5I","1st","","pseudognaphalium..helichrysum.glumaceum.",NA,"MW","N","20090616"
"5I","1st","","psilotrichum.schimperi",NA,"MW","N","20090616"
"5I","1st","","rhinacanthus.ndorensis",NA,"MW","N","20090616"
"5I","1st","","rhynchosia.holstii",NA,"MW","N","20090616"
"5I","1st","","schkuhria.pinnata",NA,"MW","N","20090616"
"5I","1st","","sida.2",NA,"MW","N","20090616"
"5I","1st","","sida.cuneifolia",NA,"MW","N","20090616"
"5I","1st","","solanum.incanum",NA,"MW","N","20090616"
"5I","1st","","solanum.indicum",NA,"MW","N","20090616"
"5I","1st","","tribulus.terrestris",NA,"MW","N","20090616"
"5I","1st","","u",NA,"MW","N","20090616"
"5I","1st","","w",NA,"MW","N","20090616"
"5I","1st","","x_4",NA,"MW","N","20090616"
"5I","1st","","x_5",NA,"MW","N","20090616"
"5I","1st","","x_6",NA,"MW","N","20090616"
"5I","1st","","x_7",NA,"MW","N","20090616"
"5I","1st","","x_8",NA,"MW","N","20090616"
"6J","1st","","bracharia.lacnantha",5,"MW","N","20090616"
"6J","1st","","lintonia.nutans",2,"MW","N","20090616"
"6J","1st","","pennisetum.mezianum",NA,"MW","N","20090616"
"6J","1st","","pennisetum.straminium",NA,"MW","N","20090616"
"6J","1st","","themeda.triandra",2,"MW","N","20090616"
"6J","1st","","bare",1,"MW","N","20090616"
"6J","1st","","x_2",NA,"MW","N","20090616"
"6J","1st","","aristida.kenyensis",NA,"MW","N","20090616"
"6J","1st","","bothriochloa.insculpta",NA,"MW","N","20090616"
"6J","1st","","bracharia.3",NA,"MW","N","20090616"
"6J","1st","","bracharia.eruciformis",NA,"MW","N","20090616"
"6J","1st","","chloris.sp",NA,"MW","N","20090616"
"6J","1st","","cynodon.dactylon",NA,"MW","N","20090616"
"6J","1st","","cynodon.plectostachyus",NA,"MW","N","20090616"
"6J","1st","","cyperus...mariscus.spp",NA,"MW","N","20090616"
"6J","1st","","digitaria.2",NA,"MW","N","20090616"
"6J","1st","","digitaria.milanjiana",NA,"MW","N","20090616"
"6J","1st","","dinebra.retroflexa",NA,"MW","N","20090616"
"6J","1st","","eragrostis.tenuifolia",NA,"MW","N","20090616"
"6J","1st","","harpachne.schimperi",NA,"MW","N","20090616"
"6J","1st","","microchloa.kunthii",NA,"MW","N","20090616"
"6J","1st","","panicum.astrosanguinum",NA,"MW","N","20090616"
"6J","1st","","setaria.acromelaena..small.",NA,"MW","N","20090616"
"6J","1st","","setaria.sphaecealata..big.",NA,"MW","N","20090616"
"6J","1st","","sporobolus.pyramidalis",NA,"MW","N","20090616"
"6J","1st","","tragus.berteronianus",NA,"MW","N","20090616"
"6J","1st","","x_3",NA,"MW","N","20090616"
"6J","1st","","acalypha.crenata",NA,"MW","N","20090616"
"6J","1st","","aerva.lanata",NA,"MW","N","20090616"
"6J","1st","","amaranthus.hibridus",NA,"MW","N","20090616"
"6J","1st","","aspilia.pluriseta",NA,"MW","N","20090616"
"6J","1st","","asterolinon.adoense..v.",NA,"MW","N","20090616"
"6J","1st","","caralluma.acutangula",NA,"MW","N","20090616"
"6J","1st","","chenopodium.opulifolium",NA,"MW","N","20090616"
"6J","1st","","chenopodium.schraderianum",1,"MW","N","20090616"
"6J","1st","","commelina.spp",NA,"MW","N","20090616"
"6J","1st","","commicarpus.pedunculosus",NA,"MW","N","20090616"
"6J","1st","","conyza.sp",NA,"MW","N","20090616"
"6J","1st","","corchorus.sp",NA,"MW","N","20090616"
"6J","1st","","crotelaria.sp",NA,"MW","N","20090616"
"6J","1st","","cyathula.orthacantha",NA,"MW","N","20090616"
"6J","1st","","dyscoriste.radicans",NA,"MW","N","20090616"
"6J","1st","","euphorbia.inaequilatera",NA,"MW","N","20090616"
"6J","1st","","evolvulus.alsinoides",1,"MW","N","20090616"
"6J","1st","","fern",NA,"MW","N","20090616"
"6J","1st","","gutenbergia.sp",NA,"MW","N","20090616"
"6J","1st","","hermannia.uhligii",NA,"MW","N","20090616"
"6J","1st","","hibiscus.flavifolius",NA,"MW","N","20090616"
"6J","1st","","hibiscus.trionum",NA,"MW","N","20090616"
"6J","1st","","indigofera.brevicalyx",NA,"MW","N","20090616"
"6J","1st","","indigofera.schimperi",NA,"MW","N","20090616"
"6J","1st","","ipomea.sinensis",NA,"MW","N","20090616"
"6J","1st","","justicia.dichipteroides",NA,"MW","N","20090616"
"6J","1st","","k",NA,"MW","N","20090616"
"6J","1st","","kyllinga.sp",NA,"MW","N","20090616"
"6J","1st","","leucas.glabrata",NA,"MW","N","20090616"
"6J","1st","","leucas.martiniscensis",NA,"MW","N","20090616"
"6J","1st","","lily.a",NA,"MW","N","20090616"
"6J","1st","","lily.b",NA,"MW","N","20090616"
"6J","1st","","lippia.javanica",NA,"MW","N","20090616"
"6J","1st","","melhania.spp.",NA,"MW","N","20090616"
"6J","1st","","misopates.orontium",NA,"MW","N","20090616"
"6J","1st","","mollugo.nudicaulis",NA,"MW","N","20090616"
"6J","1st","","monechima.debile",NA,"MW","N","20090616"
"6J","1st","","monsonia.augustifolia",NA,"MW","N","20090616"
"6J","1st","","ocimum.sp",NA,"MW","N","20090616"
"6J","1st","","osteospermum.vaillantii",NA,"MW","N","20090616"
"6J","1st","","oxygonum.sinuatum",NA,"MW","N","20090616"
"6J","1st","","pavonia.patens",NA,"MW","N","20090616"
"6J","1st","","pelargonium.alchemilloides",NA,"MW","N","20090616"
"6J","1st","","pentanisia.ouranogyne",NA,"MW","N","20090616"
"6J","1st","","phyllanthus.maderaspatensis",NA,"MW","N","20090616"
"6J","1st","","plectranthus.spp",NA,"MW","N","20090616"
"6J","1st","","pollichia.campestris",NA,"MW","N","20090616"
"6J","1st","","polygala..l.",NA,"MW","N","20090616"
"6J","1st","","polygala.sphenoptera",NA,"MW","N","20090616"
"6J","1st","","portulaca.oleracea",NA,"MW","N","20090616"
"6J","1st","","portulaca.quadrifida",NA,"MW","N","20090616"
"6J","1st","","pseudognaphalium..helichrysum.glumaceum.",NA,"MW","N","20090616"
"6J","1st","","psilotrichum.schimperi",NA,"MW","N","20090616"
"6J","1st","","rhinacanthus.ndorensis",NA,"MW","N","20090616"
"6J","1st","","rhynchosia.holstii",NA,"MW","N","20090616"
"6J","1st","","schkuhria.pinnata",NA,"MW","N","20090616"
"6J","1st","","sida.2",NA,"MW","N","20090616"
"6J","1st","","sida.cuneifolia",NA,"MW","N","20090616"
"6J","1st","","solanum.incanum",NA,"MW","N","20090616"
"6J","1st","","solanum.indicum",NA,"MW","N","20090616"
"6J","1st","","tribulus.terrestris",NA,"MW","N","20090616"
"6J","1st","","u",NA,"MW","N","20090616"
"6J","1st","","w",NA,"MW","N","20090616"
"6J","1st","","x_4",NA,"MW","N","20090616"
"6J","1st","","x_5",NA,"MW","N","20090616"
"6J","1st","","x_6",NA,"MW","N","20090616"
"6J","1st","","x_7",NA,"MW","N","20090616"
"6J","1st","","x_8",NA,"MW","N","20090616"
"6J","All","Lvs","bracharia.lacnantha",9,"MW","N","20090616"
"6J","All","Lvs","lintonia.nutans",5,"MW","N","20090616"
"6J","All","Lvs","pennisetum.mezianum",NA,"MW","N","20090616"
"6J","All","Lvs","pennisetum.straminium",NA,"MW","N","20090616"
"6J","All","Lvs","themeda.triandra",2,"MW","N","20090616"
"6J","All","Lvs","bare",NA,"MW","N","20090616"
"6J","All","Lvs","x_2",NA,"MW","N","20090616"
"6J","All","Lvs","aristida.kenyensis",NA,"MW","N","20090616"
"6J","All","Lvs","bothriochloa.insculpta",NA,"MW","N","20090616"
"6J","All","Lvs","bracharia.3",NA,"MW","N","20090616"
"6J","All","Lvs","bracharia.eruciformis",NA,"MW","N","20090616"
"6J","All","Lvs","chloris.sp",NA,"MW","N","20090616"
"6J","All","Lvs","cynodon.dactylon",NA,"MW","N","20090616"
"6J","All","Lvs","cynodon.plectostachyus",NA,"MW","N","20090616"
"6J","All","Lvs","cyperus...mariscus.spp",NA,"MW","N","20090616"
"6J","All","Lvs","digitaria.2",NA,"MW","N","20090616"
"6J","All","Lvs","digitaria.milanjiana",NA,"MW","N","20090616"
"6J","All","Lvs","dinebra.retroflexa",NA,"MW","N","20090616"
"6J","All","Lvs","eragrostis.tenuifolia",NA,"MW","N","20090616"
"6J","All","Lvs","harpachne.schimperi",NA,"MW","N","20090616"
"6J","All","Lvs","microchloa.kunthii",NA,"MW","N","20090616"
"6J","All","Lvs","panicum.astrosanguinum",NA,"MW","N","20090616"
"6J","All","Lvs","setaria.acromelaena..small.",NA,"MW","N","20090616"
"6J","All","Lvs","setaria.sphaecealata..big.",NA,"MW","N","20090616"
"6J","All","Lvs","sporobolus.pyramidalis",NA,"MW","N","20090616"
"6J","All","Lvs","tragus.berteronianus",NA,"MW","N","20090616"
"6J","All","Lvs","x_3",NA,"MW","N","20090616"
"6J","All","Lvs","acalypha.crenata",NA,"MW","N","20090616"
"6J","All","Lvs","aerva.lanata",NA,"MW","N","20090616"
"6J","All","Lvs","amaranthus.hibridus",NA,"MW","N","20090616"
"6J","All","Lvs","aspilia.pluriseta",NA,"MW","N","20090616"
"6J","All","Lvs","asterolinon.adoense..v.",NA,"MW","N","20090616"
"6J","All","Lvs","caralluma.acutangula",NA,"MW","N","20090616"
"6J","All","Lvs","chenopodium.opulifolium",NA,"MW","N","20090616"
"6J","All","Lvs","chenopodium.schraderianum",NA,"MW","N","20090616"
"6J","All","Lvs","commelina.spp",NA,"MW","N","20090616"
"6J","All","Lvs","commicarpus.pedunculosus",NA,"MW","N","20090616"
"6J","All","Lvs","conyza.sp",NA,"MW","N","20090616"
"6J","All","Lvs","corchorus.sp",NA,"MW","N","20090616"
"6J","All","Lvs","crotelaria.sp",NA,"MW","N","20090616"
"6J","All","Lvs","cyathula.orthacantha",NA,"MW","N","20090616"
"6J","All","Lvs","dyscoriste.radicans",NA,"MW","N","20090616"
"6J","All","Lvs","euphorbia.inaequilatera",NA,"MW","N","20090616"
"6J","All","Lvs","evolvulus.alsinoides",NA,"MW","N","20090616"
"6J","All","Lvs","fern",NA,"MW","N","20090616"
"6J","All","Lvs","gutenbergia.sp",NA,"MW","N","20090616"
"6J","All","Lvs","hermannia.uhligii",NA,"MW","N","20090616"
"6J","All","Lvs","hibiscus.flavifolius",NA,"MW","N","20090616"
"6J","All","Lvs","hibiscus.trionum",NA,"MW","N","20090616"
"6J","All","Lvs","indigofera.brevicalyx",NA,"MW","N","20090616"
"6J","All","Lvs","indigofera.schimperi",NA,"MW","N","20090616"
"6J","All","Lvs","ipomea.sinensis",NA,"MW","N","20090616"
"6J","All","Lvs","justicia.dichipteroides",NA,"MW","N","20090616"
"6J","All","Lvs","k",NA,"MW","N","20090616"
"6J","All","Lvs","kyllinga.sp",NA,"MW","N","20090616"
"6J","All","Lvs","leucas.glabrata",NA,"MW","N","20090616"
"6J","All","Lvs","leucas.martiniscensis",NA,"MW","N","20090616"
"6J","All","Lvs","lily.a",NA,"MW","N","20090616"
"6J","All","Lvs","lily.b",NA,"MW","N","20090616"
"6J","All","Lvs","lippia.javanica",NA,"MW","N","20090616"
"6J","All","Lvs","melhania.spp.",NA,"MW","N","20090616"
"6J","All","Lvs","misopates.orontium",NA,"MW","N","20090616"
"6J","All","Lvs","mollugo.nudicaulis",NA,"MW","N","20090616"
"6J","All","Lvs","monechima.debile",NA,"MW","N","20090616"
"6J","All","Lvs","monsonia.augustifolia",NA,"MW","N","20090616"
"6J","All","Lvs","ocimum.sp",NA,"MW","N","20090616"
"6J","All","Lvs","osteospermum.vaillantii",NA,"MW","N","20090616"
"6J","All","Lvs","oxygonum.sinuatum",NA,"MW","N","20090616"
"6J","All","Lvs","pavonia.patens",NA,"MW","N","20090616"
"6J","All","Lvs","pelargonium.alchemilloides",NA,"MW","N","20090616"
"6J","All","Lvs","pentanisia.ouranogyne",NA,"MW","N","20090616"
"6J","All","Lvs","phyllanthus.maderaspatensis",NA,"MW","N","20090616"
"6J","All","Lvs","plectranthus.spp",NA,"MW","N","20090616"
"6J","All","Lvs","pollichia.campestris",NA,"MW","N","20090616"
"6J","All","Lvs","polygala..l.",NA,"MW","N","20090616"
"6J","All","Lvs","polygala.sphenoptera",NA,"MW","N","20090616"
"6J","All","Lvs","portulaca.oleracea",NA,"MW","N","20090616"
"6J","All","Lvs","portulaca.quadrifida",NA,"MW","N","20090616"
"6J","All","Lvs","pseudognaphalium..helichrysum.glumaceum.",NA,"MW","N","20090616"
"6J","All","Lvs","psilotrichum.schimperi",NA,"MW","N","20090616"
"6J","All","Lvs","rhinacanthus.ndorensis",NA,"MW","N","20090616"
"6J","All","Lvs","rhynchosia.holstii",NA,"MW","N","20090616"
"6J","All","Lvs","schkuhria.pinnata",NA,"MW","N","20090616"
"6J","All","Lvs","sida.2",NA,"MW","N","20090616"
"6J","All","Lvs","sida.cuneifolia",NA,"MW","N","20090616"
"6J","All","Lvs","solanum.incanum",NA,"MW","N","20090616"
"6J","All","Lvs","solanum.indicum",NA,"MW","N","20090616"
"6J","All","Lvs","tribulus.terrestris",NA,"MW","N","20090616"
"6J","All","Lvs","u",NA,"MW","N","20090616"
"6J","All","Lvs","w",NA,"MW","N","20090616"
"6J","All","Lvs","x_4",NA,"MW","N","20090616"
"6J","All","Lvs","x_5",NA,"MW","N","20090616"
"6J","All","Lvs","x_6",NA,"MW","N","20090616"
"6J","All","Lvs","x_7",NA,"MW","N","20090616"
"6J","All","Lvs","x_8",NA,"MW","N","20090616"
"6J","All","Stm","bracharia.lacnantha",2,"MW","N","20090616"
"6J","All","Stm","lintonia.nutans",1,"MW","N","20090616"
"6J","All","Stm","pennisetum.mezianum",NA,"MW","N","20090616"
"6J","All","Stm","pennisetum.straminium",NA,"MW","N","20090616"
"6J","All","Stm","themeda.triandra",NA,"MW","N","20090616"
"6J","All","Stm","bare",NA,"MW","N","20090616"
"6J","All","Stm","x_2",NA,"MW","N","20090616"
"6J","All","Stm","aristida.kenyensis",NA,"MW","N","20090616"
"6J","All","Stm","bothriochloa.insculpta",NA,"MW","N","20090616"
"6J","All","Stm","bracharia.3",NA,"MW","N","20090616"
"6J","All","Stm","bracharia.eruciformis",NA,"MW","N","20090616"
"6J","All","Stm","chloris.sp",NA,"MW","N","20090616"
"6J","All","Stm","cynodon.dactylon",NA,"MW","N","20090616"
"6J","All","Stm","cynodon.plectostachyus",NA,"MW","N","20090616"
"6J","All","Stm","cyperus...mariscus.spp",NA,"MW","N","20090616"
"6J","All","Stm","digitaria.2",NA,"MW","N","20090616"
"6J","All","Stm","digitaria.milanjiana",NA,"MW","N","20090616"
"6J","All","Stm","dinebra.retroflexa",NA,"MW","N","20090616"
"6J","All","Stm","eragrostis.tenuifolia",NA,"MW","N","20090616"
"6J","All","Stm","harpachne.schimperi",NA,"MW","N","20090616"
"6J","All","Stm","microchloa.kunthii",NA,"MW","N","20090616"
"6J","All","Stm","panicum.astrosanguinum",NA,"MW","N","20090616"
"6J","All","Stm","setaria.acromelaena..small.",NA,"MW","N","20090616"
"6J","All","Stm","setaria.sphaecealata..big.",NA,"MW","N","20090616"
"6J","All","Stm","sporobolus.pyramidalis",NA,"MW","N","20090616"
"6J","All","Stm","tragus.berteronianus",NA,"MW","N","20090616"
"6J","All","Stm","x_3",NA,"MW","N","20090616"
"6J","All","Stm","acalypha.crenata",NA,"MW","N","20090616"
"6J","All","Stm","aerva.lanata",NA,"MW","N","20090616"
"6J","All","Stm","amaranthus.hibridus",NA,"MW","N","20090616"
"6J","All","Stm","aspilia.pluriseta",NA,"MW","N","20090616"
"6J","All","Stm","asterolinon.adoense..v.",NA,"MW","N","20090616"
"6J","All","Stm","caralluma.acutangula",NA,"MW","N","20090616"
"6J","All","Stm","chenopodium.opulifolium",NA,"MW","N","20090616"
"6J","All","Stm","chenopodium.schraderianum",1,"MW","N","20090616"
"6J","All","Stm","commelina.spp",NA,"MW","N","20090616"
"6J","All","Stm","commicarpus.pedunculosus",NA,"MW","N","20090616"
"6J","All","Stm","conyza.sp",NA,"MW","N","20090616"
"6J","All","Stm","corchorus.sp",NA,"MW","N","20090616"
"6J","All","Stm","crotelaria.sp",NA,"MW","N","20090616"
"6J","All","Stm","cyathula.orthacantha",NA,"MW","N","20090616"
"6J","All","Stm","dyscoriste.radicans",NA,"MW","N","20090616"
"6J","All","Stm","euphorbia.inaequilatera",NA,"MW","N","20090616"
"6J","All","Stm","evolvulus.alsinoides",1,"MW","N","20090616"
"6J","All","Stm","fern",NA,"MW","N","20090616"
"6J","All","Stm","gutenbergia.sp",NA,"MW","N","20090616"
"6J","All","Stm","hermannia.uhligii",NA,"MW","N","20090616"
"6J","All","Stm","hibiscus.flavifolius",NA,"MW","N","20090616"
"6J","All","Stm","hibiscus.trionum",NA,"MW","N","20090616"
"6J","All","Stm","indigofera.brevicalyx",NA,"MW","N","20090616"
"6J","All","Stm","indigofera.schimperi",NA,"MW","N","20090616"
"6J","All","Stm","ipomea.sinensis",NA,"MW","N","20090616"
"6J","All","Stm","justicia.dichipteroides",NA,"MW","N","20090616"
"6J","All","Stm","k",NA,"MW","N","20090616"
"6J","All","Stm","kyllinga.sp",NA,"MW","N","20090616"
"6J","All","Stm","leucas.glabrata",NA,"MW","N","20090616"
"6J","All","Stm","leucas.martiniscensis",NA,"MW","N","20090616"
"6J","All","Stm","lily.a",NA,"MW","N","20090616"
"6J","All","Stm","lily.b",NA,"MW","N","20090616"
"6J","All","Stm","lippia.javanica",NA,"MW","N","20090616"
"6J","All","Stm","melhania.spp.",NA,"MW","N","20090616"
"6J","All","Stm","misopates.orontium",NA,"MW","N","20090616"
"6J","All","Stm","mollugo.nudicaulis",NA,"MW","N","20090616"
"6J","All","Stm","monechima.debile",NA,"MW","N","20090616"
"6J","All","Stm","monsonia.augustifolia",NA,"MW","N","20090616"
"6J","All","Stm","ocimum.sp",NA,"MW","N","20090616"
"6J","All","Stm","osteospermum.vaillantii",NA,"MW","N","20090616"
"6J","All","Stm","oxygonum.sinuatum",NA,"MW","N","20090616"
"6J","All","Stm","pavonia.patens",NA,"MW","N","20090616"
"6J","All","Stm","pelargonium.alchemilloides",NA,"MW","N","20090616"
"6J","All","Stm","pentanisia.ouranogyne",NA,"MW","N","20090616"
"6J","All","Stm","phyllanthus.maderaspatensis",NA,"MW","N","20090616"
"6J","All","Stm","plectranthus.spp",NA,"MW","N","20090616"
"6J","All","Stm","pollichia.campestris",NA,"MW","N","20090616"
"6J","All","Stm","polygala..l.",NA,"MW","N","20090616"
"6J","All","Stm","polygala.sphenoptera",NA,"MW","N","20090616"
"6J","All","Stm","portulaca.oleracea",NA,"MW","N","20090616"
"6J","All","Stm","portulaca.quadrifida",NA,"MW","N","20090616"
"6J","All","Stm","pseudognaphalium..helichrysum.glumaceum.",NA,"MW","N","20090616"
"6J","All","Stm","psilotrichum.schimperi",NA,"MW","N","20090616"
"6J","All","Stm","rhinacanthus.ndorensis",NA,"MW","N","20090616"
"6J","All","Stm","rhynchosia.holstii",NA,"MW","N","20090616"
"6J","All","Stm","schkuhria.pinnata",NA,"MW","N","20090616"
"6J","All","Stm","sida.2",NA,"MW","N","20090616"
"6J","All","Stm","sida.cuneifolia",NA,"MW","N","20090616"
"6J","All","Stm","solanum.incanum",NA,"MW","N","20090616"
"6J","All","Stm","solanum.indicum",NA,"MW","N","20090616"
"6J","All","Stm","tribulus.terrestris",NA,"MW","N","20090616"
"6J","All","Stm","u",NA,"MW","N","20090616"
"6J","All","Stm","w",NA,"MW","N","20090616"
"6J","All","Stm","x_4",NA,"MW","N","20090616"
"6J","All","Stm","x_5",NA,"MW","N","20090616"
"6J","All","Stm","x_6",NA,"MW","N","20090616"
"6J","All","Stm","x_7",NA,"MW","N","20090616"
"6J","All","Stm","x_8",NA,"MW","N","20090616"
"6H","1st","","bracharia.lacnantha",3,"MW","N","20090616"
"6H","1st","","lintonia.nutans",NA,"MW","N","20090616"
"6H","1st","","pennisetum.mezianum",NA,"MW","N","20090616"
"6H","1st","","pennisetum.straminium",NA,"MW","N","20090616"
"6H","1st","","themeda.triandra",NA,"MW","N","20090616"
"6H","1st","","bare",7,"MW","N","20090616"
"6H","1st","","x_2",NA,"MW","N","20090616"
"6H","1st","","aristida.kenyensis",NA,"MW","N","20090616"
"6H","1st","","bothriochloa.insculpta",NA,"MW","N","20090616"
"6H","1st","","bracharia.3",NA,"MW","N","20090616"
"6H","1st","","bracharia.eruciformis",NA,"MW","N","20090616"
"6H","1st","","chloris.sp",NA,"MW","N","20090616"
"6H","1st","","cynodon.dactylon",NA,"MW","N","20090616"
"6H","1st","","cynodon.plectostachyus",NA,"MW","N","20090616"
"6H","1st","","cyperus...mariscus.spp",NA,"MW","N","20090616"
"6H","1st","","digitaria.2",NA,"MW","N","20090616"
"6H","1st","","digitaria.milanjiana",NA,"MW","N","20090616"
"6H","1st","","dinebra.retroflexa",NA,"MW","N","20090616"
"6H","1st","","eragrostis.tenuifolia",NA,"MW","N","20090616"
"6H","1st","","harpachne.schimperi",NA,"MW","N","20090616"
"6H","1st","","microchloa.kunthii",NA,"MW","N","20090616"
"6H","1st","","panicum.astrosanguinum",NA,"MW","N","20090616"
"6H","1st","","setaria.acromelaena..small.",NA,"MW","N","20090616"
"6H","1st","","setaria.sphaecealata..big.",NA,"MW","N","20090616"
"6H","1st","","sporobolus.pyramidalis",NA,"MW","N","20090616"
"6H","1st","","tragus.berteronianus",NA,"MW","N","20090616"
"6H","1st","","x_3",NA,"MW","N","20090616"
"6H","1st","","acalypha.crenata",NA,"MW","N","20090616"
"6H","1st","","aerva.lanata",NA,"MW","N","20090616"
"6H","1st","","amaranthus.hibridus",NA,"MW","N","20090616"
"6H","1st","","aspilia.pluriseta",NA,"MW","N","20090616"
"6H","1st","","asterolinon.adoense..v.",NA,"MW","N","20090616"
"6H","1st","","caralluma.acutangula",NA,"MW","N","20090616"
"6H","1st","","chenopodium.opulifolium",NA,"MW","N","20090616"
"6H","1st","","chenopodium.schraderianum",NA,"MW","N","20090616"
"6H","1st","","commelina.spp",NA,"MW","N","20090616"
"6H","1st","","commicarpus.pedunculosus",NA,"MW","N","20090616"
"6H","1st","","conyza.sp",NA,"MW","N","20090616"
"6H","1st","","corchorus.sp",NA,"MW","N","20090616"
"6H","1st","","crotelaria.sp",NA,"MW","N","20090616"
"6H","1st","","cyathula.orthacantha",NA,"MW","N","20090616"
"6H","1st","","dyscoriste.radicans",NA,"MW","N","20090616"
"6H","1st","","euphorbia.inaequilatera",NA,"MW","N","20090616"
"6H","1st","","evolvulus.alsinoides",NA,"MW","N","20090616"
"6H","1st","","fern",NA,"MW","N","20090616"
"6H","1st","","gutenbergia.sp",NA,"MW","N","20090616"
"6H","1st","","hermannia.uhligii",NA,"MW","N","20090616"
"6H","1st","","hibiscus.flavifolius",NA,"MW","N","20090616"
"6H","1st","","hibiscus.trionum",NA,"MW","N","20090616"
"6H","1st","","indigofera.brevicalyx",NA,"MW","N","20090616"
"6H","1st","","indigofera.schimperi",NA,"MW","N","20090616"
"6H","1st","","ipomea.sinensis",NA,"MW","N","20090616"
"6H","1st","","justicia.dichipteroides",NA,"MW","N","20090616"
"6H","1st","","k",NA,"MW","N","20090616"
"6H","1st","","kyllinga.sp",NA,"MW","N","20090616"
"6H","1st","","leucas.glabrata",NA,"MW","N","20090616"
"6H","1st","","leucas.martiniscensis",NA,"MW","N","20090616"
"6H","1st","","lily.a",NA,"MW","N","20090616"
"6H","1st","","lily.b",NA,"MW","N","20090616"
"6H","1st","","lippia.javanica",NA,"MW","N","20090616"
"6H","1st","","melhania.spp.",NA,"MW","N","20090616"
"6H","1st","","misopates.orontium",NA,"MW","N","20090616"
"6H","1st","","mollugo.nudicaulis",NA,"MW","N","20090616"
"6H","1st","","monechima.debile",NA,"MW","N","20090616"
"6H","1st","","monsonia.augustifolia",NA,"MW","N","20090616"
"6H","1st","","ocimum.sp",NA,"MW","N","20090616"
"6H","1st","","osteospermum.vaillantii",NA,"MW","N","20090616"
"6H","1st","","oxygonum.sinuatum",NA,"MW","N","20090616"
"6H","1st","","pavonia.patens",NA,"MW","N","20090616"
"6H","1st","","pelargonium.alchemilloides",NA,"MW","N","20090616"
"6H","1st","","pentanisia.ouranogyne",NA,"MW","N","20090616"
"6H","1st","","phyllanthus.maderaspatensis",NA,"MW","N","20090616"
"6H","1st","","plectranthus.spp",NA,"MW","N","20090616"
"6H","1st","","pollichia.campestris",NA,"MW","N","20090616"
"6H","1st","","polygala..l.",NA,"MW","N","20090616"
"6H","1st","","polygala.sphenoptera",NA,"MW","N","20090616"
"6H","1st","","portulaca.oleracea",NA,"MW","N","20090616"
"6H","1st","","portulaca.quadrifida",NA,"MW","N","20090616"
"6H","1st","","pseudognaphalium..helichrysum.glumaceum.",NA,"MW","N","20090616"
"6H","1st","","psilotrichum.schimperi",NA,"MW","N","20090616"
"6H","1st","","rhinacanthus.ndorensis",NA,"MW","N","20090616"
"6H","1st","","rhynchosia.holstii",NA,"MW","N","20090616"
"6H","1st","","schkuhria.pinnata",NA,"MW","N","20090616"
"6H","1st","","sida.2",NA,"MW","N","20090616"
"6H","1st","","sida.cuneifolia",NA,"MW","N","20090616"
"6H","1st","","solanum.incanum",NA,"MW","N","20090616"
"6H","1st","","solanum.indicum",NA,"MW","N","20090616"
"6H","1st","","tribulus.terrestris",NA,"MW","N","20090616"
"6H","1st","","u",NA,"MW","N","20090616"
"6H","1st","","w",NA,"MW","N","20090616"
"6H","1st","","x_4",NA,"MW","N","20090616"
"6H","1st","","x_5",NA,"MW","N","20090616"
"6H","1st","","x_6",NA,"MW","N","20090616"
"6H","1st","","x_7",NA,"MW","N","20090616"
"6H","1st","","x_8",NA,"MW","N","20090616"
"6H","All","Lvs","bracharia.lacnantha",4,"MW","N","20090616"
"6H","All","Lvs","lintonia.nutans",NA,"MW","N","20090616"
"6H","All","Lvs","pennisetum.mezianum",NA,"MW","N","20090616"
"6H","All","Lvs","pennisetum.straminium",NA,"MW","N","20090616"
"6H","All","Lvs","themeda.triandra",NA,"MW","N","20090616"
"6H","All","Lvs","bare",NA,"MW","N","20090616"
"6H","All","Lvs","x_2",NA,"MW","N","20090616"
"6H","All","Lvs","aristida.kenyensis",NA,"MW","N","20090616"
"6H","All","Lvs","bothriochloa.insculpta",NA,"MW","N","20090616"
"6H","All","Lvs","bracharia.3",NA,"MW","N","20090616"
"6H","All","Lvs","bracharia.eruciformis",NA,"MW","N","20090616"
"6H","All","Lvs","chloris.sp",NA,"MW","N","20090616"
"6H","All","Lvs","cynodon.dactylon",NA,"MW","N","20090616"
"6H","All","Lvs","cynodon.plectostachyus",NA,"MW","N","20090616"
"6H","All","Lvs","cyperus...mariscus.spp",NA,"MW","N","20090616"
"6H","All","Lvs","digitaria.2",NA,"MW","N","20090616"
"6H","All","Lvs","digitaria.milanjiana",NA,"MW","N","20090616"
"6H","All","Lvs","dinebra.retroflexa",NA,"MW","N","20090616"
"6H","All","Lvs","eragrostis.tenuifolia",NA,"MW","N","20090616"
"6H","All","Lvs","harpachne.schimperi",NA,"MW","N","20090616"
"6H","All","Lvs","microchloa.kunthii",NA,"MW","N","20090616"
"6H","All","Lvs","panicum.astrosanguinum",NA,"MW","N","20090616"
"6H","All","Lvs","setaria.acromelaena..small.",NA,"MW","N","20090616"
"6H","All","Lvs","setaria.sphaecealata..big.",NA,"MW","N","20090616"
"6H","All","Lvs","sporobolus.pyramidalis",NA,"MW","N","20090616"
"6H","All","Lvs","tragus.berteronianus",NA,"MW","N","20090616"
"6H","All","Lvs","x_3",NA,"MW","N","20090616"
"6H","All","Lvs","acalypha.crenata",NA,"MW","N","20090616"
"6H","All","Lvs","aerva.lanata",NA,"MW","N","20090616"
"6H","All","Lvs","amaranthus.hibridus",NA,"MW","N","20090616"
"6H","All","Lvs","aspilia.pluriseta",NA,"MW","N","20090616"
"6H","All","Lvs","asterolinon.adoense..v.",NA,"MW","N","20090616"
"6H","All","Lvs","caralluma.acutangula",NA,"MW","N","20090616"
"6H","All","Lvs","chenopodium.opulifolium",NA,"MW","N","20090616"
"6H","All","Lvs","chenopodium.schraderianum",NA,"MW","N","20090616"
"6H","All","Lvs","commelina.spp",NA,"MW","N","20090616"
"6H","All","Lvs","commicarpus.pedunculosus",NA,"MW","N","20090616"
"6H","All","Lvs","conyza.sp",NA,"MW","N","20090616"
"6H","All","Lvs","corchorus.sp",NA,"MW","N","20090616"
"6H","All","Lvs","crotelaria.sp",NA,"MW","N","20090616"
"6H","All","Lvs","cyathula.orthacantha",NA,"MW","N","20090616"
"6H","All","Lvs","dyscoriste.radicans",NA,"MW","N","20090616"
"6H","All","Lvs","euphorbia.inaequilatera",NA,"MW","N","20090616"
"6H","All","Lvs","evolvulus.alsinoides",NA,"MW","N","20090616"
"6H","All","Lvs","fern",NA,"MW","N","20090616"
"6H","All","Lvs","gutenbergia.sp",NA,"MW","N","20090616"
"6H","All","Lvs","hermannia.uhligii",NA,"MW","N","20090616"
"6H","All","Lvs","hibiscus.flavifolius",NA,"MW","N","20090616"
"6H","All","Lvs","hibiscus.trionum",NA,"MW","N","20090616"
"6H","All","Lvs","indigofera.brevicalyx",NA,"MW","N","20090616"
"6H","All","Lvs","indigofera.schimperi",NA,"MW","N","20090616"
"6H","All","Lvs","ipomea.sinensis",NA,"MW","N","20090616"
"6H","All","Lvs","justicia.dichipteroides",NA,"MW","N","20090616"
"6H","All","Lvs","k",NA,"MW","N","20090616"
"6H","All","Lvs","kyllinga.sp",NA,"MW","N","20090616"
"6H","All","Lvs","leucas.glabrata",NA,"MW","N","20090616"
"6H","All","Lvs","leucas.martiniscensis",NA,"MW","N","20090616"
"6H","All","Lvs","lily.a",NA,"MW","N","20090616"
"6H","All","Lvs","lily.b",NA,"MW","N","20090616"
"6H","All","Lvs","lippia.javanica",NA,"MW","N","20090616"
"6H","All","Lvs","melhania.spp.",NA,"MW","N","20090616"
"6H","All","Lvs","misopates.orontium",NA,"MW","N","20090616"
"6H","All","Lvs","mollugo.nudicaulis",NA,"MW","N","20090616"
"6H","All","Lvs","monechima.debile",NA,"MW","N","20090616"
"6H","All","Lvs","monsonia.augustifolia",NA,"MW","N","20090616"
"6H","All","Lvs","ocimum.sp",NA,"MW","N","20090616"
"6H","All","Lvs","osteospermum.vaillantii",NA,"MW","N","20090616"
"6H","All","Lvs","oxygonum.sinuatum",NA,"MW","N","20090616"
"6H","All","Lvs","pavonia.patens",NA,"MW","N","20090616"
"6H","All","Lvs","pelargonium.alchemilloides",NA,"MW","N","20090616"
"6H","All","Lvs","pentanisia.ouranogyne",NA,"MW","N","20090616"
"6H","All","Lvs","phyllanthus.maderaspatensis",NA,"MW","N","20090616"
"6H","All","Lvs","plectranthus.spp",NA,"MW","N","20090616"
"6H","All","Lvs","pollichia.campestris",NA,"MW","N","20090616"
"6H","All","Lvs","polygala..l.",NA,"MW","N","20090616"
"6H","All","Lvs","polygala.sphenoptera",NA,"MW","N","20090616"
"6H","All","Lvs","portulaca.oleracea",NA,"MW","N","20090616"
"6H","All","Lvs","portulaca.quadrifida",NA,"MW","N","20090616"
"6H","All","Lvs","pseudognaphalium..helichrysum.glumaceum.",NA,"MW","N","20090616"
"6H","All","Lvs","psilotrichum.schimperi",NA,"MW","N","20090616"
"6H","All","Lvs","rhinacanthus.ndorensis",NA,"MW","N","20090616"
"6H","All","Lvs","rhynchosia.holstii",NA,"MW","N","20090616"
"6H","All","Lvs","schkuhria.pinnata",NA,"MW","N","20090616"
"6H","All","Lvs","sida.2",NA,"MW","N","20090616"
"6H","All","Lvs","sida.cuneifolia",NA,"MW","N","20090616"
"6H","All","Lvs","solanum.incanum",NA,"MW","N","20090616"
"6H","All","Lvs","solanum.indicum",NA,"MW","N","20090616"
"6H","All","Lvs","tribulus.terrestris",NA,"MW","N","20090616"
"6H","All","Lvs","u",NA,"MW","N","20090616"
"6H","All","Lvs","w",NA,"MW","N","20090616"
"6H","All","Lvs","x_4",NA,"MW","N","20090616"
"6H","All","Lvs","x_5",NA,"MW","N","20090616"
"6H","All","Lvs","x_6",NA,"MW","N","20090616"
"6H","All","Lvs","x_7",NA,"MW","N","20090616"
"6H","All","Lvs","x_8",NA,"MW","N","20090616"
"6H","All","Stm","bracharia.lacnantha",1,"MW","N","20090616"
"6H","All","Stm","lintonia.nutans",NA,"MW","N","20090616"
"6H","All","Stm","pennisetum.mezianum",NA,"MW","N","20090616"
"6H","All","Stm","pennisetum.straminium",NA,"MW","N","20090616"
"6H","All","Stm","themeda.triandra",NA,"MW","N","20090616"
"6H","All","Stm","bare",NA,"MW","N","20090616"
"6H","All","Stm","x_2",NA,"MW","N","20090616"
"6H","All","Stm","aristida.kenyensis",NA,"MW","N","20090616"
"6H","All","Stm","bothriochloa.insculpta",NA,"MW","N","20090616"
"6H","All","Stm","bracharia.3",NA,"MW","N","20090616"
"6H","All","Stm","bracharia.eruciformis",NA,"MW","N","20090616"
"6H","All","Stm","chloris.sp",NA,"MW","N","20090616"
"6H","All","Stm","cynodon.dactylon",NA,"MW","N","20090616"
"6H","All","Stm","cynodon.plectostachyus",NA,"MW","N","20090616"
"6H","All","Stm","cyperus...mariscus.spp",NA,"MW","N","20090616"
"6H","All","Stm","digitaria.2",NA,"MW","N","20090616"
"6H","All","Stm","digitaria.milanjiana",NA,"MW","N","20090616"
"6H","All","Stm","dinebra.retroflexa",NA,"MW","N","20090616"
"6H","All","Stm","eragrostis.tenuifolia",NA,"MW","N","20090616"
"6H","All","Stm","harpachne.schimperi",NA,"MW","N","20090616"
"6H","All","Stm","microchloa.kunthii",NA,"MW","N","20090616"
"6H","All","Stm","panicum.astrosanguinum",NA,"MW","N","20090616"
"6H","All","Stm","setaria.acromelaena..small.",NA,"MW","N","20090616"
"6H","All","Stm","setaria.sphaecealata..big.",NA,"MW","N","20090616"
"6H","All","Stm","sporobolus.pyramidalis",NA,"MW","N","20090616"
"6H","All","Stm","tragus.berteronianus",NA,"MW","N","20090616"
"6H","All","Stm","x_3",NA,"MW","N","20090616"
"6H","All","Stm","acalypha.crenata",NA,"MW","N","20090616"
"6H","All","Stm","aerva.lanata",NA,"MW","N","20090616"
"6H","All","Stm","amaranthus.hibridus",NA,"MW","N","20090616"
"6H","All","Stm","aspilia.pluriseta",NA,"MW","N","20090616"
"6H","All","Stm","asterolinon.adoense..v.",NA,"MW","N","20090616"
"6H","All","Stm","caralluma.acutangula",NA,"MW","N","20090616"
"6H","All","Stm","chenopodium.opulifolium",NA,"MW","N","20090616"
"6H","All","Stm","chenopodium.schraderianum",NA,"MW","N","20090616"
"6H","All","Stm","commelina.spp",NA,"MW","N","20090616"
"6H","All","Stm","commicarpus.pedunculosus",NA,"MW","N","20090616"
"6H","All","Stm","conyza.sp",NA,"MW","N","20090616"
"6H","All","Stm","corchorus.sp",NA,"MW","N","20090616"
"6H","All","Stm","crotelaria.sp",NA,"MW","N","20090616"
"6H","All","Stm","cyathula.orthacantha",NA,"MW","N","20090616"
"6H","All","Stm","dyscoriste.radicans",NA,"MW","N","20090616"
"6H","All","Stm","euphorbia.inaequilatera",NA,"MW","N","20090616"
"6H","All","Stm","evolvulus.alsinoides",NA,"MW","N","20090616"
"6H","All","Stm","fern",NA,"MW","N","20090616"
"6H","All","Stm","gutenbergia.sp",NA,"MW","N","20090616"
"6H","All","Stm","hermannia.uhligii",NA,"MW","N","20090616"
"6H","All","Stm","hibiscus.flavifolius",NA,"MW","N","20090616"
"6H","All","Stm","hibiscus.trionum",NA,"MW","N","20090616"
"6H","All","Stm","indigofera.brevicalyx",NA,"MW","N","20090616"
"6H","All","Stm","indigofera.schimperi",NA,"MW","N","20090616"
"6H","All","Stm","ipomea.sinensis",NA,"MW","N","20090616"
"6H","All","Stm","justicia.dichipteroides",NA,"MW","N","20090616"
"6H","All","Stm","k",NA,"MW","N","20090616"
"6H","All","Stm","kyllinga.sp",NA,"MW","N","20090616"
"6H","All","Stm","leucas.glabrata",NA,"MW","N","20090616"
"6H","All","Stm","leucas.martiniscensis",NA,"MW","N","20090616"
"6H","All","Stm","lily.a",NA,"MW","N","20090616"
"6H","All","Stm","lily.b",NA,"MW","N","20090616"
"6H","All","Stm","lippia.javanica",NA,"MW","N","20090616"
"6H","All","Stm","melhania.spp.",NA,"MW","N","20090616"
"6H","All","Stm","misopates.orontium",NA,"MW","N","20090616"
"6H","All","Stm","mollugo.nudicaulis",NA,"MW","N","20090616"
"6H","All","Stm","monechima.debile",NA,"MW","N","20090616"
"6H","All","Stm","monsonia.augustifolia",NA,"MW","N","20090616"
"6H","All","Stm","ocimum.sp",NA,"MW","N","20090616"
"6H","All","Stm","osteospermum.vaillantii",NA,"MW","N","20090616"
"6H","All","Stm","oxygonum.sinuatum",NA,"MW","N","20090616"
"6H","All","Stm","pavonia.patens",NA,"MW","N","20090616"
"6H","All","Stm","pelargonium.alchemilloides",NA,"MW","N","20090616"
"6H","All","Stm","pentanisia.ouranogyne",NA,"MW","N","20090616"
"6H","All","Stm","phyllanthus.maderaspatensis",NA,"MW","N","20090616"
"6H","All","Stm","plectranthus.spp",NA,"MW","N","20090616"
"6H","All","Stm","pollichia.campestris",NA,"MW","N","20090616"
"6H","All","Stm","polygala..l.",NA,"MW","N","20090616"
"6H","All","Stm","polygala.sphenoptera",NA,"MW","N","20090616"
"6H","All","Stm","portulaca.oleracea",NA,"MW","N","20090616"
"6H","All","Stm","portulaca.quadrifida",NA,"MW","N","20090616"
"6H","All","Stm","pseudognaphalium..helichrysum.glumaceum.",NA,"MW","N","20090616"
"6H","All","Stm","psilotrichum.schimperi",NA,"MW","N","20090616"
"6H","All","Stm","rhinacanthus.ndorensis",NA,"MW","N","20090616"
"6H","All","Stm","rhynchosia.holstii",NA,"MW","N","20090616"
"6H","All","Stm","schkuhria.pinnata",NA,"MW","N","20090616"
"6H","All","Stm","sida.2",NA,"MW","N","20090616"
"6H","All","Stm","sida.cuneifolia",NA,"MW","N","20090616"
"6H","All","Stm","solanum.incanum",NA,"MW","N","20090616"
"6H","All","Stm","solanum.indicum",NA,"MW","N","20090616"
"6H","All","Stm","tribulus.terrestris",NA,"MW","N","20090616"
"6H","All","Stm","u",NA,"MW","N","20090616"
"6H","All","Stm","w",NA,"MW","N","20090616"
"6H","All","Stm","x_4",NA,"MW","N","20090616"
"6H","All","Stm","x_5",NA,"MW","N","20090616"
"6H","All","Stm","x_6",NA,"MW","N","20090616"
"6H","All","Stm","x_7",NA,"MW","N","20090616"
"6H","All","Stm","x_8",NA,"MW","N","20090616"
"6F","1st","","bracharia.lacnantha",9,"MW","N","20090616"
"6F","1st","","lintonia.nutans",NA,"MW","N","20090616"
"6F","1st","","pennisetum.mezianum",NA,"MW","N","20090616"
"6F","1st","","pennisetum.straminium",NA,"MW","N","20090616"
"6F","1st","","themeda.triandra",2,"MW","N","20090616"
"6F","1st","","bare",1,"MW","N","20090616"
"6F","1st","","x_2",NA,"MW","N","20090616"
"6F","1st","","aristida.kenyensis",NA,"MW","N","20090616"
"6F","1st","","bothriochloa.insculpta",NA,"MW","N","20090616"
"6F","1st","","bracharia.3",NA,"MW","N","20090616"
"6F","1st","","bracharia.eruciformis",NA,"MW","N","20090616"
"6F","1st","","chloris.sp",NA,"MW","N","20090616"
"6F","1st","","cynodon.dactylon",NA,"MW","N","20090616"
"6F","1st","","cynodon.plectostachyus",NA,"MW","N","20090616"
"6F","1st","","cyperus...mariscus.spp",NA,"MW","N","20090616"
"6F","1st","","digitaria.2",NA,"MW","N","20090616"
"6F","1st","","digitaria.milanjiana",NA,"MW","N","20090616"
"6F","1st","","dinebra.retroflexa",NA,"MW","N","20090616"
"6F","1st","","eragrostis.tenuifolia",NA,"MW","N","20090616"
"6F","1st","","harpachne.schimperi",NA,"MW","N","20090616"
"6F","1st","","microchloa.kunthii",NA,"MW","N","20090616"
"6F","1st","","panicum.astrosanguinum",NA,"MW","N","20090616"
"6F","1st","","setaria.acromelaena..small.",NA,"MW","N","20090616"
"6F","1st","","setaria.sphaecealata..big.",NA,"MW","N","20090616"
"6F","1st","","sporobolus.pyramidalis",NA,"MW","N","20090616"
"6F","1st","","tragus.berteronianus",NA,"MW","N","20090616"
"6F","1st","","x_3",NA,"MW","N","20090616"
"6F","1st","","acalypha.crenata",NA,"MW","N","20090616"
"6F","1st","","aerva.lanata",NA,"MW","N","20090616"
"6F","1st","","amaranthus.hibridus",NA,"MW","N","20090616"
"6F","1st","","aspilia.pluriseta",NA,"MW","N","20090616"
"6F","1st","","asterolinon.adoense..v.",NA,"MW","N","20090616"
"6F","1st","","caralluma.acutangula",NA,"MW","N","20090616"
"6F","1st","","chenopodium.opulifolium",NA,"MW","N","20090616"
"6F","1st","","chenopodium.schraderianum",NA,"MW","N","20090616"
"6F","1st","","commelina.spp",NA,"MW","N","20090616"
"6F","1st","","commicarpus.pedunculosus",NA,"MW","N","20090616"
"6F","1st","","conyza.sp",NA,"MW","N","20090616"
"6F","1st","","corchorus.sp",NA,"MW","N","20090616"
"6F","1st","","crotelaria.sp",NA,"MW","N","20090616"
"6F","1st","","cyathula.orthacantha",NA,"MW","N","20090616"
"6F","1st","","dyscoriste.radicans",NA,"MW","N","20090616"
"6F","1st","","euphorbia.inaequilatera",NA,"MW","N","20090616"
"6F","1st","","evolvulus.alsinoides",NA,"MW","N","20090616"
"6F","1st","","fern",NA,"MW","N","20090616"
"6F","1st","","gutenbergia.sp",NA,"MW","N","20090616"
"6F","1st","","hermannia.uhligii",NA,"MW","N","20090616"
"6F","1st","","hibiscus.flavifolius",NA,"MW","N","20090616"
"6F","1st","","hibiscus.trionum",NA,"MW","N","20090616"
"6F","1st","","indigofera.brevicalyx",NA,"MW","N","20090616"
"6F","1st","","indigofera.schimperi",NA,"MW","N","20090616"
"6F","1st","","ipomea.sinensis",NA,"MW","N","20090616"
"6F","1st","","justicia.dichipteroides",NA,"MW","N","20090616"
"6F","1st","","k",NA,"MW","N","20090616"
"6F","1st","","kyllinga.sp",NA,"MW","N","20090616"
"6F","1st","","leucas.glabrata",NA,"MW","N","20090616"
"6F","1st","","leucas.martiniscensis",NA,"MW","N","20090616"
"6F","1st","","lily.a",NA,"MW","N","20090616"
"6F","1st","","lily.b",NA,"MW","N","20090616"
"6F","1st","","lippia.javanica",NA,"MW","N","20090616"
"6F","1st","","melhania.spp.",NA,"MW","N","20090616"
"6F","1st","","misopates.orontium",NA,"MW","N","20090616"
"6F","1st","","mollugo.nudicaulis",NA,"MW","N","20090616"
"6F","1st","","monechima.debile",NA,"MW","N","20090616"
"6F","1st","","monsonia.augustifolia",NA,"MW","N","20090616"
"6F","1st","","ocimum.sp",NA,"MW","N","20090616"
"6F","1st","","osteospermum.vaillantii",NA,"MW","N","20090616"
"6F","1st","","oxygonum.sinuatum",NA,"MW","N","20090616"
"6F","1st","","pavonia.patens",NA,"MW","N","20090616"
"6F","1st","","pelargonium.alchemilloides",NA,"MW","N","20090616"
"6F","1st","","pentanisia.ouranogyne",NA,"MW","N","20090616"
"6F","1st","","phyllanthus.maderaspatensis",NA,"MW","N","20090616"
"6F","1st","","plectranthus.spp",NA,"MW","N","20090616"
"6F","1st","","pollichia.campestris",NA,"MW","N","20090616"
"6F","1st","","polygala..l.",NA,"MW","N","20090616"
"6F","1st","","polygala.sphenoptera",NA,"MW","N","20090616"
"6F","1st","","portulaca.oleracea",NA,"MW","N","20090616"
"6F","1st","","portulaca.quadrifida",NA,"MW","N","20090616"
"6F","1st","","pseudognaphalium..helichrysum.glumaceum.",NA,"MW","N","20090616"
"6F","1st","","psilotrichum.schimperi",NA,"MW","N","20090616"
"6F","1st","","rhinacanthus.ndorensis",NA,"MW","N","20090616"
"6F","1st","","rhynchosia.holstii",NA,"MW","N","20090616"
"6F","1st","","schkuhria.pinnata",NA,"MW","N","20090616"
"6F","1st","","sida.2",NA,"MW","N","20090616"
"6F","1st","","sida.cuneifolia",NA,"MW","N","20090616"
"6F","1st","","solanum.incanum",NA,"MW","N","20090616"
"6F","1st","","solanum.indicum",NA,"MW","N","20090616"
"6F","1st","","tribulus.terrestris",NA,"MW","N","20090616"
"6F","1st","","u",NA,"MW","N","20090616"
"6F","1st","","w",NA,"MW","N","20090616"
"6F","1st","","x_4",NA,"MW","N","20090616"
"6F","1st","","x_5",NA,"MW","N","20090616"
"6F","1st","","x_6",NA,"MW","N","20090616"
"6F","1st","","x_7",NA,"MW","N","20090616"
"6F","1st","","x_8",NA,"MW","N","20090616"
"6F","All","Lvs","bracharia.lacnantha",18,"MW","N","20090616"
"6F","All","Lvs","lintonia.nutans",NA,"MW","N","20090616"
"6F","All","Lvs","pennisetum.mezianum",NA,"MW","N","20090616"
"6F","All","Lvs","pennisetum.straminium",NA,"MW","N","20090616"
"6F","All","Lvs","themeda.triandra",2,"MW","N","20090616"
"6F","All","Lvs","bare",NA,"MW","N","20090616"
"6F","All","Lvs","x_2",NA,"MW","N","20090616"
"6F","All","Lvs","aristida.kenyensis",NA,"MW","N","20090616"
"6F","All","Lvs","bothriochloa.insculpta",NA,"MW","N","20090616"
"6F","All","Lvs","bracharia.3",NA,"MW","N","20090616"
"6F","All","Lvs","bracharia.eruciformis",NA,"MW","N","20090616"
"6F","All","Lvs","chloris.sp",NA,"MW","N","20090616"
"6F","All","Lvs","cynodon.dactylon",NA,"MW","N","20090616"
"6F","All","Lvs","cynodon.plectostachyus",NA,"MW","N","20090616"
"6F","All","Lvs","cyperus...mariscus.spp",NA,"MW","N","20090616"
"6F","All","Lvs","digitaria.2",NA,"MW","N","20090616"
"6F","All","Lvs","digitaria.milanjiana",NA,"MW","N","20090616"
"6F","All","Lvs","dinebra.retroflexa",NA,"MW","N","20090616"
"6F","All","Lvs","eragrostis.tenuifolia",NA,"MW","N","20090616"
"6F","All","Lvs","harpachne.schimperi",NA,"MW","N","20090616"
"6F","All","Lvs","microchloa.kunthii",NA,"MW","N","20090616"
"6F","All","Lvs","panicum.astrosanguinum",NA,"MW","N","20090616"
"6F","All","Lvs","setaria.acromelaena..small.",NA,"MW","N","20090616"
"6F","All","Lvs","setaria.sphaecealata..big.",NA,"MW","N","20090616"
"6F","All","Lvs","sporobolus.pyramidalis",NA,"MW","N","20090616"
"6F","All","Lvs","tragus.berteronianus",NA,"MW","N","20090616"
"6F","All","Lvs","x_3",NA,"MW","N","20090616"
"6F","All","Lvs","acalypha.crenata",NA,"MW","N","20090616"
"6F","All","Lvs","aerva.lanata",NA,"MW","N","20090616"
"6F","All","Lvs","amaranthus.hibridus",NA,"MW","N","20090616"
"6F","All","Lvs","aspilia.pluriseta",NA,"MW","N","20090616"
"6F","All","Lvs","asterolinon.adoense..v.",NA,"MW","N","20090616"
"6F","All","Lvs","caralluma.acutangula",NA,"MW","N","20090616"
"6F","All","Lvs","chenopodium.opulifolium",NA,"MW","N","20090616"
"6F","All","Lvs","chenopodium.schraderianum",NA,"MW","N","20090616"
"6F","All","Lvs","commelina.spp",NA,"MW","N","20090616"
"6F","All","Lvs","commicarpus.pedunculosus",NA,"MW","N","20090616"
"6F","All","Lvs","conyza.sp",NA,"MW","N","20090616"
"6F","All","Lvs","corchorus.sp",NA,"MW","N","20090616"
"6F","All","Lvs","crotelaria.sp",NA,"MW","N","20090616"
"6F","All","Lvs","cyathula.orthacantha",NA,"MW","N","20090616"
"6F","All","Lvs","dyscoriste.radicans",NA,"MW","N","20090616"
"6F","All","Lvs","euphorbia.inaequilatera",NA,"MW","N","20090616"
"6F","All","Lvs","evolvulus.alsinoides",NA,"MW","N","20090616"
"6F","All","Lvs","fern",NA,"MW","N","20090616"
"6F","All","Lvs","gutenbergia.sp",NA,"MW","N","20090616"
"6F","All","Lvs","hermannia.uhligii",NA,"MW","N","20090616"
"6F","All","Lvs","hibiscus.flavifolius",NA,"MW","N","20090616"
"6F","All","Lvs","hibiscus.trionum",NA,"MW","N","20090616"
"6F","All","Lvs","indigofera.brevicalyx",NA,"MW","N","20090616"
"6F","All","Lvs","indigofera.schimperi",NA,"MW","N","20090616"
"6F","All","Lvs","ipomea.sinensis",NA,"MW","N","20090616"
"6F","All","Lvs","justicia.dichipteroides",NA,"MW","N","20090616"
"6F","All","Lvs","k",NA,"MW","N","20090616"
"6F","All","Lvs","kyllinga.sp",NA,"MW","N","20090616"
"6F","All","Lvs","leucas.glabrata",NA,"MW","N","20090616"
"6F","All","Lvs","leucas.martiniscensis",NA,"MW","N","20090616"
"6F","All","Lvs","lily.a",NA,"MW","N","20090616"
"6F","All","Lvs","lily.b",NA,"MW","N","20090616"
"6F","All","Lvs","lippia.javanica",NA,"MW","N","20090616"
"6F","All","Lvs","melhania.spp.",NA,"MW","N","20090616"
"6F","All","Lvs","misopates.orontium",NA,"MW","N","20090616"
"6F","All","Lvs","mollugo.nudicaulis",NA,"MW","N","20090616"
"6F","All","Lvs","monechima.debile",NA,"MW","N","20090616"
"6F","All","Lvs","monsonia.augustifolia",NA,"MW","N","20090616"
"6F","All","Lvs","ocimum.sp",NA,"MW","N","20090616"
"6F","All","Lvs","osteospermum.vaillantii",NA,"MW","N","20090616"
"6F","All","Lvs","oxygonum.sinuatum",NA,"MW","N","20090616"
"6F","All","Lvs","pavonia.patens",NA,"MW","N","20090616"
"6F","All","Lvs","pelargonium.alchemilloides",NA,"MW","N","20090616"
"6F","All","Lvs","pentanisia.ouranogyne",NA,"MW","N","20090616"
"6F","All","Lvs","phyllanthus.maderaspatensis",NA,"MW","N","20090616"
"6F","All","Lvs","plectranthus.spp",NA,"MW","N","20090616"
"6F","All","Lvs","pollichia.campestris",NA,"MW","N","20090616"
"6F","All","Lvs","polygala..l.",NA,"MW","N","20090616"
"6F","All","Lvs","polygala.sphenoptera",NA,"MW","N","20090616"
"6F","All","Lvs","portulaca.oleracea",NA,"MW","N","20090616"
"6F","All","Lvs","portulaca.quadrifida",NA,"MW","N","20090616"
"6F","All","Lvs","pseudognaphalium..helichrysum.glumaceum.",NA,"MW","N","20090616"
"6F","All","Lvs","psilotrichum.schimperi",NA,"MW","N","20090616"
"6F","All","Lvs","rhinacanthus.ndorensis",NA,"MW","N","20090616"
"6F","All","Lvs","rhynchosia.holstii",NA,"MW","N","20090616"
"6F","All","Lvs","schkuhria.pinnata",NA,"MW","N","20090616"
"6F","All","Lvs","sida.2",NA,"MW","N","20090616"
"6F","All","Lvs","sida.cuneifolia",NA,"MW","N","20090616"
"6F","All","Lvs","solanum.incanum",NA,"MW","N","20090616"
"6F","All","Lvs","solanum.indicum",NA,"MW","N","20090616"
"6F","All","Lvs","tribulus.terrestris",NA,"MW","N","20090616"
"6F","All","Lvs","u",NA,"MW","N","20090616"
"6F","All","Lvs","w",NA,"MW","N","20090616"
"6F","All","Lvs","x_4",NA,"MW","N","20090616"
"6F","All","Lvs","x_5",NA,"MW","N","20090616"
"6F","All","Lvs","x_6",NA,"MW","N","20090616"
"6F","All","Lvs","x_7",NA,"MW","N","20090616"
"6F","All","Lvs","x_8",NA,"MW","N","20090616"
"6F","All","Stm","bracharia.lacnantha",2,"MW","N","20090616"
"6F","All","Stm","lintonia.nutans",NA,"MW","N","20090616"
"6F","All","Stm","pennisetum.mezianum",NA,"MW","N","20090616"
"6F","All","Stm","pennisetum.straminium",NA,"MW","N","20090616"
"6F","All","Stm","themeda.triandra",1,"MW","N","20090616"
"6F","All","Stm","bare",NA,"MW","N","20090616"
"6F","All","Stm","x_2",NA,"MW","N","20090616"
"6F","All","Stm","aristida.kenyensis",NA,"MW","N","20090616"
"6F","All","Stm","bothriochloa.insculpta",NA,"MW","N","20090616"
"6F","All","Stm","bracharia.3",NA,"MW","N","20090616"
"6F","All","Stm","bracharia.eruciformis",NA,"MW","N","20090616"
"6F","All","Stm","chloris.sp",NA,"MW","N","20090616"
"6F","All","Stm","cynodon.dactylon",NA,"MW","N","20090616"
"6F","All","Stm","cynodon.plectostachyus",NA,"MW","N","20090616"
"6F","All","Stm","cyperus...mariscus.spp",NA,"MW","N","20090616"
"6F","All","Stm","digitaria.2",NA,"MW","N","20090616"
"6F","All","Stm","digitaria.milanjiana",NA,"MW","N","20090616"
"6F","All","Stm","dinebra.retroflexa",NA,"MW","N","20090616"
"6F","All","Stm","eragrostis.tenuifolia",NA,"MW","N","20090616"
"6F","All","Stm","harpachne.schimperi",NA,"MW","N","20090616"
"6F","All","Stm","microchloa.kunthii",NA,"MW","N","20090616"
"6F","All","Stm","panicum.astrosanguinum",NA,"MW","N","20090616"
"6F","All","Stm","setaria.acromelaena..small.",NA,"MW","N","20090616"
"6F","All","Stm","setaria.sphaecealata..big.",NA,"MW","N","20090616"
"6F","All","Stm","sporobolus.pyramidalis",NA,"MW","N","20090616"
"6F","All","Stm","tragus.berteronianus",NA,"MW","N","20090616"
"6F","All","Stm","x_3",NA,"MW","N","20090616"
"6F","All","Stm","acalypha.crenata",NA,"MW","N","20090616"
"6F","All","Stm","aerva.lanata",NA,"MW","N","20090616"
"6F","All","Stm","amaranthus.hibridus",NA,"MW","N","20090616"
"6F","All","Stm","aspilia.pluriseta",NA,"MW","N","20090616"
"6F","All","Stm","asterolinon.adoense..v.",NA,"MW","N","20090616"
"6F","All","Stm","caralluma.acutangula",NA,"MW","N","20090616"
"6F","All","Stm","chenopodium.opulifolium",NA,"MW","N","20090616"
"6F","All","Stm","chenopodium.schraderianum",NA,"MW","N","20090616"
"6F","All","Stm","commelina.spp",NA,"MW","N","20090616"
"6F","All","Stm","commicarpus.pedunculosus",NA,"MW","N","20090616"
"6F","All","Stm","conyza.sp",NA,"MW","N","20090616"
"6F","All","Stm","corchorus.sp",NA,"MW","N","20090616"
"6F","All","Stm","crotelaria.sp",NA,"MW","N","20090616"
"6F","All","Stm","cyathula.orthacantha",NA,"MW","N","20090616"
"6F","All","Stm","dyscoriste.radicans",NA,"MW","N","20090616"
"6F","All","Stm","euphorbia.inaequilatera",NA,"MW","N","20090616"
"6F","All","Stm","evolvulus.alsinoides",NA,"MW","N","20090616"
"6F","All","Stm","fern",NA,"MW","N","20090616"
"6F","All","Stm","gutenbergia.sp",NA,"MW","N","20090616"
"6F","All","Stm","hermannia.uhligii",NA,"MW","N","20090616"
"6F","All","Stm","hibiscus.flavifolius",NA,"MW","N","20090616"
"6F","All","Stm","hibiscus.trionum",NA,"MW","N","20090616"
"6F","All","Stm","indigofera.brevicalyx",NA,"MW","N","20090616"
"6F","All","Stm","indigofera.schimperi",NA,"MW","N","20090616"
"6F","All","Stm","ipomea.sinensis",NA,"MW","N","20090616"
"6F","All","Stm","justicia.dichipteroides",NA,"MW","N","20090616"
"6F","All","Stm","k",NA,"MW","N","20090616"
"6F","All","Stm","kyllinga.sp",NA,"MW","N","20090616"
"6F","All","Stm","leucas.glabrata",NA,"MW","N","20090616"
"6F","All","Stm","leucas.martiniscensis",NA,"MW","N","20090616"
"6F","All","Stm","lily.a",NA,"MW","N","20090616"
"6F","All","Stm","lily.b",NA,"MW","N","20090616"
"6F","All","Stm","lippia.javanica",NA,"MW","N","20090616"
"6F","All","Stm","melhania.spp.",NA,"MW","N","20090616"
"6F","All","Stm","misopates.orontium",NA,"MW","N","20090616"
"6F","All","Stm","mollugo.nudicaulis",NA,"MW","N","20090616"
"6F","All","Stm","monechima.debile",NA,"MW","N","20090616"
"6F","All","Stm","monsonia.augustifolia",NA,"MW","N","20090616"
"6F","All","Stm","ocimum.sp",NA,"MW","N","20090616"
"6F","All","Stm","osteospermum.vaillantii",NA,"MW","N","20090616"
"6F","All","Stm","oxygonum.sinuatum",NA,"MW","N","20090616"
"6F","All","Stm","pavonia.patens",NA,"MW","N","20090616"
"6F","All","Stm","pelargonium.alchemilloides",NA,"MW","N","20090616"
"6F","All","Stm","pentanisia.ouranogyne",NA,"MW","N","20090616"
"6F","All","Stm","phyllanthus.maderaspatensis",NA,"MW","N","20090616"
"6F","All","Stm","plectranthus.spp",NA,"MW","N","20090616"
"6F","All","Stm","pollichia.campestris",NA,"MW","N","20090616"
"6F","All","Stm","polygala..l.",NA,"MW","N","20090616"
"6F","All","Stm","polygala.sphenoptera",NA,"MW","N","20090616"
"6F","All","Stm","portulaca.oleracea",NA,"MW","N","20090616"
"6F","All","Stm","portulaca.quadrifida",NA,"MW","N","20090616"
"6F","All","Stm","pseudognaphalium..helichrysum.glumaceum.",NA,"MW","N","20090616"
"6F","All","Stm","psilotrichum.schimperi",NA,"MW","N","20090616"
"6F","All","Stm","rhinacanthus.ndorensis",NA,"MW","N","20090616"
"6F","All","Stm","rhynchosia.holstii",NA,"MW","N","20090616"
"6F","All","Stm","schkuhria.pinnata",NA,"MW","N","20090616"
"6F","All","Stm","sida.2",NA,"MW","N","20090616"
"6F","All","Stm","sida.cuneifolia",NA,"MW","N","20090616"
"6F","All","Stm","solanum.incanum",NA,"MW","N","20090616"
"6F","All","Stm","solanum.indicum",NA,"MW","N","20090616"
"6F","All","Stm","tribulus.terrestris",NA,"MW","N","20090616"
"6F","All","Stm","u",NA,"MW","N","20090616"
"6F","All","Stm","w",NA,"MW","N","20090616"
"6F","All","Stm","x_4",NA,"MW","N","20090616"
"6F","All","Stm","x_5",NA,"MW","N","20090616"
"6F","All","Stm","x_6",NA,"MW","N","20090616"
"6F","All","Stm","x_7",NA,"MW","N","20090616"
"6F","All","Stm","x_8",NA,"MW","N","20090616"
"6D","1st","","bracharia.lacnantha",7,"MW","N","20090616"
"6D","1st","","lintonia.nutans",NA,"MW","N","20090616"
"6D","1st","","pennisetum.mezianum",NA,"MW","N","20090616"
"6D","1st","","pennisetum.straminium",NA,"MW","N","20090616"
"6D","1st","","themeda.triandra",NA,"MW","N","20090616"
"6D","1st","","bare",3,"MW","N","20090616"
"6D","1st","","x_2",NA,"MW","N","20090616"
"6D","1st","","aristida.kenyensis",NA,"MW","N","20090616"
"6D","1st","","bothriochloa.insculpta",NA,"MW","N","20090616"
"6D","1st","","bracharia.3",NA,"MW","N","20090616"
"6D","1st","","bracharia.eruciformis",NA,"MW","N","20090616"
"6D","1st","","chloris.sp",NA,"MW","N","20090616"
"6D","1st","","cynodon.dactylon",NA,"MW","N","20090616"
"6D","1st","","cynodon.plectostachyus",NA,"MW","N","20090616"
"6D","1st","","cyperus...mariscus.spp",NA,"MW","N","20090616"
"6D","1st","","digitaria.2",NA,"MW","N","20090616"
"6D","1st","","digitaria.milanjiana",NA,"MW","N","20090616"
"6D","1st","","dinebra.retroflexa",NA,"MW","N","20090616"
"6D","1st","","eragrostis.tenuifolia",NA,"MW","N","20090616"
"6D","1st","","harpachne.schimperi",NA,"MW","N","20090616"
"6D","1st","","microchloa.kunthii",NA,"MW","N","20090616"
"6D","1st","","panicum.astrosanguinum",NA,"MW","N","20090616"
"6D","1st","","setaria.acromelaena..small.",NA,"MW","N","20090616"
"6D","1st","","setaria.sphaecealata..big.",NA,"MW","N","20090616"
"6D","1st","","sporobolus.pyramidalis",NA,"MW","N","20090616"
"6D","1st","","tragus.berteronianus",NA,"MW","N","20090616"
"6D","1st","","x_3",NA,"MW","N","20090616"
"6D","1st","","acalypha.crenata",NA,"MW","N","20090616"
"6D","1st","","aerva.lanata",NA,"MW","N","20090616"
"6D","1st","","amaranthus.hibridus",NA,"MW","N","20090616"
"6D","1st","","aspilia.pluriseta",NA,"MW","N","20090616"
"6D","1st","","asterolinon.adoense..v.",NA,"MW","N","20090616"
"6D","1st","","caralluma.acutangula",NA,"MW","N","20090616"
"6D","1st","","chenopodium.opulifolium",NA,"MW","N","20090616"
"6D","1st","","chenopodium.schraderianum",NA,"MW","N","20090616"
"6D","1st","","commelina.spp",NA,"MW","N","20090616"
"6D","1st","","commicarpus.pedunculosus",NA,"MW","N","20090616"
"6D","1st","","conyza.sp",NA,"MW","N","20090616"
"6D","1st","","corchorus.sp",NA,"MW","N","20090616"
"6D","1st","","crotelaria.sp",NA,"MW","N","20090616"
"6D","1st","","cyathula.orthacantha",NA,"MW","N","20090616"
"6D","1st","","dyscoriste.radicans",NA,"MW","N","20090616"
"6D","1st","","euphorbia.inaequilatera",NA,"MW","N","20090616"
"6D","1st","","evolvulus.alsinoides",NA,"MW","N","20090616"
"6D","1st","","fern",NA,"MW","N","20090616"
"6D","1st","","gutenbergia.sp",NA,"MW","N","20090616"
"6D","1st","","hermannia.uhligii",NA,"MW","N","20090616"
"6D","1st","","hibiscus.flavifolius",NA,"MW","N","20090616"
"6D","1st","","hibiscus.trionum",NA,"MW","N","20090616"
"6D","1st","","indigofera.brevicalyx",NA,"MW","N","20090616"
"6D","1st","","indigofera.schimperi",NA,"MW","N","20090616"
"6D","1st","","ipomea.sinensis",NA,"MW","N","20090616"
"6D","1st","","justicia.dichipteroides",NA,"MW","N","20090616"
"6D","1st","","k",NA,"MW","N","20090616"
"6D","1st","","kyllinga.sp",NA,"MW","N","20090616"
"6D","1st","","leucas.glabrata",NA,"MW","N","20090616"
"6D","1st","","leucas.martiniscensis",NA,"MW","N","20090616"
"6D","1st","","lily.a",NA,"MW","N","20090616"
"6D","1st","","lily.b",NA,"MW","N","20090616"
"6D","1st","","lippia.javanica",NA,"MW","N","20090616"
"6D","1st","","melhania.spp.",NA,"MW","N","20090616"
"6D","1st","","misopates.orontium",NA,"MW","N","20090616"
"6D","1st","","mollugo.nudicaulis",NA,"MW","N","20090616"
"6D","1st","","monechima.debile",NA,"MW","N","20090616"
"6D","1st","","monsonia.augustifolia",NA,"MW","N","20090616"
"6D","1st","","ocimum.sp",NA,"MW","N","20090616"
"6D","1st","","osteospermum.vaillantii",NA,"MW","N","20090616"
"6D","1st","","oxygonum.sinuatum",NA,"MW","N","20090616"
"6D","1st","","pavonia.patens",NA,"MW","N","20090616"
"6D","1st","","pelargonium.alchemilloides",NA,"MW","N","20090616"
"6D","1st","","pentanisia.ouranogyne",NA,"MW","N","20090616"
"6D","1st","","phyllanthus.maderaspatensis",NA,"MW","N","20090616"
"6D","1st","","plectranthus.spp",NA,"MW","N","20090616"
"6D","1st","","pollichia.campestris",NA,"MW","N","20090616"
"6D","1st","","polygala..l.",NA,"MW","N","20090616"
"6D","1st","","polygala.sphenoptera",NA,"MW","N","20090616"
"6D","1st","","portulaca.oleracea",NA,"MW","N","20090616"
"6D","1st","","portulaca.quadrifida",NA,"MW","N","20090616"
"6D","1st","","pseudognaphalium..helichrysum.glumaceum.",NA,"MW","N","20090616"
"6D","1st","","psilotrichum.schimperi",NA,"MW","N","20090616"
"6D","1st","","rhinacanthus.ndorensis",NA,"MW","N","20090616"
"6D","1st","","rhynchosia.holstii",NA,"MW","N","20090616"
"6D","1st","","schkuhria.pinnata",NA,"MW","N","20090616"
"6D","1st","","sida.2",NA,"MW","N","20090616"
"6D","1st","","sida.cuneifolia",NA,"MW","N","20090616"
"6D","1st","","solanum.incanum",NA,"MW","N","20090616"
"6D","1st","","solanum.indicum",NA,"MW","N","20090616"
"6D","1st","","tribulus.terrestris",NA,"MW","N","20090616"
"6D","1st","","u",NA,"MW","N","20090616"
"6D","1st","","w",NA,"MW","N","20090616"
"6D","1st","","x_4",NA,"MW","N","20090616"
"6D","1st","","x_5",NA,"MW","N","20090616"
"6D","1st","","x_6",NA,"MW","N","20090616"
"6D","1st","","x_7",NA,"MW","N","20090616"
"6D","1st","","x_8",NA,"MW","N","20090616"
"6D","All","Lvs","bracharia.lacnantha",27,"MW","N","20090616"
"6D","All","Lvs","lintonia.nutans",NA,"MW","N","20090616"
"6D","All","Lvs","pennisetum.mezianum",NA,"MW","N","20090616"
"6D","All","Lvs","pennisetum.straminium",NA,"MW","N","20090616"
"6D","All","Lvs","themeda.triandra",NA,"MW","N","20090616"
"6D","All","Lvs","bare",NA,"MW","N","20090616"
"6D","All","Lvs","x_2",NA,"MW","N","20090616"
"6D","All","Lvs","aristida.kenyensis",NA,"MW","N","20090616"
"6D","All","Lvs","bothriochloa.insculpta",NA,"MW","N","20090616"
"6D","All","Lvs","bracharia.3",NA,"MW","N","20090616"
"6D","All","Lvs","bracharia.eruciformis",NA,"MW","N","20090616"
"6D","All","Lvs","chloris.sp",NA,"MW","N","20090616"
"6D","All","Lvs","cynodon.dactylon",NA,"MW","N","20090616"
"6D","All","Lvs","cynodon.plectostachyus",NA,"MW","N","20090616"
"6D","All","Lvs","cyperus...mariscus.spp",NA,"MW","N","20090616"
"6D","All","Lvs","digitaria.2",NA,"MW","N","20090616"
"6D","All","Lvs","digitaria.milanjiana",NA,"MW","N","20090616"
"6D","All","Lvs","dinebra.retroflexa",NA,"MW","N","20090616"
"6D","All","Lvs","eragrostis.tenuifolia",NA,"MW","N","20090616"
"6D","All","Lvs","harpachne.schimperi",NA,"MW","N","20090616"
"6D","All","Lvs","microchloa.kunthii",NA,"MW","N","20090616"
"6D","All","Lvs","panicum.astrosanguinum",NA,"MW","N","20090616"
"6D","All","Lvs","setaria.acromelaena..small.",NA,"MW","N","20090616"
"6D","All","Lvs","setaria.sphaecealata..big.",NA,"MW","N","20090616"
"6D","All","Lvs","sporobolus.pyramidalis",NA,"MW","N","20090616"
"6D","All","Lvs","tragus.berteronianus",NA,"MW","N","20090616"
"6D","All","Lvs","x_3",NA,"MW","N","20090616"
"6D","All","Lvs","acalypha.crenata",NA,"MW","N","20090616"
"6D","All","Lvs","aerva.lanata",NA,"MW","N","20090616"
"6D","All","Lvs","amaranthus.hibridus",NA,"MW","N","20090616"
"6D","All","Lvs","aspilia.pluriseta",NA,"MW","N","20090616"
"6D","All","Lvs","asterolinon.adoense..v.",NA,"MW","N","20090616"
"6D","All","Lvs","caralluma.acutangula",NA,"MW","N","20090616"
"6D","All","Lvs","chenopodium.opulifolium",NA,"MW","N","20090616"
"6D","All","Lvs","chenopodium.schraderianum",NA,"MW","N","20090616"
"6D","All","Lvs","commelina.spp",NA,"MW","N","20090616"
"6D","All","Lvs","commicarpus.pedunculosus",NA,"MW","N","20090616"
"6D","All","Lvs","conyza.sp",NA,"MW","N","20090616"
"6D","All","Lvs","corchorus.sp",NA,"MW","N","20090616"
"6D","All","Lvs","crotelaria.sp",NA,"MW","N","20090616"
"6D","All","Lvs","cyathula.orthacantha",NA,"MW","N","20090616"
"6D","All","Lvs","dyscoriste.radicans",NA,"MW","N","20090616"
"6D","All","Lvs","euphorbia.inaequilatera",NA,"MW","N","20090616"
"6D","All","Lvs","evolvulus.alsinoides",NA,"MW","N","20090616"
"6D","All","Lvs","fern",NA,"MW","N","20090616"
"6D","All","Lvs","gutenbergia.sp",NA,"MW","N","20090616"
"6D","All","Lvs","hermannia.uhligii",NA,"MW","N","20090616"
"6D","All","Lvs","hibiscus.flavifolius",NA,"MW","N","20090616"
"6D","All","Lvs","hibiscus.trionum",NA,"MW","N","20090616"
"6D","All","Lvs","indigofera.brevicalyx",NA,"MW","N","20090616"
"6D","All","Lvs","indigofera.schimperi",NA,"MW","N","20090616"
"6D","All","Lvs","ipomea.sinensis",NA,"MW","N","20090616"
"6D","All","Lvs","justicia.dichipteroides",NA,"MW","N","20090616"
"6D","All","Lvs","k",NA,"MW","N","20090616"
"6D","All","Lvs","kyllinga.sp",NA,"MW","N","20090616"
"6D","All","Lvs","leucas.glabrata",NA,"MW","N","20090616"
"6D","All","Lvs","leucas.martiniscensis",NA,"MW","N","20090616"
"6D","All","Lvs","lily.a",NA,"MW","N","20090616"
"6D","All","Lvs","lily.b",NA,"MW","N","20090616"
"6D","All","Lvs","lippia.javanica",NA,"MW","N","20090616"
"6D","All","Lvs","melhania.spp.",NA,"MW","N","20090616"
"6D","All","Lvs","misopates.orontium",NA,"MW","N","20090616"
"6D","All","Lvs","mollugo.nudicaulis",NA,"MW","N","20090616"
"6D","All","Lvs","monechima.debile",NA,"MW","N","20090616"
"6D","All","Lvs","monsonia.augustifolia",NA,"MW","N","20090616"
"6D","All","Lvs","ocimum.sp",NA,"MW","N","20090616"
"6D","All","Lvs","osteospermum.vaillantii",NA,"MW","N","20090616"
"6D","All","Lvs","oxygonum.sinuatum",NA,"MW","N","20090616"
"6D","All","Lvs","pavonia.patens",NA,"MW","N","20090616"
"6D","All","Lvs","pelargonium.alchemilloides",NA,"MW","N","20090616"
"6D","All","Lvs","pentanisia.ouranogyne",NA,"MW","N","20090616"
"6D","All","Lvs","phyllanthus.maderaspatensis",NA,"MW","N","20090616"
"6D","All","Lvs","plectranthus.spp",NA,"MW","N","20090616"
"6D","All","Lvs","pollichia.campestris",NA,"MW","N","20090616"
"6D","All","Lvs","polygala..l.",NA,"MW","N","20090616"
"6D","All","Lvs","polygala.sphenoptera",NA,"MW","N","20090616"
"6D","All","Lvs","portulaca.oleracea",NA,"MW","N","20090616"
"6D","All","Lvs","portulaca.quadrifida",NA,"MW","N","20090616"
"6D","All","Lvs","pseudognaphalium..helichrysum.glumaceum.",NA,"MW","N","20090616"
"6D","All","Lvs","psilotrichum.schimperi",NA,"MW","N","20090616"
"6D","All","Lvs","rhinacanthus.ndorensis",NA,"MW","N","20090616"
"6D","All","Lvs","rhynchosia.holstii",NA,"MW","N","20090616"
"6D","All","Lvs","schkuhria.pinnata",NA,"MW","N","20090616"
"6D","All","Lvs","sida.2",NA,"MW","N","20090616"
"6D","All","Lvs","sida.cuneifolia",NA,"MW","N","20090616"
"6D","All","Lvs","solanum.incanum",NA,"MW","N","20090616"
"6D","All","Lvs","solanum.indicum",NA,"MW","N","20090616"
"6D","All","Lvs","tribulus.terrestris",NA,"MW","N","20090616"
"6D","All","Lvs","u",NA,"MW","N","20090616"
"6D","All","Lvs","w",NA,"MW","N","20090616"
"6D","All","Lvs","x_4",NA,"MW","N","20090616"
"6D","All","Lvs","x_5",NA,"MW","N","20090616"
"6D","All","Lvs","x_6",NA,"MW","N","20090616"
"6D","All","Lvs","x_7",NA,"MW","N","20090616"
"6D","All","Lvs","x_8",NA,"MW","N","20090616"
"6D","All","Stm","bracharia.lacnantha",4,"MW","N","20090616"
"6D","All","Stm","lintonia.nutans",NA,"MW","N","20090616"
"6D","All","Stm","pennisetum.mezianum",NA,"MW","N","20090616"
"6D","All","Stm","pennisetum.straminium",NA,"MW","N","20090616"
"6D","All","Stm","themeda.triandra",NA,"MW","N","20090616"
"6D","All","Stm","bare",NA,"MW","N","20090616"
"6D","All","Stm","x_2",NA,"MW","N","20090616"
"6D","All","Stm","aristida.kenyensis",NA,"MW","N","20090616"
"6D","All","Stm","bothriochloa.insculpta",NA,"MW","N","20090616"
"6D","All","Stm","bracharia.3",NA,"MW","N","20090616"
"6D","All","Stm","bracharia.eruciformis",NA,"MW","N","20090616"
"6D","All","Stm","chloris.sp",NA,"MW","N","20090616"
"6D","All","Stm","cynodon.dactylon",NA,"MW","N","20090616"
"6D","All","Stm","cynodon.plectostachyus",NA,"MW","N","20090616"
"6D","All","Stm","cyperus...mariscus.spp",NA,"MW","N","20090616"
"6D","All","Stm","digitaria.2",NA,"MW","N","20090616"
"6D","All","Stm","digitaria.milanjiana",NA,"MW","N","20090616"
"6D","All","Stm","dinebra.retroflexa",NA,"MW","N","20090616"
"6D","All","Stm","eragrostis.tenuifolia",NA,"MW","N","20090616"
"6D","All","Stm","harpachne.schimperi",NA,"MW","N","20090616"
"6D","All","Stm","microchloa.kunthii",NA,"MW","N","20090616"
"6D","All","Stm","panicum.astrosanguinum",NA,"MW","N","20090616"
"6D","All","Stm","setaria.acromelaena..small.",NA,"MW","N","20090616"
"6D","All","Stm","setaria.sphaecealata..big.",NA,"MW","N","20090616"
"6D","All","Stm","sporobolus.pyramidalis",NA,"MW","N","20090616"
"6D","All","Stm","tragus.berteronianus",NA,"MW","N","20090616"
"6D","All","Stm","x_3",NA,"MW","N","20090616"
"6D","All","Stm","acalypha.crenata",NA,"MW","N","20090616"
"6D","All","Stm","aerva.lanata",NA,"MW","N","20090616"
"6D","All","Stm","amaranthus.hibridus",NA,"MW","N","20090616"
"6D","All","Stm","aspilia.pluriseta",NA,"MW","N","20090616"
"6D","All","Stm","asterolinon.adoense..v.",NA,"MW","N","20090616"
"6D","All","Stm","caralluma.acutangula",NA,"MW","N","20090616"
"6D","All","Stm","chenopodium.opulifolium",NA,"MW","N","20090616"
"6D","All","Stm","chenopodium.schraderianum",NA,"MW","N","20090616"
"6D","All","Stm","commelina.spp",NA,"MW","N","20090616"
"6D","All","Stm","commicarpus.pedunculosus",NA,"MW","N","20090616"
"6D","All","Stm","conyza.sp",NA,"MW","N","20090616"
"6D","All","Stm","corchorus.sp",NA,"MW","N","20090616"
"6D","All","Stm","crotelaria.sp",NA,"MW","N","20090616"
"6D","All","Stm","cyathula.orthacantha",NA,"MW","N","20090616"
"6D","All","Stm","dyscoriste.radicans",NA,"MW","N","20090616"
"6D","All","Stm","euphorbia.inaequilatera",NA,"MW","N","20090616"
"6D","All","Stm","evolvulus.alsinoides",NA,"MW","N","20090616"
"6D","All","Stm","fern",NA,"MW","N","20090616"
"6D","All","Stm","gutenbergia.sp",NA,"MW","N","20090616"
"6D","All","Stm","hermannia.uhligii",NA,"MW","N","20090616"
"6D","All","Stm","hibiscus.flavifolius",NA,"MW","N","20090616"
"6D","All","Stm","hibiscus.trionum",NA,"MW","N","20090616"
"6D","All","Stm","indigofera.brevicalyx",NA,"MW","N","20090616"
"6D","All","Stm","indigofera.schimperi",NA,"MW","N","20090616"
"6D","All","Stm","ipomea.sinensis",NA,"MW","N","20090616"
"6D","All","Stm","justicia.dichipteroides",NA,"MW","N","20090616"
"6D","All","Stm","k",NA,"MW","N","20090616"
"6D","All","Stm","kyllinga.sp",NA,"MW","N","20090616"
"6D","All","Stm","leucas.glabrata",NA,"MW","N","20090616"
"6D","All","Stm","leucas.martiniscensis",NA,"MW","N","20090616"
"6D","All","Stm","lily.a",NA,"MW","N","20090616"
"6D","All","Stm","lily.b",NA,"MW","N","20090616"
"6D","All","Stm","lippia.javanica",NA,"MW","N","20090616"
"6D","All","Stm","melhania.spp.",NA,"MW","N","20090616"
"6D","All","Stm","misopates.orontium",NA,"MW","N","20090616"
"6D","All","Stm","mollugo.nudicaulis",NA,"MW","N","20090616"
"6D","All","Stm","monechima.debile",NA,"MW","N","20090616"
"6D","All","Stm","monsonia.augustifolia",NA,"MW","N","20090616"
"6D","All","Stm","ocimum.sp",NA,"MW","N","20090616"
"6D","All","Stm","osteospermum.vaillantii",NA,"MW","N","20090616"
"6D","All","Stm","oxygonum.sinuatum",NA,"MW","N","20090616"
"6D","All","Stm","pavonia.patens",NA,"MW","N","20090616"
"6D","All","Stm","pelargonium.alchemilloides",NA,"MW","N","20090616"
"6D","All","Stm","pentanisia.ouranogyne",NA,"MW","N","20090616"
"6D","All","Stm","phyllanthus.maderaspatensis",NA,"MW","N","20090616"
"6D","All","Stm","plectranthus.spp",NA,"MW","N","20090616"
"6D","All","Stm","pollichia.campestris",NA,"MW","N","20090616"
"6D","All","Stm","polygala..l.",NA,"MW","N","20090616"
"6D","All","Stm","polygala.sphenoptera",NA,"MW","N","20090616"
"6D","All","Stm","portulaca.oleracea",NA,"MW","N","20090616"
"6D","All","Stm","portulaca.quadrifida",NA,"MW","N","20090616"
"6D","All","Stm","pseudognaphalium..helichrysum.glumaceum.",NA,"MW","N","20090616"
"6D","All","Stm","psilotrichum.schimperi",NA,"MW","N","20090616"
"6D","All","Stm","rhinacanthus.ndorensis",NA,"MW","N","20090616"
"6D","All","Stm","rhynchosia.holstii",NA,"MW","N","20090616"
"6D","All","Stm","schkuhria.pinnata",NA,"MW","N","20090616"
"6D","All","Stm","sida.2",NA,"MW","N","20090616"
"6D","All","Stm","sida.cuneifolia",NA,"MW","N","20090616"
"6D","All","Stm","solanum.incanum",NA,"MW","N","20090616"
"6D","All","Stm","solanum.indicum",NA,"MW","N","20090616"
"6D","All","Stm","tribulus.terrestris",NA,"MW","N","20090616"
"6D","All","Stm","u",NA,"MW","N","20090616"
"6D","All","Stm","w",NA,"MW","N","20090616"
"6D","All","Stm","x_4",NA,"MW","N","20090616"
"6D","All","Stm","x_5",NA,"MW","N","20090616"
"6D","All","Stm","x_6",NA,"MW","N","20090616"
"6D","All","Stm","x_7",NA,"MW","N","20090616"
"6D","All","Stm","x_8",NA,"MW","N","20090616"
"6B","1st","","bracharia.lacnantha",NA,"MW","N","20090616"
"6B","1st","","lintonia.nutans",NA,"MW","N","20090616"
"6B","1st","","pennisetum.mezianum",NA,"MW","N","20090616"
"6B","1st","","pennisetum.straminium",5,"MW","N","20090616"
"6B","1st","","themeda.triandra",5,"MW","N","20090616"
"6B","1st","","bare",1,"MW","N","20090616"
"6B","1st","","x_2",NA,"MW","N","20090616"
"6B","1st","","aristida.kenyensis",NA,"MW","N","20090616"
"6B","1st","","bothriochloa.insculpta",NA,"MW","N","20090616"
"6B","1st","","bracharia.3",NA,"MW","N","20090616"
"6B","1st","","bracharia.eruciformis",NA,"MW","N","20090616"
"6B","1st","","chloris.sp",NA,"MW","N","20090616"
"6B","1st","","cynodon.dactylon",NA,"MW","N","20090616"
"6B","1st","","cynodon.plectostachyus",NA,"MW","N","20090616"
"6B","1st","","cyperus...mariscus.spp",NA,"MW","N","20090616"
"6B","1st","","digitaria.2",NA,"MW","N","20090616"
"6B","1st","","digitaria.milanjiana",NA,"MW","N","20090616"
"6B","1st","","dinebra.retroflexa",NA,"MW","N","20090616"
"6B","1st","","eragrostis.tenuifolia",NA,"MW","N","20090616"
"6B","1st","","harpachne.schimperi",NA,"MW","N","20090616"
"6B","1st","","microchloa.kunthii",NA,"MW","N","20090616"
"6B","1st","","panicum.astrosanguinum",NA,"MW","N","20090616"
"6B","1st","","setaria.acromelaena..small.",NA,"MW","N","20090616"
"6B","1st","","setaria.sphaecealata..big.",NA,"MW","N","20090616"
"6B","1st","","sporobolus.pyramidalis",NA,"MW","N","20090616"
"6B","1st","","tragus.berteronianus",NA,"MW","N","20090616"
"6B","1st","","x_3",NA,"MW","N","20090616"
"6B","1st","","acalypha.crenata",NA,"MW","N","20090616"
"6B","1st","","aerva.lanata",NA,"MW","N","20090616"
"6B","1st","","amaranthus.hibridus",NA,"MW","N","20090616"
"6B","1st","","aspilia.pluriseta",NA,"MW","N","20090616"
"6B","1st","","asterolinon.adoense..v.",NA,"MW","N","20090616"
"6B","1st","","caralluma.acutangula",NA,"MW","N","20090616"
"6B","1st","","chenopodium.opulifolium",NA,"MW","N","20090616"
"6B","1st","","chenopodium.schraderianum",NA,"MW","N","20090616"
"6B","1st","","commelina.spp",NA,"MW","N","20090616"
"6B","1st","","commicarpus.pedunculosus",NA,"MW","N","20090616"
"6B","1st","","conyza.sp",NA,"MW","N","20090616"
"6B","1st","","corchorus.sp",NA,"MW","N","20090616"
"6B","1st","","crotelaria.sp",NA,"MW","N","20090616"
"6B","1st","","cyathula.orthacantha",NA,"MW","N","20090616"
"6B","1st","","dyscoriste.radicans",NA,"MW","N","20090616"
"6B","1st","","euphorbia.inaequilatera",NA,"MW","N","20090616"
"6B","1st","","evolvulus.alsinoides",NA,"MW","N","20090616"
"6B","1st","","fern",NA,"MW","N","20090616"
"6B","1st","","gutenbergia.sp",NA,"MW","N","20090616"
"6B","1st","","hermannia.uhligii",NA,"MW","N","20090616"
"6B","1st","","hibiscus.flavifolius",NA,"MW","N","20090616"
"6B","1st","","hibiscus.trionum",NA,"MW","N","20090616"
"6B","1st","","indigofera.brevicalyx",NA,"MW","N","20090616"
"6B","1st","","indigofera.schimperi",NA,"MW","N","20090616"
"6B","1st","","ipomea.sinensis",NA,"MW","N","20090616"
"6B","1st","","justicia.dichipteroides",NA,"MW","N","20090616"
"6B","1st","","k",NA,"MW","N","20090616"
"6B","1st","","kyllinga.sp",NA,"MW","N","20090616"
"6B","1st","","leucas.glabrata",NA,"MW","N","20090616"
"6B","1st","","leucas.martiniscensis",NA,"MW","N","20090616"
"6B","1st","","lily.a",NA,"MW","N","20090616"
"6B","1st","","lily.b",NA,"MW","N","20090616"
"6B","1st","","lippia.javanica",NA,"MW","N","20090616"
"6B","1st","","melhania.spp.",NA,"MW","N","20090616"
"6B","1st","","misopates.orontium",NA,"MW","N","20090616"
"6B","1st","","mollugo.nudicaulis",NA,"MW","N","20090616"
"6B","1st","","monechima.debile",NA,"MW","N","20090616"
"6B","1st","","monsonia.augustifolia",NA,"MW","N","20090616"
"6B","1st","","ocimum.sp",NA,"MW","N","20090616"
"6B","1st","","osteospermum.vaillantii",NA,"MW","N","20090616"
"6B","1st","","oxygonum.sinuatum",NA,"MW","N","20090616"
"6B","1st","","pavonia.patens",NA,"MW","N","20090616"
"6B","1st","","pelargonium.alchemilloides",NA,"MW","N","20090616"
"6B","1st","","pentanisia.ouranogyne",NA,"MW","N","20090616"
"6B","1st","","phyllanthus.maderaspatensis",NA,"MW","N","20090616"
"6B","1st","","plectranthus.spp",NA,"MW","N","20090616"
"6B","1st","","pollichia.campestris",NA,"MW","N","20090616"
"6B","1st","","polygala..l.",NA,"MW","N","20090616"
"6B","1st","","polygala.sphenoptera",NA,"MW","N","20090616"
"6B","1st","","portulaca.oleracea",NA,"MW","N","20090616"
"6B","1st","","portulaca.quadrifida",NA,"MW","N","20090616"
"6B","1st","","pseudognaphalium..helichrysum.glumaceum.",NA,"MW","N","20090616"
"6B","1st","","psilotrichum.schimperi",NA,"MW","N","20090616"
"6B","1st","","rhinacanthus.ndorensis",NA,"MW","N","20090616"
"6B","1st","","rhynchosia.holstii",NA,"MW","N","20090616"
"6B","1st","","schkuhria.pinnata",NA,"MW","N","20090616"
"6B","1st","","sida.2",NA,"MW","N","20090616"
"6B","1st","","sida.cuneifolia",NA,"MW","N","20090616"
"6B","1st","","solanum.incanum",NA,"MW","N","20090616"
"6B","1st","","solanum.indicum",NA,"MW","N","20090616"
"6B","1st","","tribulus.terrestris",NA,"MW","N","20090616"
"6B","1st","","u",NA,"MW","N","20090616"
"6B","1st","","w",NA,"MW","N","20090616"
"6B","1st","","x_4",NA,"MW","N","20090616"
"6B","1st","","x_5",NA,"MW","N","20090616"
"6B","1st","","x_6",NA,"MW","N","20090616"
"6B","1st","","x_7",NA,"MW","N","20090616"
"6B","1st","","x_8",NA,"MW","N","20090616"
"6B","All","Lvs","bracharia.lacnantha",NA,"MW","N","20090616"
"6B","All","Lvs","lintonia.nutans",NA,"MW","N","20090616"
"6B","All","Lvs","pennisetum.mezianum",NA,"MW","N","20090616"
"6B","All","Lvs","pennisetum.straminium",1,"MW","N","20090616"
"6B","All","Lvs","themeda.triandra",10,"MW","N","20090616"
"6B","All","Lvs","bare",NA,"MW","N","20090616"
"6B","All","Lvs","x_2",NA,"MW","N","20090616"
"6B","All","Lvs","aristida.kenyensis",NA,"MW","N","20090616"
"6B","All","Lvs","bothriochloa.insculpta",NA,"MW","N","20090616"
"6B","All","Lvs","bracharia.3",NA,"MW","N","20090616"
"6B","All","Lvs","bracharia.eruciformis",NA,"MW","N","20090616"
"6B","All","Lvs","chloris.sp",NA,"MW","N","20090616"
"6B","All","Lvs","cynodon.dactylon",NA,"MW","N","20090616"
"6B","All","Lvs","cynodon.plectostachyus",NA,"MW","N","20090616"
"6B","All","Lvs","cyperus...mariscus.spp",NA,"MW","N","20090616"
"6B","All","Lvs","digitaria.2",NA,"MW","N","20090616"
"6B","All","Lvs","digitaria.milanjiana",NA,"MW","N","20090616"
"6B","All","Lvs","dinebra.retroflexa",NA,"MW","N","20090616"
"6B","All","Lvs","eragrostis.tenuifolia",NA,"MW","N","20090616"
"6B","All","Lvs","harpachne.schimperi",NA,"MW","N","20090616"
"6B","All","Lvs","microchloa.kunthii",NA,"MW","N","20090616"
"6B","All","Lvs","panicum.astrosanguinum",NA,"MW","N","20090616"
"6B","All","Lvs","setaria.acromelaena..small.",NA,"MW","N","20090616"
"6B","All","Lvs","setaria.sphaecealata..big.",NA,"MW","N","20090616"
"6B","All","Lvs","sporobolus.pyramidalis",NA,"MW","N","20090616"
"6B","All","Lvs","tragus.berteronianus",NA,"MW","N","20090616"
"6B","All","Lvs","x_3",NA,"MW","N","20090616"
"6B","All","Lvs","acalypha.crenata",NA,"MW","N","20090616"
"6B","All","Lvs","aerva.lanata",NA,"MW","N","20090616"
"6B","All","Lvs","amaranthus.hibridus",NA,"MW","N","20090616"
"6B","All","Lvs","aspilia.pluriseta",NA,"MW","N","20090616"
"6B","All","Lvs","asterolinon.adoense..v.",NA,"MW","N","20090616"
"6B","All","Lvs","caralluma.acutangula",NA,"MW","N","20090616"
"6B","All","Lvs","chenopodium.opulifolium",NA,"MW","N","20090616"
"6B","All","Lvs","chenopodium.schraderianum",NA,"MW","N","20090616"
"6B","All","Lvs","commelina.spp",NA,"MW","N","20090616"
"6B","All","Lvs","commicarpus.pedunculosus",NA,"MW","N","20090616"
"6B","All","Lvs","conyza.sp",NA,"MW","N","20090616"
"6B","All","Lvs","corchorus.sp",NA,"MW","N","20090616"
"6B","All","Lvs","crotelaria.sp",NA,"MW","N","20090616"
"6B","All","Lvs","cyathula.orthacantha",NA,"MW","N","20090616"
"6B","All","Lvs","dyscoriste.radicans",NA,"MW","N","20090616"
"6B","All","Lvs","euphorbia.inaequilatera",NA,"MW","N","20090616"
"6B","All","Lvs","evolvulus.alsinoides",NA,"MW","N","20090616"
"6B","All","Lvs","fern",NA,"MW","N","20090616"
"6B","All","Lvs","gutenbergia.sp",NA,"MW","N","20090616"
"6B","All","Lvs","hermannia.uhligii",NA,"MW","N","20090616"
"6B","All","Lvs","hibiscus.flavifolius",NA,"MW","N","20090616"
"6B","All","Lvs","hibiscus.trionum",NA,"MW","N","20090616"
"6B","All","Lvs","indigofera.brevicalyx",NA,"MW","N","20090616"
"6B","All","Lvs","indigofera.schimperi",NA,"MW","N","20090616"
"6B","All","Lvs","ipomea.sinensis",NA,"MW","N","20090616"
"6B","All","Lvs","justicia.dichipteroides",NA,"MW","N","20090616"
"6B","All","Lvs","k",NA,"MW","N","20090616"
"6B","All","Lvs","kyllinga.sp",NA,"MW","N","20090616"
"6B","All","Lvs","leucas.glabrata",NA,"MW","N","20090616"
"6B","All","Lvs","leucas.martiniscensis",NA,"MW","N","20090616"
"6B","All","Lvs","lily.a",NA,"MW","N","20090616"
"6B","All","Lvs","lily.b",NA,"MW","N","20090616"
"6B","All","Lvs","lippia.javanica",NA,"MW","N","20090616"
"6B","All","Lvs","melhania.spp.",NA,"MW","N","20090616"
"6B","All","Lvs","misopates.orontium",NA,"MW","N","20090616"
"6B","All","Lvs","mollugo.nudicaulis",NA,"MW","N","20090616"
"6B","All","Lvs","monechima.debile",NA,"MW","N","20090616"
"6B","All","Lvs","monsonia.augustifolia",NA,"MW","N","20090616"
"6B","All","Lvs","ocimum.sp",NA,"MW","N","20090616"
"6B","All","Lvs","osteospermum.vaillantii",NA,"MW","N","20090616"
"6B","All","Lvs","oxygonum.sinuatum",NA,"MW","N","20090616"
"6B","All","Lvs","pavonia.patens",NA,"MW","N","20090616"
"6B","All","Lvs","pelargonium.alchemilloides",NA,"MW","N","20090616"
"6B","All","Lvs","pentanisia.ouranogyne",NA,"MW","N","20090616"
"6B","All","Lvs","phyllanthus.maderaspatensis",NA,"MW","N","20090616"
"6B","All","Lvs","plectranthus.spp",NA,"MW","N","20090616"
"6B","All","Lvs","pollichia.campestris",NA,"MW","N","20090616"
"6B","All","Lvs","polygala..l.",NA,"MW","N","20090616"
"6B","All","Lvs","polygala.sphenoptera",NA,"MW","N","20090616"
"6B","All","Lvs","portulaca.oleracea",NA,"MW","N","20090616"
"6B","All","Lvs","portulaca.quadrifida",NA,"MW","N","20090616"
"6B","All","Lvs","pseudognaphalium..helichrysum.glumaceum.",NA,"MW","N","20090616"
"6B","All","Lvs","psilotrichum.schimperi",NA,"MW","N","20090616"
"6B","All","Lvs","rhinacanthus.ndorensis",NA,"MW","N","20090616"
"6B","All","Lvs","rhynchosia.holstii",NA,"MW","N","20090616"
"6B","All","Lvs","schkuhria.pinnata",NA,"MW","N","20090616"
"6B","All","Lvs","sida.2",NA,"MW","N","20090616"
"6B","All","Lvs","sida.cuneifolia",NA,"MW","N","20090616"
"6B","All","Lvs","solanum.incanum",NA,"MW","N","20090616"
"6B","All","Lvs","solanum.indicum",NA,"MW","N","20090616"
"6B","All","Lvs","tribulus.terrestris",NA,"MW","N","20090616"
"6B","All","Lvs","u",NA,"MW","N","20090616"
"6B","All","Lvs","w",NA,"MW","N","20090616"
"6B","All","Lvs","x_4",NA,"MW","N","20090616"
"6B","All","Lvs","x_5",NA,"MW","N","20090616"
"6B","All","Lvs","x_6",NA,"MW","N","20090616"
"6B","All","Lvs","x_7",NA,"MW","N","20090616"
"6B","All","Lvs","x_8",NA,"MW","N","20090616"
"6B","All","Stm","bracharia.lacnantha",NA,"MW","N","20090616"
"6B","All","Stm","lintonia.nutans",NA,"MW","N","20090616"
"6B","All","Stm","pennisetum.mezianum",NA,"MW","N","20090616"
"6B","All","Stm","pennisetum.straminium",7,"MW","N","20090616"
"6B","All","Stm","themeda.triandra",1,"MW","N","20090616"
"6B","All","Stm","bare",NA,"MW","N","20090616"
"6B","All","Stm","x_2",NA,"MW","N","20090616"
"6B","All","Stm","aristida.kenyensis",NA,"MW","N","20090616"
"6B","All","Stm","bothriochloa.insculpta",NA,"MW","N","20090616"
"6B","All","Stm","bracharia.3",NA,"MW","N","20090616"
"6B","All","Stm","bracharia.eruciformis",NA,"MW","N","20090616"
"6B","All","Stm","chloris.sp",NA,"MW","N","20090616"
"6B","All","Stm","cynodon.dactylon",NA,"MW","N","20090616"
"6B","All","Stm","cynodon.plectostachyus",NA,"MW","N","20090616"
"6B","All","Stm","cyperus...mariscus.spp",NA,"MW","N","20090616"
"6B","All","Stm","digitaria.2",NA,"MW","N","20090616"
"6B","All","Stm","digitaria.milanjiana",NA,"MW","N","20090616"
"6B","All","Stm","dinebra.retroflexa",NA,"MW","N","20090616"
"6B","All","Stm","eragrostis.tenuifolia",NA,"MW","N","20090616"
"6B","All","Stm","harpachne.schimperi",NA,"MW","N","20090616"
"6B","All","Stm","microchloa.kunthii",NA,"MW","N","20090616"
"6B","All","Stm","panicum.astrosanguinum",NA,"MW","N","20090616"
"6B","All","Stm","setaria.acromelaena..small.",NA,"MW","N","20090616"
"6B","All","Stm","setaria.sphaecealata..big.",NA,"MW","N","20090616"
"6B","All","Stm","sporobolus.pyramidalis",NA,"MW","N","20090616"
"6B","All","Stm","tragus.berteronianus",NA,"MW","N","20090616"
"6B","All","Stm","x_3",NA,"MW","N","20090616"
"6B","All","Stm","acalypha.crenata",NA,"MW","N","20090616"
"6B","All","Stm","aerva.lanata",NA,"MW","N","20090616"
"6B","All","Stm","amaranthus.hibridus",NA,"MW","N","20090616"
"6B","All","Stm","aspilia.pluriseta",NA,"MW","N","20090616"
"6B","All","Stm","asterolinon.adoense..v.",NA,"MW","N","20090616"
"6B","All","Stm","caralluma.acutangula",NA,"MW","N","20090616"
"6B","All","Stm","chenopodium.opulifolium",NA,"MW","N","20090616"
"6B","All","Stm","chenopodium.schraderianum",NA,"MW","N","20090616"
"6B","All","Stm","commelina.spp",NA,"MW","N","20090616"
"6B","All","Stm","commicarpus.pedunculosus",NA,"MW","N","20090616"
"6B","All","Stm","conyza.sp",NA,"MW","N","20090616"
"6B","All","Stm","corchorus.sp",NA,"MW","N","20090616"
"6B","All","Stm","crotelaria.sp",NA,"MW","N","20090616"
"6B","All","Stm","cyathula.orthacantha",NA,"MW","N","20090616"
"6B","All","Stm","dyscoriste.radicans",NA,"MW","N","20090616"
"6B","All","Stm","euphorbia.inaequilatera",NA,"MW","N","20090616"
"6B","All","Stm","evolvulus.alsinoides",NA,"MW","N","20090616"
"6B","All","Stm","fern",NA,"MW","N","20090616"
"6B","All","Stm","gutenbergia.sp",NA,"MW","N","20090616"
"6B","All","Stm","hermannia.uhligii",NA,"MW","N","20090616"
"6B","All","Stm","hibiscus.flavifolius",NA,"MW","N","20090616"
"6B","All","Stm","hibiscus.trionum",NA,"MW","N","20090616"
"6B","All","Stm","indigofera.brevicalyx",NA,"MW","N","20090616"
"6B","All","Stm","indigofera.schimperi",NA,"MW","N","20090616"
"6B","All","Stm","ipomea.sinensis",NA,"MW","N","20090616"
"6B","All","Stm","justicia.dichipteroides",NA,"MW","N","20090616"
"6B","All","Stm","k",NA,"MW","N","20090616"
"6B","All","Stm","kyllinga.sp",NA,"MW","N","20090616"
"6B","All","Stm","leucas.glabrata",NA,"MW","N","20090616"
"6B","All","Stm","leucas.martiniscensis",NA,"MW","N","20090616"
"6B","All","Stm","lily.a",NA,"MW","N","20090616"
"6B","All","Stm","lily.b",NA,"MW","N","20090616"
"6B","All","Stm","lippia.javanica",NA,"MW","N","20090616"
"6B","All","Stm","melhania.spp.",NA,"MW","N","20090616"
"6B","All","Stm","misopates.orontium",NA,"MW","N","20090616"
"6B","All","Stm","mollugo.nudicaulis",NA,"MW","N","20090616"
"6B","All","Stm","monechima.debile",NA,"MW","N","20090616"
"6B","All","Stm","monsonia.augustifolia",NA,"MW","N","20090616"
"6B","All","Stm","ocimum.sp",NA,"MW","N","20090616"
"6B","All","Stm","osteospermum.vaillantii",NA,"MW","N","20090616"
"6B","All","Stm","oxygonum.sinuatum",NA,"MW","N","20090616"
"6B","All","Stm","pavonia.patens",NA,"MW","N","20090616"
"6B","All","Stm","pelargonium.alchemilloides",NA,"MW","N","20090616"
"6B","All","Stm","pentanisia.ouranogyne",NA,"MW","N","20090616"
"6B","All","Stm","phyllanthus.maderaspatensis",NA,"MW","N","20090616"
"6B","All","Stm","plectranthus.spp",NA,"MW","N","20090616"
"6B","All","Stm","pollichia.campestris",NA,"MW","N","20090616"
"6B","All","Stm","polygala..l.",NA,"MW","N","20090616"
"6B","All","Stm","polygala.sphenoptera",NA,"MW","N","20090616"
"6B","All","Stm","portulaca.oleracea",NA,"MW","N","20090616"
"6B","All","Stm","portulaca.quadrifida",NA,"MW","N","20090616"
"6B","All","Stm","pseudognaphalium..helichrysum.glumaceum.",NA,"MW","N","20090616"
"6B","All","Stm","psilotrichum.schimperi",NA,"MW","N","20090616"
"6B","All","Stm","rhinacanthus.ndorensis",NA,"MW","N","20090616"
"6B","All","Stm","rhynchosia.holstii",NA,"MW","N","20090616"
"6B","All","Stm","schkuhria.pinnata",NA,"MW","N","20090616"
"6B","All","Stm","sida.2",NA,"MW","N","20090616"
"6B","All","Stm","sida.cuneifolia",NA,"MW","N","20090616"
"6B","All","Stm","solanum.incanum",NA,"MW","N","20090616"
"6B","All","Stm","solanum.indicum",NA,"MW","N","20090616"
"6B","All","Stm","tribulus.terrestris",NA,"MW","N","20090616"
"6B","All","Stm","u",NA,"MW","N","20090616"
"6B","All","Stm","w",NA,"MW","N","20090616"
"6B","All","Stm","x_4",NA,"MW","N","20090616"
"6B","All","Stm","x_5",NA,"MW","N","20090616"
"6B","All","Stm","x_6",NA,"MW","N","20090616"
"6B","All","Stm","x_7",NA,"MW","N","20090616"
"6B","All","Stm","x_8",NA,"MW","N","20090616"
"7A","1st","","bracharia.lacnantha",NA,"MW","N","20090616"
"7A","1st","","lintonia.nutans",NA,"MW","N","20090616"
"7A","1st","","pennisetum.mezianum",NA,"MW","N","20090616"
"7A","1st","","pennisetum.straminium",NA,"MW","N","20090616"
"7A","1st","","themeda.triandra",NA,"MW","N","20090616"
"7A","1st","","bare",2,"MW","N","20090616"
"7A","1st","","x_2",NA,"MW","N","20090616"
"7A","1st","","aristida.kenyensis",NA,"MW","N","20090616"
"7A","1st","","bothriochloa.insculpta",NA,"MW","N","20090616"
"7A","1st","","bracharia.3",NA,"MW","N","20090616"
"7A","1st","","bracharia.eruciformis",NA,"MW","N","20090616"
"7A","1st","","chloris.sp",NA,"MW","N","20090616"
"7A","1st","","cynodon.dactylon",NA,"MW","N","20090616"
"7A","1st","","cynodon.plectostachyus",NA,"MW","N","20090616"
"7A","1st","","cyperus...mariscus.spp",NA,"MW","N","20090616"
"7A","1st","","digitaria.2",NA,"MW","N","20090616"
"7A","1st","","digitaria.milanjiana",NA,"MW","N","20090616"
"7A","1st","","dinebra.retroflexa",NA,"MW","N","20090616"
"7A","1st","","eragrostis.tenuifolia",NA,"MW","N","20090616"
"7A","1st","","harpachne.schimperi",NA,"MW","N","20090616"
"7A","1st","","microchloa.kunthii",NA,"MW","N","20090616"
"7A","1st","","panicum.astrosanguinum",NA,"MW","N","20090616"
"7A","1st","","setaria.acromelaena..small.",NA,"MW","N","20090616"
"7A","1st","","setaria.sphaecealata..big.",NA,"MW","N","20090616"
"7A","1st","","sporobolus.pyramidalis",NA,"MW","N","20090616"
"7A","1st","","tragus.berteronianus",NA,"MW","N","20090616"
"7A","1st","","x_3",NA,"MW","N","20090616"
"7A","1st","","acalypha.crenata",NA,"MW","N","20090616"
"7A","1st","","aerva.lanata",NA,"MW","N","20090616"
"7A","1st","","amaranthus.hibridus",NA,"MW","N","20090616"
"7A","1st","","aspilia.pluriseta",NA,"MW","N","20090616"
"7A","1st","","asterolinon.adoense..v.",NA,"MW","N","20090616"
"7A","1st","","caralluma.acutangula",NA,"MW","N","20090616"
"7A","1st","","chenopodium.opulifolium",NA,"MW","N","20090616"
"7A","1st","","chenopodium.schraderianum",NA,"MW","N","20090616"
"7A","1st","","commelina.spp",NA,"MW","N","20090616"
"7A","1st","","commicarpus.pedunculosus",NA,"MW","N","20090616"
"7A","1st","","conyza.sp",NA,"MW","N","20090616"
"7A","1st","","corchorus.sp",NA,"MW","N","20090616"
"7A","1st","","crotelaria.sp",NA,"MW","N","20090616"
"7A","1st","","cyathula.orthacantha",NA,"MW","N","20090616"
"7A","1st","","dyscoriste.radicans",NA,"MW","N","20090616"
"7A","1st","","euphorbia.inaequilatera",NA,"MW","N","20090616"
"7A","1st","","evolvulus.alsinoides",NA,"MW","N","20090616"
"7A","1st","","fern",NA,"MW","N","20090616"
"7A","1st","","gutenbergia.sp",NA,"MW","N","20090616"
"7A","1st","","hermannia.uhligii",NA,"MW","N","20090616"
"7A","1st","","hibiscus.flavifolius",NA,"MW","N","20090616"
"7A","1st","","hibiscus.trionum",NA,"MW","N","20090616"
"7A","1st","","indigofera.brevicalyx",NA,"MW","N","20090616"
"7A","1st","","indigofera.schimperi",NA,"MW","N","20090616"
"7A","1st","","ipomea.sinensis",NA,"MW","N","20090616"
"7A","1st","","justicia.dichipteroides",NA,"MW","N","20090616"
"7A","1st","","k",NA,"MW","N","20090616"
"7A","1st","","kyllinga.sp",NA,"MW","N","20090616"
"7A","1st","","leucas.glabrata",NA,"MW","N","20090616"
"7A","1st","","leucas.martiniscensis",NA,"MW","N","20090616"
"7A","1st","","lily.a",NA,"MW","N","20090616"
"7A","1st","","lily.b",NA,"MW","N","20090616"
"7A","1st","","lippia.javanica",NA,"MW","N","20090616"
"7A","1st","","melhania.spp.",NA,"MW","N","20090616"
"7A","1st","","misopates.orontium",NA,"MW","N","20090616"
"7A","1st","","mollugo.nudicaulis",NA,"MW","N","20090616"
"7A","1st","","monechima.debile",NA,"MW","N","20090616"
"7A","1st","","monsonia.augustifolia",NA,"MW","N","20090616"
"7A","1st","","ocimum.sp",NA,"MW","N","20090616"
"7A","1st","","osteospermum.vaillantii",NA,"MW","N","20090616"
"7A","1st","","oxygonum.sinuatum",NA,"MW","N","20090616"
"7A","1st","","pavonia.patens",NA,"MW","N","20090616"
"7A","1st","","pelargonium.alchemilloides",NA,"MW","N","20090616"
"7A","1st","","pentanisia.ouranogyne",NA,"MW","N","20090616"
"7A","1st","","phyllanthus.maderaspatensis",NA,"MW","N","20090616"
"7A","1st","","plectranthus.spp",NA,"MW","N","20090616"
"7A","1st","","pollichia.campestris",NA,"MW","N","20090616"
"7A","1st","","polygala..l.",NA,"MW","N","20090616"
"7A","1st","","polygala.sphenoptera",NA,"MW","N","20090616"
"7A","1st","","portulaca.oleracea",NA,"MW","N","20090616"
"7A","1st","","portulaca.quadrifida",NA,"MW","N","20090616"
"7A","1st","","pseudognaphalium..helichrysum.glumaceum.",NA,"MW","N","20090616"
"7A","1st","","psilotrichum.schimperi",NA,"MW","N","20090616"
"7A","1st","","rhinacanthus.ndorensis",NA,"MW","N","20090616"
"7A","1st","","rhynchosia.holstii",NA,"MW","N","20090616"
"7A","1st","","schkuhria.pinnata",NA,"MW","N","20090616"
"7A","1st","","sida.2",NA,"MW","N","20090616"
"7A","1st","","sida.cuneifolia",NA,"MW","N","20090616"
"7A","1st","","solanum.incanum",NA,"MW","N","20090616"
"7A","1st","","solanum.indicum",NA,"MW","N","20090616"
"7A","1st","","tribulus.terrestris",NA,"MW","N","20090616"
"7A","1st","","u",NA,"MW","N","20090616"
"7A","1st","","w",NA,"MW","N","20090616"
"7A","1st","","x_4",NA,"MW","N","20090616"
"7A","1st","","x_5",NA,"MW","N","20090616"
"7A","1st","","x_6",NA,"MW","N","20090616"
"7A","1st","","x_7",NA,"MW","N","20090616"
"7A","1st","","x_8",NA,"MW","N","20090616"
"7C","1st","","bracharia.lacnantha",NA,"MW","N","20090616"
"7C","1st","","lintonia.nutans",NA,"MW","N","20090616"
"7C","1st","","pennisetum.mezianum",NA,"MW","N","20090616"
"7C","1st","","pennisetum.straminium",NA,"MW","N","20090616"
"7C","1st","","themeda.triandra",NA,"MW","N","20090616"
"7C","1st","","bare",1,"MW","N","20090616"
"7C","1st","","x_2",NA,"MW","N","20090616"
"7C","1st","","aristida.kenyensis",NA,"MW","N","20090616"
"7C","1st","","bothriochloa.insculpta",NA,"MW","N","20090616"
"7C","1st","","bracharia.3",NA,"MW","N","20090616"
"7C","1st","","bracharia.eruciformis",NA,"MW","N","20090616"
"7C","1st","","chloris.sp",NA,"MW","N","20090616"
"7C","1st","","cynodon.dactylon",NA,"MW","N","20090616"
"7C","1st","","cynodon.plectostachyus",NA,"MW","N","20090616"
"7C","1st","","cyperus...mariscus.spp",NA,"MW","N","20090616"
"7C","1st","","digitaria.2",NA,"MW","N","20090616"
"7C","1st","","digitaria.milanjiana",NA,"MW","N","20090616"
"7C","1st","","dinebra.retroflexa",NA,"MW","N","20090616"
"7C","1st","","eragrostis.tenuifolia",NA,"MW","N","20090616"
"7C","1st","","harpachne.schimperi",NA,"MW","N","20090616"
"7C","1st","","microchloa.kunthii",NA,"MW","N","20090616"
"7C","1st","","panicum.astrosanguinum",NA,"MW","N","20090616"
"7C","1st","","setaria.acromelaena..small.",NA,"MW","N","20090616"
"7C","1st","","setaria.sphaecealata..big.",NA,"MW","N","20090616"
"7C","1st","","sporobolus.pyramidalis",NA,"MW","N","20090616"
"7C","1st","","tragus.berteronianus",NA,"MW","N","20090616"
"7C","1st","","x_3",NA,"MW","N","20090616"
"7C","1st","","acalypha.crenata",NA,"MW","N","20090616"
"7C","1st","","aerva.lanata",NA,"MW","N","20090616"
"7C","1st","","amaranthus.hibridus",NA,"MW","N","20090616"
"7C","1st","","aspilia.pluriseta",NA,"MW","N","20090616"
"7C","1st","","asterolinon.adoense..v.",NA,"MW","N","20090616"
"7C","1st","","caralluma.acutangula",NA,"MW","N","20090616"
"7C","1st","","chenopodium.opulifolium",NA,"MW","N","20090616"
"7C","1st","","chenopodium.schraderianum",NA,"MW","N","20090616"
"7C","1st","","commelina.spp",NA,"MW","N","20090616"
"7C","1st","","commicarpus.pedunculosus",NA,"MW","N","20090616"
"7C","1st","","conyza.sp",NA,"MW","N","20090616"
"7C","1st","","corchorus.sp",NA,"MW","N","20090616"
"7C","1st","","crotelaria.sp",NA,"MW","N","20090616"
"7C","1st","","cyathula.orthacantha",NA,"MW","N","20090616"
"7C","1st","","dyscoriste.radicans",NA,"MW","N","20090616"
"7C","1st","","euphorbia.inaequilatera",NA,"MW","N","20090616"
"7C","1st","","evolvulus.alsinoides",NA,"MW","N","20090616"
"7C","1st","","fern",NA,"MW","N","20090616"
"7C","1st","","gutenbergia.sp",NA,"MW","N","20090616"
"7C","1st","","hermannia.uhligii",NA,"MW","N","20090616"
"7C","1st","","hibiscus.flavifolius",NA,"MW","N","20090616"
"7C","1st","","hibiscus.trionum",NA,"MW","N","20090616"
"7C","1st","","indigofera.brevicalyx",NA,"MW","N","20090616"
"7C","1st","","indigofera.schimperi",NA,"MW","N","20090616"
"7C","1st","","ipomea.sinensis",NA,"MW","N","20090616"
"7C","1st","","justicia.dichipteroides",NA,"MW","N","20090616"
"7C","1st","","k",NA,"MW","N","20090616"
"7C","1st","","kyllinga.sp",NA,"MW","N","20090616"
"7C","1st","","leucas.glabrata",NA,"MW","N","20090616"
"7C","1st","","leucas.martiniscensis",NA,"MW","N","20090616"
"7C","1st","","lily.a",NA,"MW","N","20090616"
"7C","1st","","lily.b",NA,"MW","N","20090616"
"7C","1st","","lippia.javanica",NA,"MW","N","20090616"
"7C","1st","","melhania.spp.",NA,"MW","N","20090616"
"7C","1st","","misopates.orontium",NA,"MW","N","20090616"
"7C","1st","","mollugo.nudicaulis",NA,"MW","N","20090616"
"7C","1st","","monechima.debile",NA,"MW","N","20090616"
"7C","1st","","monsonia.augustifolia",NA,"MW","N","20090616"
"7C","1st","","ocimum.sp",NA,"MW","N","20090616"
"7C","1st","","osteospermum.vaillantii",NA,"MW","N","20090616"
"7C","1st","","oxygonum.sinuatum",NA,"MW","N","20090616"
"7C","1st","","pavonia.patens",NA,"MW","N","20090616"
"7C","1st","","pelargonium.alchemilloides",NA,"MW","N","20090616"
"7C","1st","","pentanisia.ouranogyne",NA,"MW","N","20090616"
"7C","1st","","phyllanthus.maderaspatensis",NA,"MW","N","20090616"
"7C","1st","","plectranthus.spp",NA,"MW","N","20090616"
"7C","1st","","pollichia.campestris",NA,"MW","N","20090616"
"7C","1st","","polygala..l.",NA,"MW","N","20090616"
"7C","1st","","polygala.sphenoptera",NA,"MW","N","20090616"
"7C","1st","","portulaca.oleracea",NA,"MW","N","20090616"
"7C","1st","","portulaca.quadrifida",NA,"MW","N","20090616"
"7C","1st","","pseudognaphalium..helichrysum.glumaceum.",NA,"MW","N","20090616"
"7C","1st","","psilotrichum.schimperi",NA,"MW","N","20090616"
"7C","1st","","rhinacanthus.ndorensis",NA,"MW","N","20090616"
"7C","1st","","rhynchosia.holstii",NA,"MW","N","20090616"
"7C","1st","","schkuhria.pinnata",NA,"MW","N","20090616"
"7C","1st","","sida.2",NA,"MW","N","20090616"
"7C","1st","","sida.cuneifolia",NA,"MW","N","20090616"
"7C","1st","","solanum.incanum",NA,"MW","N","20090616"
"7C","1st","","solanum.indicum",NA,"MW","N","20090616"
"7C","1st","","tribulus.terrestris",NA,"MW","N","20090616"
"7C","1st","","u",NA,"MW","N","20090616"
"7C","1st","","w",NA,"MW","N","20090616"
"7C","1st","","x_4",NA,"MW","N","20090616"
"7C","1st","","x_5",NA,"MW","N","20090616"
"7C","1st","","x_6",NA,"MW","N","20090616"
"7C","1st","","x_7",NA,"MW","N","20090616"
"7C","1st","","x_8",NA,"MW","N","20090616"
"7E","1st","","bracharia.lacnantha",NA,"MW","N","20090616"
"7E","1st","","lintonia.nutans",NA,"MW","N","20090616"
"7E","1st","","pennisetum.mezianum",NA,"MW","N","20090616"
"7E","1st","","pennisetum.straminium",NA,"MW","N","20090616"
"7E","1st","","themeda.triandra",NA,"MW","N","20090616"
"7E","1st","","bare",1,"MW","N","20090616"
"7E","1st","","x_2",NA,"MW","N","20090616"
"7E","1st","","aristida.kenyensis",NA,"MW","N","20090616"
"7E","1st","","bothriochloa.insculpta",NA,"MW","N","20090616"
"7E","1st","","bracharia.3",NA,"MW","N","20090616"
"7E","1st","","bracharia.eruciformis",NA,"MW","N","20090616"
"7E","1st","","chloris.sp",NA,"MW","N","20090616"
"7E","1st","","cynodon.dactylon",NA,"MW","N","20090616"
"7E","1st","","cynodon.plectostachyus",NA,"MW","N","20090616"
"7E","1st","","cyperus...mariscus.spp",NA,"MW","N","20090616"
"7E","1st","","digitaria.2",NA,"MW","N","20090616"
"7E","1st","","digitaria.milanjiana",NA,"MW","N","20090616"
"7E","1st","","dinebra.retroflexa",NA,"MW","N","20090616"
"7E","1st","","eragrostis.tenuifolia",NA,"MW","N","20090616"
"7E","1st","","harpachne.schimperi",NA,"MW","N","20090616"
"7E","1st","","microchloa.kunthii",NA,"MW","N","20090616"
"7E","1st","","panicum.astrosanguinum",NA,"MW","N","20090616"
"7E","1st","","setaria.acromelaena..small.",NA,"MW","N","20090616"
"7E","1st","","setaria.sphaecealata..big.",NA,"MW","N","20090616"
"7E","1st","","sporobolus.pyramidalis",NA,"MW","N","20090616"
"7E","1st","","tragus.berteronianus",NA,"MW","N","20090616"
"7E","1st","","x_3",NA,"MW","N","20090616"
"7E","1st","","acalypha.crenata",NA,"MW","N","20090616"
"7E","1st","","aerva.lanata",NA,"MW","N","20090616"
"7E","1st","","amaranthus.hibridus",NA,"MW","N","20090616"
"7E","1st","","aspilia.pluriseta",NA,"MW","N","20090616"
"7E","1st","","asterolinon.adoense..v.",NA,"MW","N","20090616"
"7E","1st","","caralluma.acutangula",NA,"MW","N","20090616"
"7E","1st","","chenopodium.opulifolium",NA,"MW","N","20090616"
"7E","1st","","chenopodium.schraderianum",NA,"MW","N","20090616"
"7E","1st","","commelina.spp",NA,"MW","N","20090616"
"7E","1st","","commicarpus.pedunculosus",NA,"MW","N","20090616"
"7E","1st","","conyza.sp",NA,"MW","N","20090616"
"7E","1st","","corchorus.sp",NA,"MW","N","20090616"
"7E","1st","","crotelaria.sp",NA,"MW","N","20090616"
"7E","1st","","cyathula.orthacantha",NA,"MW","N","20090616"
"7E","1st","","dyscoriste.radicans",NA,"MW","N","20090616"
"7E","1st","","euphorbia.inaequilatera",NA,"MW","N","20090616"
"7E","1st","","evolvulus.alsinoides",NA,"MW","N","20090616"
"7E","1st","","fern",NA,"MW","N","20090616"
"7E","1st","","gutenbergia.sp",NA,"MW","N","20090616"
"7E","1st","","hermannia.uhligii",NA,"MW","N","20090616"
"7E","1st","","hibiscus.flavifolius",NA,"MW","N","20090616"
"7E","1st","","hibiscus.trionum",NA,"MW","N","20090616"
"7E","1st","","indigofera.brevicalyx",NA,"MW","N","20090616"
"7E","1st","","indigofera.schimperi",NA,"MW","N","20090616"
"7E","1st","","ipomea.sinensis",NA,"MW","N","20090616"
"7E","1st","","justicia.dichipteroides",NA,"MW","N","20090616"
"7E","1st","","k",NA,"MW","N","20090616"
"7E","1st","","kyllinga.sp",NA,"MW","N","20090616"
"7E","1st","","leucas.glabrata",NA,"MW","N","20090616"
"7E","1st","","leucas.martiniscensis",NA,"MW","N","20090616"
"7E","1st","","lily.a",NA,"MW","N","20090616"
"7E","1st","","lily.b",NA,"MW","N","20090616"
"7E","1st","","lippia.javanica",NA,"MW","N","20090616"
"7E","1st","","melhania.spp.",NA,"MW","N","20090616"
"7E","1st","","misopates.orontium",NA,"MW","N","20090616"
"7E","1st","","mollugo.nudicaulis",NA,"MW","N","20090616"
"7E","1st","","monechima.debile",NA,"MW","N","20090616"
"7E","1st","","monsonia.augustifolia",NA,"MW","N","20090616"
"7E","1st","","ocimum.sp",NA,"MW","N","20090616"
"7E","1st","","osteospermum.vaillantii",NA,"MW","N","20090616"
"7E","1st","","oxygonum.sinuatum",NA,"MW","N","20090616"
"7E","1st","","pavonia.patens",NA,"MW","N","20090616"
"7E","1st","","pelargonium.alchemilloides",NA,"MW","N","20090616"
"7E","1st","","pentanisia.ouranogyne",NA,"MW","N","20090616"
"7E","1st","","phyllanthus.maderaspatensis",NA,"MW","N","20090616"
"7E","1st","","plectranthus.spp",NA,"MW","N","20090616"
"7E","1st","","pollichia.campestris",NA,"MW","N","20090616"
"7E","1st","","polygala..l.",NA,"MW","N","20090616"
"7E","1st","","polygala.sphenoptera",NA,"MW","N","20090616"
"7E","1st","","portulaca.oleracea",NA,"MW","N","20090616"
"7E","1st","","portulaca.quadrifida",NA,"MW","N","20090616"
"7E","1st","","pseudognaphalium..helichrysum.glumaceum.",NA,"MW","N","20090616"
"7E","1st","","psilotrichum.schimperi",NA,"MW","N","20090616"
"7E","1st","","rhinacanthus.ndorensis",NA,"MW","N","20090616"
"7E","1st","","rhynchosia.holstii",NA,"MW","N","20090616"
"7E","1st","","schkuhria.pinnata",NA,"MW","N","20090616"
"7E","1st","","sida.2",NA,"MW","N","20090616"
"7E","1st","","sida.cuneifolia",NA,"MW","N","20090616"
"7E","1st","","solanum.incanum",NA,"MW","N","20090616"
"7E","1st","","solanum.indicum",NA,"MW","N","20090616"
"7E","1st","","tribulus.terrestris",NA,"MW","N","20090616"
"7E","1st","","u",NA,"MW","N","20090616"
"7E","1st","","w",NA,"MW","N","20090616"
"7E","1st","","x_4",NA,"MW","N","20090616"
"7E","1st","","x_5",NA,"MW","N","20090616"
"7E","1st","","x_6",NA,"MW","N","20090616"
"7E","1st","","x_7",NA,"MW","N","20090616"
"7E","1st","","x_8",NA,"MW","N","20090616"
"7G","1st","","bracharia.lacnantha",NA,"MW","N","20090616"
"7G","1st","","lintonia.nutans",NA,"MW","N","20090616"
"7G","1st","","pennisetum.mezianum",NA,"MW","N","20090616"
"7G","1st","","pennisetum.straminium",NA,"MW","N","20090616"
"7G","1st","","themeda.triandra",NA,"MW","N","20090616"
"7G","1st","","bare",2,"MW","N","20090616"
"7G","1st","","x_2",NA,"MW","N","20090616"
"7G","1st","","aristida.kenyensis",NA,"MW","N","20090616"
"7G","1st","","bothriochloa.insculpta",NA,"MW","N","20090616"
"7G","1st","","bracharia.3",NA,"MW","N","20090616"
"7G","1st","","bracharia.eruciformis",NA,"MW","N","20090616"
"7G","1st","","chloris.sp",NA,"MW","N","20090616"
"7G","1st","","cynodon.dactylon",NA,"MW","N","20090616"
"7G","1st","","cynodon.plectostachyus",NA,"MW","N","20090616"
"7G","1st","","cyperus...mariscus.spp",NA,"MW","N","20090616"
"7G","1st","","digitaria.2",NA,"MW","N","20090616"
"7G","1st","","digitaria.milanjiana",NA,"MW","N","20090616"
"7G","1st","","dinebra.retroflexa",NA,"MW","N","20090616"
"7G","1st","","eragrostis.tenuifolia",NA,"MW","N","20090616"
"7G","1st","","harpachne.schimperi",NA,"MW","N","20090616"
"7G","1st","","microchloa.kunthii",NA,"MW","N","20090616"
"7G","1st","","panicum.astrosanguinum",NA,"MW","N","20090616"
"7G","1st","","setaria.acromelaena..small.",NA,"MW","N","20090616"
"7G","1st","","setaria.sphaecealata..big.",NA,"MW","N","20090616"
"7G","1st","","sporobolus.pyramidalis",NA,"MW","N","20090616"
"7G","1st","","tragus.berteronianus",NA,"MW","N","20090616"
"7G","1st","","x_3",NA,"MW","N","20090616"
"7G","1st","","acalypha.crenata",NA,"MW","N","20090616"
"7G","1st","","aerva.lanata",NA,"MW","N","20090616"
"7G","1st","","amaranthus.hibridus",NA,"MW","N","20090616"
"7G","1st","","aspilia.pluriseta",NA,"MW","N","20090616"
"7G","1st","","asterolinon.adoense..v.",NA,"MW","N","20090616"
"7G","1st","","caralluma.acutangula",NA,"MW","N","20090616"
"7G","1st","","chenopodium.opulifolium",NA,"MW","N","20090616"
"7G","1st","","chenopodium.schraderianum",NA,"MW","N","20090616"
"7G","1st","","commelina.spp",NA,"MW","N","20090616"
"7G","1st","","commicarpus.pedunculosus",NA,"MW","N","20090616"
"7G","1st","","conyza.sp",NA,"MW","N","20090616"
"7G","1st","","corchorus.sp",NA,"MW","N","20090616"
"7G","1st","","crotelaria.sp",NA,"MW","N","20090616"
"7G","1st","","cyathula.orthacantha",NA,"MW","N","20090616"
"7G","1st","","dyscoriste.radicans",NA,"MW","N","20090616"
"7G","1st","","euphorbia.inaequilatera",NA,"MW","N","20090616"
"7G","1st","","evolvulus.alsinoides",NA,"MW","N","20090616"
"7G","1st","","fern",NA,"MW","N","20090616"
"7G","1st","","gutenbergia.sp",NA,"MW","N","20090616"
"7G","1st","","hermannia.uhligii",NA,"MW","N","20090616"
"7G","1st","","hibiscus.flavifolius",NA,"MW","N","20090616"
"7G","1st","","hibiscus.trionum",NA,"MW","N","20090616"
"7G","1st","","indigofera.brevicalyx",NA,"MW","N","20090616"
"7G","1st","","indigofera.schimperi",NA,"MW","N","20090616"
"7G","1st","","ipomea.sinensis",NA,"MW","N","20090616"
"7G","1st","","justicia.dichipteroides",NA,"MW","N","20090616"
"7G","1st","","k",NA,"MW","N","20090616"
"7G","1st","","kyllinga.sp",NA,"MW","N","20090616"
"7G","1st","","leucas.glabrata",NA,"MW","N","20090616"
"7G","1st","","leucas.martiniscensis",NA,"MW","N","20090616"
"7G","1st","","lily.a",NA,"MW","N","20090616"
"7G","1st","","lily.b",NA,"MW","N","20090616"
"7G","1st","","lippia.javanica",NA,"MW","N","20090616"
"7G","1st","","melhania.spp.",NA,"MW","N","20090616"
"7G","1st","","misopates.orontium",NA,"MW","N","20090616"
"7G","1st","","mollugo.nudicaulis",NA,"MW","N","20090616"
"7G","1st","","monechima.debile",NA,"MW","N","20090616"
"7G","1st","","monsonia.augustifolia",NA,"MW","N","20090616"
"7G","1st","","ocimum.sp",NA,"MW","N","20090616"
"7G","1st","","osteospermum.vaillantii",NA,"MW","N","20090616"
"7G","1st","","oxygonum.sinuatum",NA,"MW","N","20090616"
"7G","1st","","pavonia.patens",NA,"MW","N","20090616"
"7G","1st","","pelargonium.alchemilloides",NA,"MW","N","20090616"
"7G","1st","","pentanisia.ouranogyne",NA,"MW","N","20090616"
"7G","1st","","phyllanthus.maderaspatensis",NA,"MW","N","20090616"
"7G","1st","","plectranthus.spp",NA,"MW","N","20090616"
"7G","1st","","pollichia.campestris",NA,"MW","N","20090616"
"7G","1st","","polygala..l.",NA,"MW","N","20090616"
"7G","1st","","polygala.sphenoptera",NA,"MW","N","20090616"
"7G","1st","","portulaca.oleracea",NA,"MW","N","20090616"
"7G","1st","","portulaca.quadrifida",NA,"MW","N","20090616"
"7G","1st","","pseudognaphalium..helichrysum.glumaceum.",1,"MW","N","20090616"
"7G","1st","","psilotrichum.schimperi",NA,"MW","N","20090616"
"7G","1st","","rhinacanthus.ndorensis",NA,"MW","N","20090616"
"7G","1st","","rhynchosia.holstii",NA,"MW","N","20090616"
"7G","1st","","schkuhria.pinnata",NA,"MW","N","20090616"
"7G","1st","","sida.2",NA,"MW","N","20090616"
"7G","1st","","sida.cuneifolia",NA,"MW","N","20090616"
"7G","1st","","solanum.incanum",NA,"MW","N","20090616"
"7G","1st","","solanum.indicum",NA,"MW","N","20090616"
"7G","1st","","tribulus.terrestris",NA,"MW","N","20090616"
"7G","1st","","u",NA,"MW","N","20090616"
"7G","1st","","w",NA,"MW","N","20090616"
"7G","1st","","x_4",NA,"MW","N","20090616"
"7G","1st","","x_5",NA,"MW","N","20090616"
"7G","1st","","x_6",NA,"MW","N","20090616"
"7G","1st","","x_7",NA,"MW","N","20090616"
"7G","1st","","x_8",NA,"MW","N","20090616"
"7I","1st","","bracharia.lacnantha",NA,"MW","N","20090616"
"7I","1st","","lintonia.nutans",NA,"MW","N","20090616"
"7I","1st","","pennisetum.mezianum",NA,"MW","N","20090616"
"7I","1st","","pennisetum.straminium",NA,"MW","N","20090616"
"7I","1st","","themeda.triandra",NA,"MW","N","20090616"
"7I","1st","","bare",1,"MW","N","20090616"
"7I","1st","","x_2",NA,"MW","N","20090616"
"7I","1st","","aristida.kenyensis",NA,"MW","N","20090616"
"7I","1st","","bothriochloa.insculpta",NA,"MW","N","20090616"
"7I","1st","","bracharia.3",NA,"MW","N","20090616"
"7I","1st","","bracharia.eruciformis",NA,"MW","N","20090616"
"7I","1st","","chloris.sp",NA,"MW","N","20090616"
"7I","1st","","cynodon.dactylon",NA,"MW","N","20090616"
"7I","1st","","cynodon.plectostachyus",NA,"MW","N","20090616"
"7I","1st","","cyperus...mariscus.spp",NA,"MW","N","20090616"
"7I","1st","","digitaria.2",NA,"MW","N","20090616"
"7I","1st","","digitaria.milanjiana",NA,"MW","N","20090616"
"7I","1st","","dinebra.retroflexa",NA,"MW","N","20090616"
"7I","1st","","eragrostis.tenuifolia",NA,"MW","N","20090616"
"7I","1st","","harpachne.schimperi",NA,"MW","N","20090616"
"7I","1st","","microchloa.kunthii",NA,"MW","N","20090616"
"7I","1st","","panicum.astrosanguinum",NA,"MW","N","20090616"
"7I","1st","","setaria.acromelaena..small.",NA,"MW","N","20090616"
"7I","1st","","setaria.sphaecealata..big.",NA,"MW","N","20090616"
"7I","1st","","sporobolus.pyramidalis",NA,"MW","N","20090616"
"7I","1st","","tragus.berteronianus",NA,"MW","N","20090616"
"7I","1st","","x_3",NA,"MW","N","20090616"
"7I","1st","","acalypha.crenata",NA,"MW","N","20090616"
"7I","1st","","aerva.lanata",NA,"MW","N","20090616"
"7I","1st","","amaranthus.hibridus",NA,"MW","N","20090616"
"7I","1st","","aspilia.pluriseta",NA,"MW","N","20090616"
"7I","1st","","asterolinon.adoense..v.",NA,"MW","N","20090616"
"7I","1st","","caralluma.acutangula",NA,"MW","N","20090616"
"7I","1st","","chenopodium.opulifolium",NA,"MW","N","20090616"
"7I","1st","","chenopodium.schraderianum",NA,"MW","N","20090616"
"7I","1st","","commelina.spp",NA,"MW","N","20090616"
"7I","1st","","commicarpus.pedunculosus",NA,"MW","N","20090616"
"7I","1st","","conyza.sp",NA,"MW","N","20090616"
"7I","1st","","corchorus.sp",NA,"MW","N","20090616"
"7I","1st","","crotelaria.sp",NA,"MW","N","20090616"
"7I","1st","","cyathula.orthacantha",NA,"MW","N","20090616"
"7I","1st","","dyscoriste.radicans",NA,"MW","N","20090616"
"7I","1st","","euphorbia.inaequilatera",NA,"MW","N","20090616"
"7I","1st","","evolvulus.alsinoides",NA,"MW","N","20090616"
"7I","1st","","fern",NA,"MW","N","20090616"
"7I","1st","","gutenbergia.sp",NA,"MW","N","20090616"
"7I","1st","","hermannia.uhligii",NA,"MW","N","20090616"
"7I","1st","","hibiscus.flavifolius",NA,"MW","N","20090616"
"7I","1st","","hibiscus.trionum",NA,"MW","N","20090616"
"7I","1st","","indigofera.brevicalyx",NA,"MW","N","20090616"
"7I","1st","","indigofera.schimperi",NA,"MW","N","20090616"
"7I","1st","","ipomea.sinensis",NA,"MW","N","20090616"
"7I","1st","","justicia.dichipteroides",NA,"MW","N","20090616"
"7I","1st","","k",NA,"MW","N","20090616"
"7I","1st","","kyllinga.sp",NA,"MW","N","20090616"
"7I","1st","","leucas.glabrata",NA,"MW","N","20090616"
"7I","1st","","leucas.martiniscensis",NA,"MW","N","20090616"
"7I","1st","","lily.a",NA,"MW","N","20090616"
"7I","1st","","lily.b",NA,"MW","N","20090616"
"7I","1st","","lippia.javanica",NA,"MW","N","20090616"
"7I","1st","","melhania.spp.",NA,"MW","N","20090616"
"7I","1st","","misopates.orontium",NA,"MW","N","20090616"
"7I","1st","","mollugo.nudicaulis",NA,"MW","N","20090616"
"7I","1st","","monechima.debile",NA,"MW","N","20090616"
"7I","1st","","monsonia.augustifolia",NA,"MW","N","20090616"
"7I","1st","","ocimum.sp",NA,"MW","N","20090616"
"7I","1st","","osteospermum.vaillantii",NA,"MW","N","20090616"
"7I","1st","","oxygonum.sinuatum",NA,"MW","N","20090616"
"7I","1st","","pavonia.patens",NA,"MW","N","20090616"
"7I","1st","","pelargonium.alchemilloides",NA,"MW","N","20090616"
"7I","1st","","pentanisia.ouranogyne",NA,"MW","N","20090616"
"7I","1st","","phyllanthus.maderaspatensis",NA,"MW","N","20090616"
"7I","1st","","plectranthus.spp",NA,"MW","N","20090616"
"7I","1st","","pollichia.campestris",NA,"MW","N","20090616"
"7I","1st","","polygala..l.",NA,"MW","N","20090616"
"7I","1st","","polygala.sphenoptera",NA,"MW","N","20090616"
"7I","1st","","portulaca.oleracea",NA,"MW","N","20090616"
"7I","1st","","portulaca.quadrifida",NA,"MW","N","20090616"
"7I","1st","","pseudognaphalium..helichrysum.glumaceum.",NA,"MW","N","20090616"
"7I","1st","","psilotrichum.schimperi",NA,"MW","N","20090616"
"7I","1st","","rhinacanthus.ndorensis",NA,"MW","N","20090616"
"7I","1st","","rhynchosia.holstii",NA,"MW","N","20090616"
"7I","1st","","schkuhria.pinnata",NA,"MW","N","20090616"
"7I","1st","","sida.2",NA,"MW","N","20090616"
"7I","1st","","sida.cuneifolia",NA,"MW","N","20090616"
"7I","1st","","solanum.incanum",NA,"MW","N","20090616"
"7I","1st","","solanum.indicum",NA,"MW","N","20090616"
"7I","1st","","tribulus.terrestris",NA,"MW","N","20090616"
"7I","1st","","u",NA,"MW","N","20090616"
"7I","1st","","w",NA,"MW","N","20090616"
"7I","1st","","x_4",NA,"MW","N","20090616"
"7I","1st","","x_5",NA,"MW","N","20090616"
"7I","1st","","x_6",NA,"MW","N","20090616"
"7I","1st","","x_7",NA,"MW","N","20090616"
"7I","1st","","x_8",NA,"MW","N","20090616"
"8J","1st","","bracharia.lacnantha",7,"MW","N","20090616"
"8J","1st","","lintonia.nutans",4,"MW","N","20090616"
"8J","1st","","pennisetum.mezianum",NA,"MW","N","20090616"
"8J","1st","","pennisetum.straminium",NA,"MW","N","20090616"
"8J","1st","","themeda.triandra",NA,"MW","N","20090616"
"8J","1st","","bare",2,"MW","N","20090616"
"8J","1st","","x_2",NA,"MW","N","20090616"
"8J","1st","","aristida.kenyensis",NA,"MW","N","20090616"
"8J","1st","","bothriochloa.insculpta",NA,"MW","N","20090616"
"8J","1st","","bracharia.3",NA,"MW","N","20090616"
"8J","1st","","bracharia.eruciformis",NA,"MW","N","20090616"
"8J","1st","","chloris.sp",NA,"MW","N","20090616"
"8J","1st","","cynodon.dactylon",NA,"MW","N","20090616"
"8J","1st","","cynodon.plectostachyus",NA,"MW","N","20090616"
"8J","1st","","cyperus...mariscus.spp",NA,"MW","N","20090616"
"8J","1st","","digitaria.2",NA,"MW","N","20090616"
"8J","1st","","digitaria.milanjiana",NA,"MW","N","20090616"
"8J","1st","","dinebra.retroflexa",NA,"MW","N","20090616"
"8J","1st","","eragrostis.tenuifolia",NA,"MW","N","20090616"
"8J","1st","","harpachne.schimperi",NA,"MW","N","20090616"
"8J","1st","","microchloa.kunthii",NA,"MW","N","20090616"
"8J","1st","","panicum.astrosanguinum",NA,"MW","N","20090616"
"8J","1st","","setaria.acromelaena..small.",NA,"MW","N","20090616"
"8J","1st","","setaria.sphaecealata..big.",NA,"MW","N","20090616"
"8J","1st","","sporobolus.pyramidalis",NA,"MW","N","20090616"
"8J","1st","","tragus.berteronianus",NA,"MW","N","20090616"
"8J","1st","","x_3",NA,"MW","N","20090616"
"8J","1st","","acalypha.crenata",NA,"MW","N","20090616"
"8J","1st","","aerva.lanata",NA,"MW","N","20090616"
"8J","1st","","amaranthus.hibridus",NA,"MW","N","20090616"
"8J","1st","","aspilia.pluriseta",NA,"MW","N","20090616"
"8J","1st","","asterolinon.adoense..v.",NA,"MW","N","20090616"
"8J","1st","","caralluma.acutangula",NA,"MW","N","20090616"
"8J","1st","","chenopodium.opulifolium",NA,"MW","N","20090616"
"8J","1st","","chenopodium.schraderianum",NA,"MW","N","20090616"
"8J","1st","","commelina.spp",NA,"MW","N","20090616"
"8J","1st","","commicarpus.pedunculosus",NA,"MW","N","20090616"
"8J","1st","","conyza.sp",NA,"MW","N","20090616"
"8J","1st","","corchorus.sp",NA,"MW","N","20090616"
"8J","1st","","crotelaria.sp",NA,"MW","N","20090616"
"8J","1st","","cyathula.orthacantha",NA,"MW","N","20090616"
"8J","1st","","dyscoriste.radicans",NA,"MW","N","20090616"
"8J","1st","","euphorbia.inaequilatera",NA,"MW","N","20090616"
"8J","1st","","evolvulus.alsinoides",NA,"MW","N","20090616"
"8J","1st","","fern",NA,"MW","N","20090616"
"8J","1st","","gutenbergia.sp",NA,"MW","N","20090616"
"8J","1st","","hermannia.uhligii",NA,"MW","N","20090616"
"8J","1st","","hibiscus.flavifolius",NA,"MW","N","20090616"
"8J","1st","","hibiscus.trionum",NA,"MW","N","20090616"
"8J","1st","","indigofera.brevicalyx",NA,"MW","N","20090616"
"8J","1st","","indigofera.schimperi",NA,"MW","N","20090616"
"8J","1st","","ipomea.sinensis",NA,"MW","N","20090616"
"8J","1st","","justicia.dichipteroides",NA,"MW","N","20090616"
"8J","1st","","k",NA,"MW","N","20090616"
"8J","1st","","kyllinga.sp",NA,"MW","N","20090616"
"8J","1st","","leucas.glabrata",NA,"MW","N","20090616"
"8J","1st","","leucas.martiniscensis",NA,"MW","N","20090616"
"8J","1st","","lily.a",NA,"MW","N","20090616"
"8J","1st","","lily.b",NA,"MW","N","20090616"
"8J","1st","","lippia.javanica",NA,"MW","N","20090616"
"8J","1st","","melhania.spp.",NA,"MW","N","20090616"
"8J","1st","","misopates.orontium",NA,"MW","N","20090616"
"8J","1st","","mollugo.nudicaulis",NA,"MW","N","20090616"
"8J","1st","","monechima.debile",NA,"MW","N","20090616"
"8J","1st","","monsonia.augustifolia",NA,"MW","N","20090616"
"8J","1st","","ocimum.sp",NA,"MW","N","20090616"
"8J","1st","","osteospermum.vaillantii",NA,"MW","N","20090616"
"8J","1st","","oxygonum.sinuatum",NA,"MW","N","20090616"
"8J","1st","","pavonia.patens",NA,"MW","N","20090616"
"8J","1st","","pelargonium.alchemilloides",NA,"MW","N","20090616"
"8J","1st","","pentanisia.ouranogyne",NA,"MW","N","20090616"
"8J","1st","","phyllanthus.maderaspatensis",NA,"MW","N","20090616"
"8J","1st","","plectranthus.spp",NA,"MW","N","20090616"
"8J","1st","","pollichia.campestris",NA,"MW","N","20090616"
"8J","1st","","polygala..l.",NA,"MW","N","20090616"
"8J","1st","","polygala.sphenoptera",NA,"MW","N","20090616"
"8J","1st","","portulaca.oleracea",NA,"MW","N","20090616"
"8J","1st","","portulaca.quadrifida",NA,"MW","N","20090616"
"8J","1st","","pseudognaphalium..helichrysum.glumaceum.",NA,"MW","N","20090616"
"8J","1st","","psilotrichum.schimperi",NA,"MW","N","20090616"
"8J","1st","","rhinacanthus.ndorensis",NA,"MW","N","20090616"
"8J","1st","","rhynchosia.holstii",NA,"MW","N","20090616"
"8J","1st","","schkuhria.pinnata",NA,"MW","N","20090616"
"8J","1st","","sida.2",NA,"MW","N","20090616"
"8J","1st","","sida.cuneifolia",NA,"MW","N","20090616"
"8J","1st","","solanum.incanum",NA,"MW","N","20090616"
"8J","1st","","solanum.indicum",NA,"MW","N","20090616"
"8J","1st","","tribulus.terrestris",NA,"MW","N","20090616"
"8J","1st","","u",NA,"MW","N","20090616"
"8J","1st","","w",NA,"MW","N","20090616"
"8J","1st","","x_4",NA,"MW","N","20090616"
"8J","1st","","x_5",NA,"MW","N","20090616"
"8J","1st","","x_6",NA,"MW","N","20090616"
"8J","1st","","x_7",NA,"MW","N","20090616"
"8J","1st","","x_8",NA,"MW","N","20090616"
"8H","1st","","bracharia.lacnantha",8,"MW","N","20090616"
"8H","1st","","lintonia.nutans",NA,"MW","N","20090616"
"8H","1st","","pennisetum.mezianum",NA,"MW","N","20090616"
"8H","1st","","pennisetum.straminium",NA,"MW","N","20090616"
"8H","1st","","themeda.triandra",NA,"MW","N","20090616"
"8H","1st","","bare",2,"MW","N","20090616"
"8H","1st","","x_2",NA,"MW","N","20090616"
"8H","1st","","aristida.kenyensis",NA,"MW","N","20090616"
"8H","1st","","bothriochloa.insculpta",NA,"MW","N","20090616"
"8H","1st","","bracharia.3",NA,"MW","N","20090616"
"8H","1st","","bracharia.eruciformis",NA,"MW","N","20090616"
"8H","1st","","chloris.sp",NA,"MW","N","20090616"
"8H","1st","","cynodon.dactylon",NA,"MW","N","20090616"
"8H","1st","","cynodon.plectostachyus",NA,"MW","N","20090616"
"8H","1st","","cyperus...mariscus.spp",NA,"MW","N","20090616"
"8H","1st","","digitaria.2",NA,"MW","N","20090616"
"8H","1st","","digitaria.milanjiana",NA,"MW","N","20090616"
"8H","1st","","dinebra.retroflexa",NA,"MW","N","20090616"
"8H","1st","","eragrostis.tenuifolia",NA,"MW","N","20090616"
"8H","1st","","harpachne.schimperi",NA,"MW","N","20090616"
"8H","1st","","microchloa.kunthii",NA,"MW","N","20090616"
"8H","1st","","panicum.astrosanguinum",NA,"MW","N","20090616"
"8H","1st","","setaria.acromelaena..small.",NA,"MW","N","20090616"
"8H","1st","","setaria.sphaecealata..big.",NA,"MW","N","20090616"
"8H","1st","","sporobolus.pyramidalis",NA,"MW","N","20090616"
"8H","1st","","tragus.berteronianus",NA,"MW","N","20090616"
"8H","1st","","x_3",NA,"MW","N","20090616"
"8H","1st","","acalypha.crenata",NA,"MW","N","20090616"
"8H","1st","","aerva.lanata",NA,"MW","N","20090616"
"8H","1st","","amaranthus.hibridus",NA,"MW","N","20090616"
"8H","1st","","aspilia.pluriseta",NA,"MW","N","20090616"
"8H","1st","","asterolinon.adoense..v.",NA,"MW","N","20090616"
"8H","1st","","caralluma.acutangula",NA,"MW","N","20090616"
"8H","1st","","chenopodium.opulifolium",NA,"MW","N","20090616"
"8H","1st","","chenopodium.schraderianum",NA,"MW","N","20090616"
"8H","1st","","commelina.spp",NA,"MW","N","20090616"
"8H","1st","","commicarpus.pedunculosus",NA,"MW","N","20090616"
"8H","1st","","conyza.sp",NA,"MW","N","20090616"
"8H","1st","","corchorus.sp",NA,"MW","N","20090616"
"8H","1st","","crotelaria.sp",NA,"MW","N","20090616"
"8H","1st","","cyathula.orthacantha",NA,"MW","N","20090616"
"8H","1st","","dyscoriste.radicans",NA,"MW","N","20090616"
"8H","1st","","euphorbia.inaequilatera",NA,"MW","N","20090616"
"8H","1st","","evolvulus.alsinoides",NA,"MW","N","20090616"
"8H","1st","","fern",NA,"MW","N","20090616"
"8H","1st","","gutenbergia.sp",NA,"MW","N","20090616"
"8H","1st","","hermannia.uhligii",NA,"MW","N","20090616"
"8H","1st","","hibiscus.flavifolius",NA,"MW","N","20090616"
"8H","1st","","hibiscus.trionum",NA,"MW","N","20090616"
"8H","1st","","indigofera.brevicalyx",NA,"MW","N","20090616"
"8H","1st","","indigofera.schimperi",NA,"MW","N","20090616"
"8H","1st","","ipomea.sinensis",NA,"MW","N","20090616"
"8H","1st","","justicia.dichipteroides",NA,"MW","N","20090616"
"8H","1st","","k",NA,"MW","N","20090616"
"8H","1st","","kyllinga.sp",NA,"MW","N","20090616"
"8H","1st","","leucas.glabrata",NA,"MW","N","20090616"
"8H","1st","","leucas.martiniscensis",NA,"MW","N","20090616"
"8H","1st","","lily.a",NA,"MW","N","20090616"
"8H","1st","","lily.b",NA,"MW","N","20090616"
"8H","1st","","lippia.javanica",NA,"MW","N","20090616"
"8H","1st","","melhania.spp.",NA,"MW","N","20090616"
"8H","1st","","misopates.orontium",NA,"MW","N","20090616"
"8H","1st","","mollugo.nudicaulis",NA,"MW","N","20090616"
"8H","1st","","monechima.debile",NA,"MW","N","20090616"
"8H","1st","","monsonia.augustifolia",NA,"MW","N","20090616"
"8H","1st","","ocimum.sp",NA,"MW","N","20090616"
"8H","1st","","osteospermum.vaillantii",NA,"MW","N","20090616"
"8H","1st","","oxygonum.sinuatum",NA,"MW","N","20090616"
"8H","1st","","pavonia.patens",NA,"MW","N","20090616"
"8H","1st","","pelargonium.alchemilloides",NA,"MW","N","20090616"
"8H","1st","","pentanisia.ouranogyne",NA,"MW","N","20090616"
"8H","1st","","phyllanthus.maderaspatensis",NA,"MW","N","20090616"
"8H","1st","","plectranthus.spp",NA,"MW","N","20090616"
"8H","1st","","pollichia.campestris",NA,"MW","N","20090616"
"8H","1st","","polygala..l.",NA,"MW","N","20090616"
"8H","1st","","polygala.sphenoptera",NA,"MW","N","20090616"
"8H","1st","","portulaca.oleracea",NA,"MW","N","20090616"
"8H","1st","","portulaca.quadrifida",NA,"MW","N","20090616"
"8H","1st","","pseudognaphalium..helichrysum.glumaceum.",1,"MW","N","20090616"
"8H","1st","","psilotrichum.schimperi",NA,"MW","N","20090616"
"8H","1st","","rhinacanthus.ndorensis",NA,"MW","N","20090616"
"8H","1st","","rhynchosia.holstii",NA,"MW","N","20090616"
"8H","1st","","schkuhria.pinnata",NA,"MW","N","20090616"
"8H","1st","","sida.2",NA,"MW","N","20090616"
"8H","1st","","sida.cuneifolia",NA,"MW","N","20090616"
"8H","1st","","solanum.incanum",NA,"MW","N","20090616"
"8H","1st","","solanum.indicum",NA,"MW","N","20090616"
"8H","1st","","tribulus.terrestris",NA,"MW","N","20090616"
"8H","1st","","u",NA,"MW","N","20090616"
"8H","1st","","w",NA,"MW","N","20090616"
"8H","1st","","x_4",NA,"MW","N","20090616"
"8H","1st","","x_5",NA,"MW","N","20090616"
"8H","1st","","x_6",NA,"MW","N","20090616"
"8H","1st","","x_7",NA,"MW","N","20090616"
"8H","1st","","x_8",NA,"MW","N","20090616"
"8F","1st","","bracharia.lacnantha",4,"MW","N","20090616"
"8F","1st","","lintonia.nutans",NA,"MW","N","20090616"
"8F","1st","","pennisetum.mezianum",NA,"MW","N","20090616"
"8F","1st","","pennisetum.straminium",6,"MW","N","20090616"
"8F","1st","","themeda.triandra",NA,"MW","N","20090616"
"8F","1st","","bare",1,"MW","N","20090616"
"8F","1st","","x_2",NA,"MW","N","20090616"
"8F","1st","","aristida.kenyensis",NA,"MW","N","20090616"
"8F","1st","","bothriochloa.insculpta",NA,"MW","N","20090616"
"8F","1st","","bracharia.3",NA,"MW","N","20090616"
"8F","1st","","bracharia.eruciformis",NA,"MW","N","20090616"
"8F","1st","","chloris.sp",NA,"MW","N","20090616"
"8F","1st","","cynodon.dactylon",NA,"MW","N","20090616"
"8F","1st","","cynodon.plectostachyus",NA,"MW","N","20090616"
"8F","1st","","cyperus...mariscus.spp",NA,"MW","N","20090616"
"8F","1st","","digitaria.2",NA,"MW","N","20090616"
"8F","1st","","digitaria.milanjiana",NA,"MW","N","20090616"
"8F","1st","","dinebra.retroflexa",NA,"MW","N","20090616"
"8F","1st","","eragrostis.tenuifolia",NA,"MW","N","20090616"
"8F","1st","","harpachne.schimperi",NA,"MW","N","20090616"
"8F","1st","","microchloa.kunthii",2,"MW","N","20090616"
"8F","1st","","panicum.astrosanguinum",NA,"MW","N","20090616"
"8F","1st","","setaria.acromelaena..small.",NA,"MW","N","20090616"
"8F","1st","","setaria.sphaecealata..big.",NA,"MW","N","20090616"
"8F","1st","","sporobolus.pyramidalis",NA,"MW","N","20090616"
"8F","1st","","tragus.berteronianus",NA,"MW","N","20090616"
"8F","1st","","x_3",NA,"MW","N","20090616"
"8F","1st","","acalypha.crenata",NA,"MW","N","20090616"
"8F","1st","","aerva.lanata",NA,"MW","N","20090616"
"8F","1st","","amaranthus.hibridus",NA,"MW","N","20090616"
"8F","1st","","aspilia.pluriseta",NA,"MW","N","20090616"
"8F","1st","","asterolinon.adoense..v.",NA,"MW","N","20090616"
"8F","1st","","caralluma.acutangula",NA,"MW","N","20090616"
"8F","1st","","chenopodium.opulifolium",NA,"MW","N","20090616"
"8F","1st","","chenopodium.schraderianum",NA,"MW","N","20090616"
"8F","1st","","commelina.spp",NA,"MW","N","20090616"
"8F","1st","","commicarpus.pedunculosus",NA,"MW","N","20090616"
"8F","1st","","conyza.sp",NA,"MW","N","20090616"
"8F","1st","","corchorus.sp",NA,"MW","N","20090616"
"8F","1st","","crotelaria.sp",NA,"MW","N","20090616"
"8F","1st","","cyathula.orthacantha",NA,"MW","N","20090616"
"8F","1st","","dyscoriste.radicans",NA,"MW","N","20090616"
"8F","1st","","euphorbia.inaequilatera",NA,"MW","N","20090616"
"8F","1st","","evolvulus.alsinoides",NA,"MW","N","20090616"
"8F","1st","","fern",NA,"MW","N","20090616"
"8F","1st","","gutenbergia.sp",NA,"MW","N","20090616"
"8F","1st","","hermannia.uhligii",NA,"MW","N","20090616"
"8F","1st","","hibiscus.flavifolius",NA,"MW","N","20090616"
"8F","1st","","hibiscus.trionum",NA,"MW","N","20090616"
"8F","1st","","indigofera.brevicalyx",NA,"MW","N","20090616"
"8F","1st","","indigofera.schimperi",NA,"MW","N","20090616"
"8F","1st","","ipomea.sinensis",NA,"MW","N","20090616"
"8F","1st","","justicia.dichipteroides",NA,"MW","N","20090616"
"8F","1st","","k",NA,"MW","N","20090616"
"8F","1st","","kyllinga.sp",NA,"MW","N","20090616"
"8F","1st","","leucas.glabrata",NA,"MW","N","20090616"
"8F","1st","","leucas.martiniscensis",NA,"MW","N","20090616"
"8F","1st","","lily.a",NA,"MW","N","20090616"
"8F","1st","","lily.b",NA,"MW","N","20090616"
"8F","1st","","lippia.javanica",NA,"MW","N","20090616"
"8F","1st","","melhania.spp.",NA,"MW","N","20090616"
"8F","1st","","misopates.orontium",NA,"MW","N","20090616"
"8F","1st","","mollugo.nudicaulis",NA,"MW","N","20090616"
"8F","1st","","monechima.debile",NA,"MW","N","20090616"
"8F","1st","","monsonia.augustifolia",NA,"MW","N","20090616"
"8F","1st","","ocimum.sp",NA,"MW","N","20090616"
"8F","1st","","osteospermum.vaillantii",NA,"MW","N","20090616"
"8F","1st","","oxygonum.sinuatum",NA,"MW","N","20090616"
"8F","1st","","pavonia.patens",NA,"MW","N","20090616"
"8F","1st","","pelargonium.alchemilloides",NA,"MW","N","20090616"
"8F","1st","","pentanisia.ouranogyne",NA,"MW","N","20090616"
"8F","1st","","phyllanthus.maderaspatensis",NA,"MW","N","20090616"
"8F","1st","","plectranthus.spp",NA,"MW","N","20090616"
"8F","1st","","pollichia.campestris",NA,"MW","N","20090616"
"8F","1st","","polygala..l.",NA,"MW","N","20090616"
"8F","1st","","polygala.sphenoptera",NA,"MW","N","20090616"
"8F","1st","","portulaca.oleracea",NA,"MW","N","20090616"
"8F","1st","","portulaca.quadrifida",NA,"MW","N","20090616"
"8F","1st","","pseudognaphalium..helichrysum.glumaceum.",NA,"MW","N","20090616"
"8F","1st","","psilotrichum.schimperi",NA,"MW","N","20090616"
"8F","1st","","rhinacanthus.ndorensis",NA,"MW","N","20090616"
"8F","1st","","rhynchosia.holstii",NA,"MW","N","20090616"
"8F","1st","","schkuhria.pinnata",NA,"MW","N","20090616"
"8F","1st","","sida.2",NA,"MW","N","20090616"
"8F","1st","","sida.cuneifolia",NA,"MW","N","20090616"
"8F","1st","","solanum.incanum",NA,"MW","N","20090616"
"8F","1st","","solanum.indicum",NA,"MW","N","20090616"
"8F","1st","","tribulus.terrestris",NA,"MW","N","20090616"
"8F","1st","","u",NA,"MW","N","20090616"
"8F","1st","","w",NA,"MW","N","20090616"
"8F","1st","","x_4",NA,"MW","N","20090616"
"8F","1st","","x_5",NA,"MW","N","20090616"
"8F","1st","","x_6",NA,"MW","N","20090616"
"8F","1st","","x_7",NA,"MW","N","20090616"
"8F","1st","","x_8",NA,"MW","N","20090616"
"8D","1st","","bracharia.lacnantha",3,"MW","N","20090616"
"8D","1st","","lintonia.nutans",NA,"MW","N","20090616"
"8D","1st","","pennisetum.mezianum",4,"MW","N","20090616"
"8D","1st","","pennisetum.straminium",NA,"MW","N","20090616"
"8D","1st","","themeda.triandra",NA,"MW","N","20090616"
"8D","1st","","bare",NA,"MW","N","20090616"
"8D","1st","","x_2",NA,"MW","N","20090616"
"8D","1st","","aristida.kenyensis",NA,"MW","N","20090616"
"8D","1st","","bothriochloa.insculpta",3,"MW","N","20090616"
"8D","1st","","bracharia.3",NA,"MW","N","20090616"
"8D","1st","","bracharia.eruciformis",NA,"MW","N","20090616"
"8D","1st","","chloris.sp",NA,"MW","N","20090616"
"8D","1st","","cynodon.dactylon",NA,"MW","N","20090616"
"8D","1st","","cynodon.plectostachyus",NA,"MW","N","20090616"
"8D","1st","","cyperus...mariscus.spp",NA,"MW","N","20090616"
"8D","1st","","digitaria.2",NA,"MW","N","20090616"
"8D","1st","","digitaria.milanjiana",NA,"MW","N","20090616"
"8D","1st","","dinebra.retroflexa",NA,"MW","N","20090616"
"8D","1st","","eragrostis.tenuifolia",NA,"MW","N","20090616"
"8D","1st","","harpachne.schimperi",NA,"MW","N","20090616"
"8D","1st","","microchloa.kunthii",NA,"MW","N","20090616"
"8D","1st","","panicum.astrosanguinum",NA,"MW","N","20090616"
"8D","1st","","setaria.acromelaena..small.",NA,"MW","N","20090616"
"8D","1st","","setaria.sphaecealata..big.",NA,"MW","N","20090616"
"8D","1st","","sporobolus.pyramidalis",NA,"MW","N","20090616"
"8D","1st","","tragus.berteronianus",NA,"MW","N","20090616"
"8D","1st","","x_3",NA,"MW","N","20090616"
"8D","1st","","acalypha.crenata",NA,"MW","N","20090616"
"8D","1st","","aerva.lanata",NA,"MW","N","20090616"
"8D","1st","","amaranthus.hibridus",NA,"MW","N","20090616"
"8D","1st","","aspilia.pluriseta",NA,"MW","N","20090616"
"8D","1st","","asterolinon.adoense..v.",NA,"MW","N","20090616"
"8D","1st","","caralluma.acutangula",NA,"MW","N","20090616"
"8D","1st","","chenopodium.opulifolium",NA,"MW","N","20090616"
"8D","1st","","chenopodium.schraderianum",NA,"MW","N","20090616"
"8D","1st","","commelina.spp",NA,"MW","N","20090616"
"8D","1st","","commicarpus.pedunculosus",NA,"MW","N","20090616"
"8D","1st","","conyza.sp",NA,"MW","N","20090616"
"8D","1st","","corchorus.sp",NA,"MW","N","20090616"
"8D","1st","","crotelaria.sp",NA,"MW","N","20090616"
"8D","1st","","cyathula.orthacantha",NA,"MW","N","20090616"
"8D","1st","","dyscoriste.radicans",NA,"MW","N","20090616"
"8D","1st","","euphorbia.inaequilatera",NA,"MW","N","20090616"
"8D","1st","","evolvulus.alsinoides",NA,"MW","N","20090616"
"8D","1st","","fern",NA,"MW","N","20090616"
"8D","1st","","gutenbergia.sp",NA,"MW","N","20090616"
"8D","1st","","hermannia.uhligii",NA,"MW","N","20090616"
"8D","1st","","hibiscus.flavifolius",NA,"MW","N","20090616"
"8D","1st","","hibiscus.trionum",NA,"MW","N","20090616"
"8D","1st","","indigofera.brevicalyx",NA,"MW","N","20090616"
"8D","1st","","indigofera.schimperi",NA,"MW","N","20090616"
"8D","1st","","ipomea.sinensis",NA,"MW","N","20090616"
"8D","1st","","justicia.dichipteroides",NA,"MW","N","20090616"
"8D","1st","","k",NA,"MW","N","20090616"
"8D","1st","","kyllinga.sp",NA,"MW","N","20090616"
"8D","1st","","leucas.glabrata",NA,"MW","N","20090616"
"8D","1st","","leucas.martiniscensis",NA,"MW","N","20090616"
"8D","1st","","lily.a",NA,"MW","N","20090616"
"8D","1st","","lily.b",NA,"MW","N","20090616"
"8D","1st","","lippia.javanica",NA,"MW","N","20090616"
"8D","1st","","melhania.spp.",NA,"MW","N","20090616"
"8D","1st","","misopates.orontium",NA,"MW","N","20090616"
"8D","1st","","mollugo.nudicaulis",NA,"MW","N","20090616"
"8D","1st","","monechima.debile",2,"MW","N","20090616"
"8D","1st","","monsonia.augustifolia",NA,"MW","N","20090616"
"8D","1st","","ocimum.sp",NA,"MW","N","20090616"
"8D","1st","","osteospermum.vaillantii",NA,"MW","N","20090616"
"8D","1st","","oxygonum.sinuatum",NA,"MW","N","20090616"
"8D","1st","","pavonia.patens",NA,"MW","N","20090616"
"8D","1st","","pelargonium.alchemilloides",NA,"MW","N","20090616"
"8D","1st","","pentanisia.ouranogyne",NA,"MW","N","20090616"
"8D","1st","","phyllanthus.maderaspatensis",NA,"MW","N","20090616"
"8D","1st","","plectranthus.spp",NA,"MW","N","20090616"
"8D","1st","","pollichia.campestris",NA,"MW","N","20090616"
"8D","1st","","polygala..l.",NA,"MW","N","20090616"
"8D","1st","","polygala.sphenoptera",NA,"MW","N","20090616"
"8D","1st","","portulaca.oleracea",NA,"MW","N","20090616"
"8D","1st","","portulaca.quadrifida",NA,"MW","N","20090616"
"8D","1st","","pseudognaphalium..helichrysum.glumaceum.",NA,"MW","N","20090616"
"8D","1st","","psilotrichum.schimperi",NA,"MW","N","20090616"
"8D","1st","","rhinacanthus.ndorensis",NA,"MW","N","20090616"
"8D","1st","","rhynchosia.holstii",NA,"MW","N","20090616"
"8D","1st","","schkuhria.pinnata",NA,"MW","N","20090616"
"8D","1st","","sida.2",NA,"MW","N","20090616"
"8D","1st","","sida.cuneifolia",NA,"MW","N","20090616"
"8D","1st","","solanum.incanum",NA,"MW","N","20090616"
"8D","1st","","solanum.indicum",NA,"MW","N","20090616"
"8D","1st","","tribulus.terrestris",NA,"MW","N","20090616"
"8D","1st","","u",NA,"MW","N","20090616"
"8D","1st","","w",NA,"MW","N","20090616"
"8D","1st","","x_4",NA,"MW","N","20090616"
"8D","1st","","x_5",NA,"MW","N","20090616"
"8D","1st","","x_6",NA,"MW","N","20090616"
"8D","1st","","x_7",NA,"MW","N","20090616"
"8D","1st","","x_8",NA,"MW","N","20090616"
"8B","1st","","bracharia.lacnantha",7,"MW","N","20090616"
"8B","1st","","lintonia.nutans",NA,"MW","N","20090616"
"8B","1st","","pennisetum.mezianum",NA,"MW","N","20090616"
"8B","1st","","pennisetum.straminium",3,"MW","N","20090616"
"8B","1st","","themeda.triandra",1,"MW","N","20090616"
"8B","1st","","bare",2,"MW","N","20090616"
"8B","1st","","x_2",NA,"MW","N","20090616"
"8B","1st","","aristida.kenyensis",NA,"MW","N","20090616"
"8B","1st","","bothriochloa.insculpta",NA,"MW","N","20090616"
"8B","1st","","bracharia.3",NA,"MW","N","20090616"
"8B","1st","","bracharia.eruciformis",NA,"MW","N","20090616"
"8B","1st","","chloris.sp",NA,"MW","N","20090616"
"8B","1st","","cynodon.dactylon",NA,"MW","N","20090616"
"8B","1st","","cynodon.plectostachyus",NA,"MW","N","20090616"
"8B","1st","","cyperus...mariscus.spp",NA,"MW","N","20090616"
"8B","1st","","digitaria.2",NA,"MW","N","20090616"
"8B","1st","","digitaria.milanjiana",NA,"MW","N","20090616"
"8B","1st","","dinebra.retroflexa",NA,"MW","N","20090616"
"8B","1st","","eragrostis.tenuifolia",NA,"MW","N","20090616"
"8B","1st","","harpachne.schimperi",NA,"MW","N","20090616"
"8B","1st","","microchloa.kunthii",NA,"MW","N","20090616"
"8B","1st","","panicum.astrosanguinum",NA,"MW","N","20090616"
"8B","1st","","setaria.acromelaena..small.",NA,"MW","N","20090616"
"8B","1st","","setaria.sphaecealata..big.",NA,"MW","N","20090616"
"8B","1st","","sporobolus.pyramidalis",NA,"MW","N","20090616"
"8B","1st","","tragus.berteronianus",NA,"MW","N","20090616"
"8B","1st","","x_3",NA,"MW","N","20090616"
"8B","1st","","acalypha.crenata",NA,"MW","N","20090616"
"8B","1st","","aerva.lanata",NA,"MW","N","20090616"
"8B","1st","","amaranthus.hibridus",NA,"MW","N","20090616"
"8B","1st","","aspilia.pluriseta",NA,"MW","N","20090616"
"8B","1st","","asterolinon.adoense..v.",NA,"MW","N","20090616"
"8B","1st","","caralluma.acutangula",NA,"MW","N","20090616"
"8B","1st","","chenopodium.opulifolium",NA,"MW","N","20090616"
"8B","1st","","chenopodium.schraderianum",NA,"MW","N","20090616"
"8B","1st","","commelina.spp",NA,"MW","N","20090616"
"8B","1st","","commicarpus.pedunculosus",NA,"MW","N","20090616"
"8B","1st","","conyza.sp",NA,"MW","N","20090616"
"8B","1st","","corchorus.sp",NA,"MW","N","20090616"
"8B","1st","","crotelaria.sp",NA,"MW","N","20090616"
"8B","1st","","cyathula.orthacantha",NA,"MW","N","20090616"
"8B","1st","","dyscoriste.radicans",NA,"MW","N","20090616"
"8B","1st","","euphorbia.inaequilatera",NA,"MW","N","20090616"
"8B","1st","","evolvulus.alsinoides",NA,"MW","N","20090616"
"8B","1st","","fern",NA,"MW","N","20090616"
"8B","1st","","gutenbergia.sp",NA,"MW","N","20090616"
"8B","1st","","hermannia.uhligii",NA,"MW","N","20090616"
"8B","1st","","hibiscus.flavifolius",NA,"MW","N","20090616"
"8B","1st","","hibiscus.trionum",NA,"MW","N","20090616"
"8B","1st","","indigofera.brevicalyx",NA,"MW","N","20090616"
"8B","1st","","indigofera.schimperi",NA,"MW","N","20090616"
"8B","1st","","ipomea.sinensis",NA,"MW","N","20090616"
"8B","1st","","justicia.dichipteroides",NA,"MW","N","20090616"
"8B","1st","","k",NA,"MW","N","20090616"
"8B","1st","","kyllinga.sp",NA,"MW","N","20090616"
"8B","1st","","leucas.glabrata",NA,"MW","N","20090616"
"8B","1st","","leucas.martiniscensis",NA,"MW","N","20090616"
"8B","1st","","lily.a",NA,"MW","N","20090616"
"8B","1st","","lily.b",NA,"MW","N","20090616"
"8B","1st","","lippia.javanica",NA,"MW","N","20090616"
"8B","1st","","melhania.spp.",NA,"MW","N","20090616"
"8B","1st","","misopates.orontium",NA,"MW","N","20090616"
"8B","1st","","mollugo.nudicaulis",NA,"MW","N","20090616"
"8B","1st","","monechima.debile",NA,"MW","N","20090616"
"8B","1st","","monsonia.augustifolia",NA,"MW","N","20090616"
"8B","1st","","ocimum.sp",NA,"MW","N","20090616"
"8B","1st","","osteospermum.vaillantii",NA,"MW","N","20090616"
"8B","1st","","oxygonum.sinuatum",NA,"MW","N","20090616"
"8B","1st","","pavonia.patens",NA,"MW","N","20090616"
"8B","1st","","pelargonium.alchemilloides",NA,"MW","N","20090616"
"8B","1st","","pentanisia.ouranogyne",NA,"MW","N","20090616"
"8B","1st","","phyllanthus.maderaspatensis",NA,"MW","N","20090616"
"8B","1st","","plectranthus.spp",NA,"MW","N","20090616"
"8B","1st","","pollichia.campestris",NA,"MW","N","20090616"
"8B","1st","","polygala..l.",NA,"MW","N","20090616"
"8B","1st","","polygala.sphenoptera",NA,"MW","N","20090616"
"8B","1st","","portulaca.oleracea",NA,"MW","N","20090616"
"8B","1st","","portulaca.quadrifida",NA,"MW","N","20090616"
"8B","1st","","pseudognaphalium..helichrysum.glumaceum.",NA,"MW","N","20090616"
"8B","1st","","psilotrichum.schimperi",NA,"MW","N","20090616"
"8B","1st","","rhinacanthus.ndorensis",NA,"MW","N","20090616"
"8B","1st","","rhynchosia.holstii",NA,"MW","N","20090616"
"8B","1st","","schkuhria.pinnata",NA,"MW","N","20090616"
"8B","1st","","sida.2",NA,"MW","N","20090616"
"8B","1st","","sida.cuneifolia",NA,"MW","N","20090616"
"8B","1st","","solanum.incanum",NA,"MW","N","20090616"
"8B","1st","","solanum.indicum",NA,"MW","N","20090616"
"8B","1st","","tribulus.terrestris",NA,"MW","N","20090616"
"8B","1st","","u",NA,"MW","N","20090616"
"8B","1st","","w",NA,"MW","N","20090616"
"8B","1st","","x_4",NA,"MW","N","20090616"
"8B","1st","","x_5",NA,"MW","N","20090616"
"8B","1st","","x_6",NA,"MW","N","20090616"
"8B","1st","","x_7",NA,"MW","N","20090616"
"8B","1st","","x_8",NA,"MW","N","20090616"
"9A","1st","","bracharia.lacnantha",NA,"MW","N","20090616"
"9A","1st","","lintonia.nutans",NA,"MW","N","20090616"
"9A","1st","","pennisetum.mezianum",NA,"MW","N","20090616"
"9A","1st","","pennisetum.straminium",NA,"MW","N","20090616"
"9A","1st","","themeda.triandra",NA,"MW","N","20090616"
"9A","1st","","bare",9,"MW","N","20090616"
"9A","1st","","x_2",NA,"MW","N","20090616"
"9A","1st","","aristida.kenyensis",NA,"MW","N","20090616"
"9A","1st","","bothriochloa.insculpta",NA,"MW","N","20090616"
"9A","1st","","bracharia.3",NA,"MW","N","20090616"
"9A","1st","","bracharia.eruciformis",NA,"MW","N","20090616"
"9A","1st","","chloris.sp",NA,"MW","N","20090616"
"9A","1st","","cynodon.dactylon",NA,"MW","N","20090616"
"9A","1st","","cynodon.plectostachyus",NA,"MW","N","20090616"
"9A","1st","","cyperus...mariscus.spp",NA,"MW","N","20090616"
"9A","1st","","digitaria.2",NA,"MW","N","20090616"
"9A","1st","","digitaria.milanjiana",NA,"MW","N","20090616"
"9A","1st","","dinebra.retroflexa",NA,"MW","N","20090616"
"9A","1st","","eragrostis.tenuifolia",NA,"MW","N","20090616"
"9A","1st","","harpachne.schimperi",NA,"MW","N","20090616"
"9A","1st","","microchloa.kunthii",NA,"MW","N","20090616"
"9A","1st","","panicum.astrosanguinum",NA,"MW","N","20090616"
"9A","1st","","setaria.acromelaena..small.",NA,"MW","N","20090616"
"9A","1st","","setaria.sphaecealata..big.",NA,"MW","N","20090616"
"9A","1st","","sporobolus.pyramidalis",NA,"MW","N","20090616"
"9A","1st","","tragus.berteronianus",NA,"MW","N","20090616"
"9A","1st","","x_3",NA,"MW","N","20090616"
"9A","1st","","acalypha.crenata",NA,"MW","N","20090616"
"9A","1st","","aerva.lanata",NA,"MW","N","20090616"
"9A","1st","","amaranthus.hibridus",NA,"MW","N","20090616"
"9A","1st","","aspilia.pluriseta",NA,"MW","N","20090616"
"9A","1st","","asterolinon.adoense..v.",NA,"MW","N","20090616"
"9A","1st","","caralluma.acutangula",NA,"MW","N","20090616"
"9A","1st","","chenopodium.opulifolium",NA,"MW","N","20090616"
"9A","1st","","chenopodium.schraderianum",NA,"MW","N","20090616"
"9A","1st","","commelina.spp",NA,"MW","N","20090616"
"9A","1st","","commicarpus.pedunculosus",NA,"MW","N","20090616"
"9A","1st","","conyza.sp",NA,"MW","N","20090616"
"9A","1st","","corchorus.sp",NA,"MW","N","20090616"
"9A","1st","","crotelaria.sp",NA,"MW","N","20090616"
"9A","1st","","cyathula.orthacantha",NA,"MW","N","20090616"
"9A","1st","","dyscoriste.radicans",NA,"MW","N","20090616"
"9A","1st","","euphorbia.inaequilatera",NA,"MW","N","20090616"
"9A","1st","","evolvulus.alsinoides",NA,"MW","N","20090616"
"9A","1st","","fern",NA,"MW","N","20090616"
"9A","1st","","gutenbergia.sp",NA,"MW","N","20090616"
"9A","1st","","hermannia.uhligii",NA,"MW","N","20090616"
"9A","1st","","hibiscus.flavifolius",NA,"MW","N","20090616"
"9A","1st","","hibiscus.trionum",NA,"MW","N","20090616"
"9A","1st","","indigofera.brevicalyx",NA,"MW","N","20090616"
"9A","1st","","indigofera.schimperi",NA,"MW","N","20090616"
"9A","1st","","ipomea.sinensis",NA,"MW","N","20090616"
"9A","1st","","justicia.dichipteroides",NA,"MW","N","20090616"
"9A","1st","","k",NA,"MW","N","20090616"
"9A","1st","","kyllinga.sp",NA,"MW","N","20090616"
"9A","1st","","leucas.glabrata",NA,"MW","N","20090616"
"9A","1st","","leucas.martiniscensis",NA,"MW","N","20090616"
"9A","1st","","lily.a",NA,"MW","N","20090616"
"9A","1st","","lily.b",NA,"MW","N","20090616"
"9A","1st","","lippia.javanica",NA,"MW","N","20090616"
"9A","1st","","melhania.spp.",NA,"MW","N","20090616"
"9A","1st","","misopates.orontium",NA,"MW","N","20090616"
"9A","1st","","mollugo.nudicaulis",NA,"MW","N","20090616"
"9A","1st","","monechima.debile",NA,"MW","N","20090616"
"9A","1st","","monsonia.augustifolia",NA,"MW","N","20090616"
"9A","1st","","ocimum.sp",NA,"MW","N","20090616"
"9A","1st","","osteospermum.vaillantii",NA,"MW","N","20090616"
"9A","1st","","oxygonum.sinuatum",NA,"MW","N","20090616"
"9A","1st","","pavonia.patens",NA,"MW","N","20090616"
"9A","1st","","pelargonium.alchemilloides",NA,"MW","N","20090616"
"9A","1st","","pentanisia.ouranogyne",NA,"MW","N","20090616"
"9A","1st","","phyllanthus.maderaspatensis",NA,"MW","N","20090616"
"9A","1st","","plectranthus.spp",NA,"MW","N","20090616"
"9A","1st","","pollichia.campestris",NA,"MW","N","20090616"
"9A","1st","","polygala..l.",NA,"MW","N","20090616"
"9A","1st","","polygala.sphenoptera",NA,"MW","N","20090616"
"9A","1st","","portulaca.oleracea",NA,"MW","N","20090616"
"9A","1st","","portulaca.quadrifida",NA,"MW","N","20090616"
"9A","1st","","pseudognaphalium..helichrysum.glumaceum.",NA,"MW","N","20090616"
"9A","1st","","psilotrichum.schimperi",NA,"MW","N","20090616"
"9A","1st","","rhinacanthus.ndorensis",NA,"MW","N","20090616"
"9A","1st","","rhynchosia.holstii",NA,"MW","N","20090616"
"9A","1st","","schkuhria.pinnata",NA,"MW","N","20090616"
"9A","1st","","sida.2",NA,"MW","N","20090616"
"9A","1st","","sida.cuneifolia",NA,"MW","N","20090616"
"9A","1st","","solanum.incanum",NA,"MW","N","20090616"
"9A","1st","","solanum.indicum",NA,"MW","N","20090616"
"9A","1st","","tribulus.terrestris",NA,"MW","N","20090616"
"9A","1st","","u",NA,"MW","N","20090616"
"9A","1st","","w",NA,"MW","N","20090616"
"9A","1st","","x_4",NA,"MW","N","20090616"
"9A","1st","","x_5",NA,"MW","N","20090616"
"9A","1st","","x_6",NA,"MW","N","20090616"
"9A","1st","","x_7",NA,"MW","N","20090616"
"9A","1st","","x_8",NA,"MW","N","20090616"
"9C","1st","","bracharia.lacnantha",NA,"MW","N","20090616"
"9C","1st","","lintonia.nutans",NA,"MW","N","20090616"
"9C","1st","","pennisetum.mezianum",NA,"MW","N","20090616"
"9C","1st","","pennisetum.straminium",NA,"MW","N","20090616"
"9C","1st","","themeda.triandra",NA,"MW","N","20090616"
"9C","1st","","bare",2,"MW","N","20090616"
"9C","1st","","x_2",NA,"MW","N","20090616"
"9C","1st","","aristida.kenyensis",NA,"MW","N","20090616"
"9C","1st","","bothriochloa.insculpta",NA,"MW","N","20090616"
"9C","1st","","bracharia.3",NA,"MW","N","20090616"
"9C","1st","","bracharia.eruciformis",NA,"MW","N","20090616"
"9C","1st","","chloris.sp",NA,"MW","N","20090616"
"9C","1st","","cynodon.dactylon",NA,"MW","N","20090616"
"9C","1st","","cynodon.plectostachyus",NA,"MW","N","20090616"
"9C","1st","","cyperus...mariscus.spp",NA,"MW","N","20090616"
"9C","1st","","digitaria.2",NA,"MW","N","20090616"
"9C","1st","","digitaria.milanjiana",NA,"MW","N","20090616"
"9C","1st","","dinebra.retroflexa",NA,"MW","N","20090616"
"9C","1st","","eragrostis.tenuifolia",NA,"MW","N","20090616"
"9C","1st","","harpachne.schimperi",NA,"MW","N","20090616"
"9C","1st","","microchloa.kunthii",NA,"MW","N","20090616"
"9C","1st","","panicum.astrosanguinum",NA,"MW","N","20090616"
"9C","1st","","setaria.acromelaena..small.",NA,"MW","N","20090616"
"9C","1st","","setaria.sphaecealata..big.",NA,"MW","N","20090616"
"9C","1st","","sporobolus.pyramidalis",NA,"MW","N","20090616"
"9C","1st","","tragus.berteronianus",NA,"MW","N","20090616"
"9C","1st","","x_3",NA,"MW","N","20090616"
"9C","1st","","acalypha.crenata",NA,"MW","N","20090616"
"9C","1st","","aerva.lanata",NA,"MW","N","20090616"
"9C","1st","","amaranthus.hibridus",NA,"MW","N","20090616"
"9C","1st","","aspilia.pluriseta",NA,"MW","N","20090616"
"9C","1st","","asterolinon.adoense..v.",NA,"MW","N","20090616"
"9C","1st","","caralluma.acutangula",NA,"MW","N","20090616"
"9C","1st","","chenopodium.opulifolium",NA,"MW","N","20090616"
"9C","1st","","chenopodium.schraderianum",NA,"MW","N","20090616"
"9C","1st","","commelina.spp",NA,"MW","N","20090616"
"9C","1st","","commicarpus.pedunculosus",NA,"MW","N","20090616"
"9C","1st","","conyza.sp",NA,"MW","N","20090616"
"9C","1st","","corchorus.sp",NA,"MW","N","20090616"
"9C","1st","","crotelaria.sp",NA,"MW","N","20090616"
"9C","1st","","cyathula.orthacantha",NA,"MW","N","20090616"
"9C","1st","","dyscoriste.radicans",NA,"MW","N","20090616"
"9C","1st","","euphorbia.inaequilatera",NA,"MW","N","20090616"
"9C","1st","","evolvulus.alsinoides",NA,"MW","N","20090616"
"9C","1st","","fern",NA,"MW","N","20090616"
"9C","1st","","gutenbergia.sp",NA,"MW","N","20090616"
"9C","1st","","hermannia.uhligii",NA,"MW","N","20090616"
"9C","1st","","hibiscus.flavifolius",NA,"MW","N","20090616"
"9C","1st","","hibiscus.trionum",NA,"MW","N","20090616"
"9C","1st","","indigofera.brevicalyx",NA,"MW","N","20090616"
"9C","1st","","indigofera.schimperi",NA,"MW","N","20090616"
"9C","1st","","ipomea.sinensis",NA,"MW","N","20090616"
"9C","1st","","justicia.dichipteroides",NA,"MW","N","20090616"
"9C","1st","","k",NA,"MW","N","20090616"
"9C","1st","","kyllinga.sp",NA,"MW","N","20090616"
"9C","1st","","leucas.glabrata",NA,"MW","N","20090616"
"9C","1st","","leucas.martiniscensis",NA,"MW","N","20090616"
"9C","1st","","lily.a",NA,"MW","N","20090616"
"9C","1st","","lily.b",NA,"MW","N","20090616"
"9C","1st","","lippia.javanica",NA,"MW","N","20090616"
"9C","1st","","melhania.spp.",NA,"MW","N","20090616"
"9C","1st","","misopates.orontium",NA,"MW","N","20090616"
"9C","1st","","mollugo.nudicaulis",NA,"MW","N","20090616"
"9C","1st","","monechima.debile",NA,"MW","N","20090616"
"9C","1st","","monsonia.augustifolia",NA,"MW","N","20090616"
"9C","1st","","ocimum.sp",NA,"MW","N","20090616"
"9C","1st","","osteospermum.vaillantii",NA,"MW","N","20090616"
"9C","1st","","oxygonum.sinuatum",NA,"MW","N","20090616"
"9C","1st","","pavonia.patens",NA,"MW","N","20090616"
"9C","1st","","pelargonium.alchemilloides",NA,"MW","N","20090616"
"9C","1st","","pentanisia.ouranogyne",NA,"MW","N","20090616"
"9C","1st","","phyllanthus.maderaspatensis",NA,"MW","N","20090616"
"9C","1st","","plectranthus.spp",NA,"MW","N","20090616"
"9C","1st","","pollichia.campestris",NA,"MW","N","20090616"
"9C","1st","","polygala..l.",NA,"MW","N","20090616"
"9C","1st","","polygala.sphenoptera",NA,"MW","N","20090616"
"9C","1st","","portulaca.oleracea",NA,"MW","N","20090616"
"9C","1st","","portulaca.quadrifida",NA,"MW","N","20090616"
"9C","1st","","pseudognaphalium..helichrysum.glumaceum.",NA,"MW","N","20090616"
"9C","1st","","psilotrichum.schimperi",NA,"MW","N","20090616"
"9C","1st","","rhinacanthus.ndorensis",NA,"MW","N","20090616"
"9C","1st","","rhynchosia.holstii",NA,"MW","N","20090616"
"9C","1st","","schkuhria.pinnata",NA,"MW","N","20090616"
"9C","1st","","sida.2",NA,"MW","N","20090616"
"9C","1st","","sida.cuneifolia",NA,"MW","N","20090616"
"9C","1st","","solanum.incanum",NA,"MW","N","20090616"
"9C","1st","","solanum.indicum",NA,"MW","N","20090616"
"9C","1st","","tribulus.terrestris",NA,"MW","N","20090616"
"9C","1st","","u",NA,"MW","N","20090616"
"9C","1st","","w",NA,"MW","N","20090616"
"9C","1st","","x_4",NA,"MW","N","20090616"
"9C","1st","","x_5",NA,"MW","N","20090616"
"9C","1st","","x_6",NA,"MW","N","20090616"
"9C","1st","","x_7",NA,"MW","N","20090616"
"9C","1st","","x_8",NA,"MW","N","20090616"
"9E","1st","","bracharia.lacnantha",NA,"MW","N","20090616"
"9E","1st","","lintonia.nutans",NA,"MW","N","20090616"
"9E","1st","","pennisetum.mezianum",NA,"MW","N","20090616"
"9E","1st","","pennisetum.straminium",NA,"MW","N","20090616"
"9E","1st","","themeda.triandra",NA,"MW","N","20090616"
"9E","1st","","bare",3,"MW","N","20090616"
"9E","1st","","x_2",NA,"MW","N","20090616"
"9E","1st","","aristida.kenyensis",NA,"MW","N","20090616"
"9E","1st","","bothriochloa.insculpta",NA,"MW","N","20090616"
"9E","1st","","bracharia.3",NA,"MW","N","20090616"
"9E","1st","","bracharia.eruciformis",NA,"MW","N","20090616"
"9E","1st","","chloris.sp",NA,"MW","N","20090616"
"9E","1st","","cynodon.dactylon",NA,"MW","N","20090616"
"9E","1st","","cynodon.plectostachyus",NA,"MW","N","20090616"
"9E","1st","","cyperus...mariscus.spp",NA,"MW","N","20090616"
"9E","1st","","digitaria.2",NA,"MW","N","20090616"
"9E","1st","","digitaria.milanjiana",NA,"MW","N","20090616"
"9E","1st","","dinebra.retroflexa",NA,"MW","N","20090616"
"9E","1st","","eragrostis.tenuifolia",NA,"MW","N","20090616"
"9E","1st","","harpachne.schimperi",NA,"MW","N","20090616"
"9E","1st","","microchloa.kunthii",NA,"MW","N","20090616"
"9E","1st","","panicum.astrosanguinum",NA,"MW","N","20090616"
"9E","1st","","setaria.acromelaena..small.",NA,"MW","N","20090616"
"9E","1st","","setaria.sphaecealata..big.",NA,"MW","N","20090616"
"9E","1st","","sporobolus.pyramidalis",NA,"MW","N","20090616"
"9E","1st","","tragus.berteronianus",NA,"MW","N","20090616"
"9E","1st","","x_3",NA,"MW","N","20090616"
"9E","1st","","acalypha.crenata",NA,"MW","N","20090616"
"9E","1st","","aerva.lanata",NA,"MW","N","20090616"
"9E","1st","","amaranthus.hibridus",NA,"MW","N","20090616"
"9E","1st","","aspilia.pluriseta",NA,"MW","N","20090616"
"9E","1st","","asterolinon.adoense..v.",NA,"MW","N","20090616"
"9E","1st","","caralluma.acutangula",NA,"MW","N","20090616"
"9E","1st","","chenopodium.opulifolium",NA,"MW","N","20090616"
"9E","1st","","chenopodium.schraderianum",NA,"MW","N","20090616"
"9E","1st","","commelina.spp",NA,"MW","N","20090616"
"9E","1st","","commicarpus.pedunculosus",NA,"MW","N","20090616"
"9E","1st","","conyza.sp",NA,"MW","N","20090616"
"9E","1st","","corchorus.sp",NA,"MW","N","20090616"
"9E","1st","","crotelaria.sp",NA,"MW","N","20090616"
"9E","1st","","cyathula.orthacantha",NA,"MW","N","20090616"
"9E","1st","","dyscoriste.radicans",NA,"MW","N","20090616"
"9E","1st","","euphorbia.inaequilatera",NA,"MW","N","20090616"
"9E","1st","","evolvulus.alsinoides",NA,"MW","N","20090616"
"9E","1st","","fern",NA,"MW","N","20090616"
"9E","1st","","gutenbergia.sp",NA,"MW","N","20090616"
"9E","1st","","hermannia.uhligii",NA,"MW","N","20090616"
"9E","1st","","hibiscus.flavifolius",NA,"MW","N","20090616"
"9E","1st","","hibiscus.trionum",NA,"MW","N","20090616"
"9E","1st","","indigofera.brevicalyx",NA,"MW","N","20090616"
"9E","1st","","indigofera.schimperi",NA,"MW","N","20090616"
"9E","1st","","ipomea.sinensis",NA,"MW","N","20090616"
"9E","1st","","justicia.dichipteroides",NA,"MW","N","20090616"
"9E","1st","","k",NA,"MW","N","20090616"
"9E","1st","","kyllinga.sp",NA,"MW","N","20090616"
"9E","1st","","leucas.glabrata",NA,"MW","N","20090616"
"9E","1st","","leucas.martiniscensis",NA,"MW","N","20090616"
"9E","1st","","lily.a",NA,"MW","N","20090616"
"9E","1st","","lily.b",NA,"MW","N","20090616"
"9E","1st","","lippia.javanica",NA,"MW","N","20090616"
"9E","1st","","melhania.spp.",NA,"MW","N","20090616"
"9E","1st","","misopates.orontium",NA,"MW","N","20090616"
"9E","1st","","mollugo.nudicaulis",NA,"MW","N","20090616"
"9E","1st","","monechima.debile",NA,"MW","N","20090616"
"9E","1st","","monsonia.augustifolia",NA,"MW","N","20090616"
"9E","1st","","ocimum.sp",NA,"MW","N","20090616"
"9E","1st","","osteospermum.vaillantii",NA,"MW","N","20090616"
"9E","1st","","oxygonum.sinuatum",NA,"MW","N","20090616"
"9E","1st","","pavonia.patens",NA,"MW","N","20090616"
"9E","1st","","pelargonium.alchemilloides",NA,"MW","N","20090616"
"9E","1st","","pentanisia.ouranogyne",NA,"MW","N","20090616"
"9E","1st","","phyllanthus.maderaspatensis",NA,"MW","N","20090616"
"9E","1st","","plectranthus.spp",NA,"MW","N","20090616"
"9E","1st","","pollichia.campestris",NA,"MW","N","20090616"
"9E","1st","","polygala..l.",NA,"MW","N","20090616"
"9E","1st","","polygala.sphenoptera",NA,"MW","N","20090616"
"9E","1st","","portulaca.oleracea",NA,"MW","N","20090616"
"9E","1st","","portulaca.quadrifida",NA,"MW","N","20090616"
"9E","1st","","pseudognaphalium..helichrysum.glumaceum.",NA,"MW","N","20090616"
"9E","1st","","psilotrichum.schimperi",NA,"MW","N","20090616"
"9E","1st","","rhinacanthus.ndorensis",NA,"MW","N","20090616"
"9E","1st","","rhynchosia.holstii",NA,"MW","N","20090616"
"9E","1st","","schkuhria.pinnata",NA,"MW","N","20090616"
"9E","1st","","sida.2",NA,"MW","N","20090616"
"9E","1st","","sida.cuneifolia",NA,"MW","N","20090616"
"9E","1st","","solanum.incanum",NA,"MW","N","20090616"
"9E","1st","","solanum.indicum",NA,"MW","N","20090616"
"9E","1st","","tribulus.terrestris",NA,"MW","N","20090616"
"9E","1st","","u",NA,"MW","N","20090616"
"9E","1st","","w",NA,"MW","N","20090616"
"9E","1st","","x_4",NA,"MW","N","20090616"
"9E","1st","","x_5",NA,"MW","N","20090616"
"9E","1st","","x_6",NA,"MW","N","20090616"
"9E","1st","","x_7",NA,"MW","N","20090616"
"9E","1st","","x_8",NA,"MW","N","20090616"
"9G","1st","","bracharia.lacnantha",NA,"MW","N","20090616"
"9G","1st","","lintonia.nutans",NA,"MW","N","20090616"
"9G","1st","","pennisetum.mezianum",NA,"MW","N","20090616"
"9G","1st","","pennisetum.straminium",NA,"MW","N","20090616"
"9G","1st","","themeda.triandra",NA,"MW","N","20090616"
"9G","1st","","bare",NA,"MW","N","20090616"
"9G","1st","","x_2",NA,"MW","N","20090616"
"9G","1st","","aristida.kenyensis",NA,"MW","N","20090616"
"9G","1st","","bothriochloa.insculpta",NA,"MW","N","20090616"
"9G","1st","","bracharia.3",NA,"MW","N","20090616"
"9G","1st","","bracharia.eruciformis",NA,"MW","N","20090616"
"9G","1st","","chloris.sp",NA,"MW","N","20090616"
"9G","1st","","cynodon.dactylon",NA,"MW","N","20090616"
"9G","1st","","cynodon.plectostachyus",NA,"MW","N","20090616"
"9G","1st","","cyperus...mariscus.spp",NA,"MW","N","20090616"
"9G","1st","","digitaria.2",NA,"MW","N","20090616"
"9G","1st","","digitaria.milanjiana",NA,"MW","N","20090616"
"9G","1st","","dinebra.retroflexa",NA,"MW","N","20090616"
"9G","1st","","eragrostis.tenuifolia",NA,"MW","N","20090616"
"9G","1st","","harpachne.schimperi",NA,"MW","N","20090616"
"9G","1st","","microchloa.kunthii",NA,"MW","N","20090616"
"9G","1st","","panicum.astrosanguinum",NA,"MW","N","20090616"
"9G","1st","","setaria.acromelaena..small.",NA,"MW","N","20090616"
"9G","1st","","setaria.sphaecealata..big.",NA,"MW","N","20090616"
"9G","1st","","sporobolus.pyramidalis",NA,"MW","N","20090616"
"9G","1st","","tragus.berteronianus",NA,"MW","N","20090616"
"9G","1st","","x_3",NA,"MW","N","20090616"
"9G","1st","","acalypha.crenata",NA,"MW","N","20090616"
"9G","1st","","aerva.lanata",1,"MW","N","20090616"
"9G","1st","","amaranthus.hibridus",NA,"MW","N","20090616"
"9G","1st","","aspilia.pluriseta",NA,"MW","N","20090616"
"9G","1st","","asterolinon.adoense..v.",NA,"MW","N","20090616"
"9G","1st","","caralluma.acutangula",NA,"MW","N","20090616"
"9G","1st","","chenopodium.opulifolium",NA,"MW","N","20090616"
"9G","1st","","chenopodium.schraderianum",NA,"MW","N","20090616"
"9G","1st","","commelina.spp",1,"MW","N","20090616"
"9G","1st","","commicarpus.pedunculosus",NA,"MW","N","20090616"
"9G","1st","","conyza.sp",NA,"MW","N","20090616"
"9G","1st","","corchorus.sp",NA,"MW","N","20090616"
"9G","1st","","crotelaria.sp",NA,"MW","N","20090616"
"9G","1st","","cyathula.orthacantha",NA,"MW","N","20090616"
"9G","1st","","dyscoriste.radicans",NA,"MW","N","20090616"
"9G","1st","","euphorbia.inaequilatera",NA,"MW","N","20090616"
"9G","1st","","evolvulus.alsinoides",NA,"MW","N","20090616"
"9G","1st","","fern",NA,"MW","N","20090616"
"9G","1st","","gutenbergia.sp",NA,"MW","N","20090616"
"9G","1st","","hermannia.uhligii",NA,"MW","N","20090616"
"9G","1st","","hibiscus.flavifolius",NA,"MW","N","20090616"
"9G","1st","","hibiscus.trionum",NA,"MW","N","20090616"
"9G","1st","","indigofera.brevicalyx",NA,"MW","N","20090616"
"9G","1st","","indigofera.schimperi",NA,"MW","N","20090616"
"9G","1st","","ipomea.sinensis",NA,"MW","N","20090616"
"9G","1st","","justicia.dichipteroides",NA,"MW","N","20090616"
"9G","1st","","k",NA,"MW","N","20090616"
"9G","1st","","kyllinga.sp",NA,"MW","N","20090616"
"9G","1st","","leucas.glabrata",NA,"MW","N","20090616"
"9G","1st","","leucas.martiniscensis",NA,"MW","N","20090616"
"9G","1st","","lily.a",NA,"MW","N","20090616"
"9G","1st","","lily.b",NA,"MW","N","20090616"
"9G","1st","","lippia.javanica",NA,"MW","N","20090616"
"9G","1st","","melhania.spp.",NA,"MW","N","20090616"
"9G","1st","","misopates.orontium",NA,"MW","N","20090616"
"9G","1st","","mollugo.nudicaulis",NA,"MW","N","20090616"
"9G","1st","","monechima.debile",NA,"MW","N","20090616"
"9G","1st","","monsonia.augustifolia",NA,"MW","N","20090616"
"9G","1st","","ocimum.sp",NA,"MW","N","20090616"
"9G","1st","","osteospermum.vaillantii",NA,"MW","N","20090616"
"9G","1st","","oxygonum.sinuatum",NA,"MW","N","20090616"
"9G","1st","","pavonia.patens",NA,"MW","N","20090616"
"9G","1st","","pelargonium.alchemilloides",NA,"MW","N","20090616"
"9G","1st","","pentanisia.ouranogyne",NA,"MW","N","20090616"
"9G","1st","","phyllanthus.maderaspatensis",NA,"MW","N","20090616"
"9G","1st","","plectranthus.spp",NA,"MW","N","20090616"
"9G","1st","","pollichia.campestris",NA,"MW","N","20090616"
"9G","1st","","polygala..l.",NA,"MW","N","20090616"
"9G","1st","","polygala.sphenoptera",NA,"MW","N","20090616"
"9G","1st","","portulaca.oleracea",NA,"MW","N","20090616"
"9G","1st","","portulaca.quadrifida",NA,"MW","N","20090616"
"9G","1st","","pseudognaphalium..helichrysum.glumaceum.",NA,"MW","N","20090616"
"9G","1st","","psilotrichum.schimperi",NA,"MW","N","20090616"
"9G","1st","","rhinacanthus.ndorensis",NA,"MW","N","20090616"
"9G","1st","","rhynchosia.holstii",NA,"MW","N","20090616"
"9G","1st","","schkuhria.pinnata",NA,"MW","N","20090616"
"9G","1st","","sida.2",NA,"MW","N","20090616"
"9G","1st","","sida.cuneifolia",NA,"MW","N","20090616"
"9G","1st","","solanum.incanum",NA,"MW","N","20090616"
"9G","1st","","solanum.indicum",NA,"MW","N","20090616"
"9G","1st","","tribulus.terrestris",NA,"MW","N","20090616"
"9G","1st","","u",NA,"MW","N","20090616"
"9G","1st","","w",NA,"MW","N","20090616"
"9G","1st","","x_4",NA,"MW","N","20090616"
"9G","1st","","x_5",NA,"MW","N","20090616"
"9G","1st","","x_6",NA,"MW","N","20090616"
"9G","1st","","x_7",NA,"MW","N","20090616"
"9G","1st","","x_8",NA,"MW","N","20090616"
"9I","1st","","bracharia.lacnantha",NA,"MW","N","20090616"
"9I","1st","","lintonia.nutans",NA,"MW","N","20090616"
"9I","1st","","pennisetum.mezianum",NA,"MW","N","20090616"
"9I","1st","","pennisetum.straminium",NA,"MW","N","20090616"
"9I","1st","","themeda.triandra",NA,"MW","N","20090616"
"9I","1st","","bare",NA,"MW","N","20090616"
"9I","1st","","x_2",NA,"MW","N","20090616"
"9I","1st","","aristida.kenyensis",NA,"MW","N","20090616"
"9I","1st","","bothriochloa.insculpta",NA,"MW","N","20090616"
"9I","1st","","bracharia.3",NA,"MW","N","20090616"
"9I","1st","","bracharia.eruciformis",NA,"MW","N","20090616"
"9I","1st","","chloris.sp",NA,"MW","N","20090616"
"9I","1st","","cynodon.dactylon",NA,"MW","N","20090616"
"9I","1st","","cynodon.plectostachyus",NA,"MW","N","20090616"
"9I","1st","","cyperus...mariscus.spp",NA,"MW","N","20090616"
"9I","1st","","digitaria.2",NA,"MW","N","20090616"
"9I","1st","","digitaria.milanjiana",NA,"MW","N","20090616"
"9I","1st","","dinebra.retroflexa",NA,"MW","N","20090616"
"9I","1st","","eragrostis.tenuifolia",NA,"MW","N","20090616"
"9I","1st","","harpachne.schimperi",NA,"MW","N","20090616"
"9I","1st","","microchloa.kunthii",NA,"MW","N","20090616"
"9I","1st","","panicum.astrosanguinum",NA,"MW","N","20090616"
"9I","1st","","setaria.acromelaena..small.",NA,"MW","N","20090616"
"9I","1st","","setaria.sphaecealata..big.",NA,"MW","N","20090616"
"9I","1st","","sporobolus.pyramidalis",NA,"MW","N","20090616"
"9I","1st","","tragus.berteronianus",NA,"MW","N","20090616"
"9I","1st","","x_3",NA,"MW","N","20090616"
"9I","1st","","acalypha.crenata",NA,"MW","N","20090616"
"9I","1st","","aerva.lanata",NA,"MW","N","20090616"
"9I","1st","","amaranthus.hibridus",NA,"MW","N","20090616"
"9I","1st","","aspilia.pluriseta",2,"MW","N","20090616"
"9I","1st","","asterolinon.adoense..v.",NA,"MW","N","20090616"
"9I","1st","","caralluma.acutangula",NA,"MW","N","20090616"
"9I","1st","","chenopodium.opulifolium",NA,"MW","N","20090616"
"9I","1st","","chenopodium.schraderianum",NA,"MW","N","20090616"
"9I","1st","","commelina.spp",NA,"MW","N","20090616"
"9I","1st","","commicarpus.pedunculosus",NA,"MW","N","20090616"
"9I","1st","","conyza.sp",NA,"MW","N","20090616"
"9I","1st","","corchorus.sp",NA,"MW","N","20090616"
"9I","1st","","crotelaria.sp",NA,"MW","N","20090616"
"9I","1st","","cyathula.orthacantha",NA,"MW","N","20090616"
"9I","1st","","dyscoriste.radicans",NA,"MW","N","20090616"
"9I","1st","","euphorbia.inaequilatera",NA,"MW","N","20090616"
"9I","1st","","evolvulus.alsinoides",NA,"MW","N","20090616"
"9I","1st","","fern",NA,"MW","N","20090616"
"9I","1st","","gutenbergia.sp",NA,"MW","N","20090616"
"9I","1st","","hermannia.uhligii",NA,"MW","N","20090616"
"9I","1st","","hibiscus.flavifolius",NA,"MW","N","20090616"
"9I","1st","","hibiscus.trionum",NA,"MW","N","20090616"
"9I","1st","","indigofera.brevicalyx",NA,"MW","N","20090616"
"9I","1st","","indigofera.schimperi",NA,"MW","N","20090616"
"9I","1st","","ipomea.sinensis",NA,"MW","N","20090616"
"9I","1st","","justicia.dichipteroides",NA,"MW","N","20090616"
"9I","1st","","k",NA,"MW","N","20090616"
"9I","1st","","kyllinga.sp",NA,"MW","N","20090616"
"9I","1st","","leucas.glabrata",NA,"MW","N","20090616"
"9I","1st","","leucas.martiniscensis",NA,"MW","N","20090616"
"9I","1st","","lily.a",NA,"MW","N","20090616"
"9I","1st","","lily.b",NA,"MW","N","20090616"
"9I","1st","","lippia.javanica",NA,"MW","N","20090616"
"9I","1st","","melhania.spp.",NA,"MW","N","20090616"
"9I","1st","","misopates.orontium",NA,"MW","N","20090616"
"9I","1st","","mollugo.nudicaulis",NA,"MW","N","20090616"
"9I","1st","","monechima.debile",NA,"MW","N","20090616"
"9I","1st","","monsonia.augustifolia",NA,"MW","N","20090616"
"9I","1st","","ocimum.sp",NA,"MW","N","20090616"
"9I","1st","","osteospermum.vaillantii",NA,"MW","N","20090616"
"9I","1st","","oxygonum.sinuatum",NA,"MW","N","20090616"
"9I","1st","","pavonia.patens",NA,"MW","N","20090616"
"9I","1st","","pelargonium.alchemilloides",NA,"MW","N","20090616"
"9I","1st","","pentanisia.ouranogyne",NA,"MW","N","20090616"
"9I","1st","","phyllanthus.maderaspatensis",NA,"MW","N","20090616"
"9I","1st","","plectranthus.spp",NA,"MW","N","20090616"
"9I","1st","","pollichia.campestris",NA,"MW","N","20090616"
"9I","1st","","polygala..l.",NA,"MW","N","20090616"
"9I","1st","","polygala.sphenoptera",NA,"MW","N","20090616"
"9I","1st","","portulaca.oleracea",NA,"MW","N","20090616"
"9I","1st","","portulaca.quadrifida",NA,"MW","N","20090616"
"9I","1st","","pseudognaphalium..helichrysum.glumaceum.",NA,"MW","N","20090616"
"9I","1st","","psilotrichum.schimperi",NA,"MW","N","20090616"
"9I","1st","","rhinacanthus.ndorensis",NA,"MW","N","20090616"
"9I","1st","","rhynchosia.holstii",NA,"MW","N","20090616"
"9I","1st","","schkuhria.pinnata",NA,"MW","N","20090616"
"9I","1st","","sida.2",NA,"MW","N","20090616"
"9I","1st","","sida.cuneifolia",NA,"MW","N","20090616"
"9I","1st","","solanum.incanum",NA,"MW","N","20090616"
"9I","1st","","solanum.indicum",NA,"MW","N","20090616"
"9I","1st","","tribulus.terrestris",NA,"MW","N","20090616"
"9I","1st","","u",NA,"MW","N","20090616"
"9I","1st","","w",NA,"MW","N","20090616"
"9I","1st","","x_4",NA,"MW","N","20090616"
"9I","1st","","x_5",NA,"MW","N","20090616"
"9I","1st","","x_6",NA,"MW","N","20090616"
"9I","1st","","x_7",NA,"MW","N","20090616"
"9I","1st","","x_8",NA,"MW","N","20090616"
"10J","1st","","bracharia.lacnantha",NA,"MW","N","20090616"
"10J","1st","","lintonia.nutans",NA,"MW","N","20090616"
"10J","1st","","pennisetum.mezianum",NA,"MW","N","20090616"
"10J","1st","","pennisetum.straminium",NA,"MW","N","20090616"
"10J","1st","","themeda.triandra",NA,"MW","N","20090616"
"10J","1st","","bare",3,"MW","N","20090616"
"10J","1st","","x_2",NA,"MW","N","20090616"
"10J","1st","","aristida.kenyensis",NA,"MW","N","20090616"
"10J","1st","","bothriochloa.insculpta",NA,"MW","N","20090616"
"10J","1st","","bracharia.3",NA,"MW","N","20090616"
"10J","1st","","bracharia.eruciformis",NA,"MW","N","20090616"
"10J","1st","","chloris.sp",NA,"MW","N","20090616"
"10J","1st","","cynodon.dactylon",NA,"MW","N","20090616"
"10J","1st","","cynodon.plectostachyus",NA,"MW","N","20090616"
"10J","1st","","cyperus...mariscus.spp",NA,"MW","N","20090616"
"10J","1st","","digitaria.2",NA,"MW","N","20090616"
"10J","1st","","digitaria.milanjiana",NA,"MW","N","20090616"
"10J","1st","","dinebra.retroflexa",NA,"MW","N","20090616"
"10J","1st","","eragrostis.tenuifolia",NA,"MW","N","20090616"
"10J","1st","","harpachne.schimperi",NA,"MW","N","20090616"
"10J","1st","","microchloa.kunthii",NA,"MW","N","20090616"
"10J","1st","","panicum.astrosanguinum",NA,"MW","N","20090616"
"10J","1st","","setaria.acromelaena..small.",NA,"MW","N","20090616"
"10J","1st","","setaria.sphaecealata..big.",NA,"MW","N","20090616"
"10J","1st","","sporobolus.pyramidalis",NA,"MW","N","20090616"
"10J","1st","","tragus.berteronianus",NA,"MW","N","20090616"
"10J","1st","","x_3",NA,"MW","N","20090616"
"10J","1st","","acalypha.crenata",NA,"MW","N","20090616"
"10J","1st","","aerva.lanata",NA,"MW","N","20090616"
"10J","1st","","amaranthus.hibridus",NA,"MW","N","20090616"
"10J","1st","","aspilia.pluriseta",NA,"MW","N","20090616"
"10J","1st","","asterolinon.adoense..v.",NA,"MW","N","20090616"
"10J","1st","","caralluma.acutangula",NA,"MW","N","20090616"
"10J","1st","","chenopodium.opulifolium",NA,"MW","N","20090616"
"10J","1st","","chenopodium.schraderianum",NA,"MW","N","20090616"
"10J","1st","","commelina.spp",NA,"MW","N","20090616"
"10J","1st","","commicarpus.pedunculosus",NA,"MW","N","20090616"
"10J","1st","","conyza.sp",NA,"MW","N","20090616"
"10J","1st","","corchorus.sp",NA,"MW","N","20090616"
"10J","1st","","crotelaria.sp",NA,"MW","N","20090616"
"10J","1st","","cyathula.orthacantha",NA,"MW","N","20090616"
"10J","1st","","dyscoriste.radicans",NA,"MW","N","20090616"
"10J","1st","","euphorbia.inaequilatera",NA,"MW","N","20090616"
"10J","1st","","evolvulus.alsinoides",NA,"MW","N","20090616"
"10J","1st","","fern",NA,"MW","N","20090616"
"10J","1st","","gutenbergia.sp",NA,"MW","N","20090616"
"10J","1st","","hermannia.uhligii",NA,"MW","N","20090616"
"10J","1st","","hibiscus.flavifolius",NA,"MW","N","20090616"
"10J","1st","","hibiscus.trionum",NA,"MW","N","20090616"
"10J","1st","","indigofera.brevicalyx",NA,"MW","N","20090616"
"10J","1st","","indigofera.schimperi",NA,"MW","N","20090616"
"10J","1st","","ipomea.sinensis",NA,"MW","N","20090616"
"10J","1st","","justicia.dichipteroides",NA,"MW","N","20090616"
"10J","1st","","k",NA,"MW","N","20090616"
"10J","1st","","kyllinga.sp",NA,"MW","N","20090616"
"10J","1st","","leucas.glabrata",NA,"MW","N","20090616"
"10J","1st","","leucas.martiniscensis",NA,"MW","N","20090616"
"10J","1st","","lily.a",NA,"MW","N","20090616"
"10J","1st","","lily.b",NA,"MW","N","20090616"
"10J","1st","","lippia.javanica",NA,"MW","N","20090616"
"10J","1st","","melhania.spp.",NA,"MW","N","20090616"
"10J","1st","","misopates.orontium",NA,"MW","N","20090616"
"10J","1st","","mollugo.nudicaulis",NA,"MW","N","20090616"
"10J","1st","","monechima.debile",NA,"MW","N","20090616"
"10J","1st","","monsonia.augustifolia",NA,"MW","N","20090616"
"10J","1st","","ocimum.sp",NA,"MW","N","20090616"
"10J","1st","","osteospermum.vaillantii",NA,"MW","N","20090616"
"10J","1st","","oxygonum.sinuatum",NA,"MW","N","20090616"
"10J","1st","","pavonia.patens",NA,"MW","N","20090616"
"10J","1st","","pelargonium.alchemilloides",NA,"MW","N","20090616"
"10J","1st","","pentanisia.ouranogyne",NA,"MW","N","20090616"
"10J","1st","","phyllanthus.maderaspatensis",NA,"MW","N","20090616"
"10J","1st","","plectranthus.spp",NA,"MW","N","20090616"
"10J","1st","","pollichia.campestris",NA,"MW","N","20090616"
"10J","1st","","polygala..l.",NA,"MW","N","20090616"
"10J","1st","","polygala.sphenoptera",NA,"MW","N","20090616"
"10J","1st","","portulaca.oleracea",NA,"MW","N","20090616"
"10J","1st","","portulaca.quadrifida",NA,"MW","N","20090616"
"10J","1st","","pseudognaphalium..helichrysum.glumaceum.",NA,"MW","N","20090616"
"10J","1st","","psilotrichum.schimperi",NA,"MW","N","20090616"
"10J","1st","","rhinacanthus.ndorensis",NA,"MW","N","20090616"
"10J","1st","","rhynchosia.holstii",NA,"MW","N","20090616"
"10J","1st","","schkuhria.pinnata",NA,"MW","N","20090616"
"10J","1st","","sida.2",NA,"MW","N","20090616"
"10J","1st","","sida.cuneifolia",NA,"MW","N","20090616"
"10J","1st","","solanum.incanum",NA,"MW","N","20090616"
"10J","1st","","solanum.indicum",NA,"MW","N","20090616"
"10J","1st","","tribulus.terrestris",NA,"MW","N","20090616"
"10J","1st","","u",NA,"MW","N","20090616"
"10J","1st","","w",NA,"MW","N","20090616"
"10J","1st","","x_4",NA,"MW","N","20090616"
"10J","1st","","x_5",NA,"MW","N","20090616"
"10J","1st","","x_6",NA,"MW","N","20090616"
"10J","1st","","x_7",NA,"MW","N","20090616"
"10J","1st","","x_8",NA,"MW","N","20090616"
"10H","1st","","bracharia.lacnantha",NA,"MW","N","20090616"
"10H","1st","","lintonia.nutans",NA,"MW","N","20090616"
"10H","1st","","pennisetum.mezianum",NA,"MW","N","20090616"
"10H","1st","","pennisetum.straminium",NA,"MW","N","20090616"
"10H","1st","","themeda.triandra",NA,"MW","N","20090616"
"10H","1st","","bare",1,"MW","N","20090616"
"10H","1st","","x_2",NA,"MW","N","20090616"
"10H","1st","","aristida.kenyensis",NA,"MW","N","20090616"
"10H","1st","","bothriochloa.insculpta",NA,"MW","N","20090616"
"10H","1st","","bracharia.3",NA,"MW","N","20090616"
"10H","1st","","bracharia.eruciformis",NA,"MW","N","20090616"
"10H","1st","","chloris.sp",NA,"MW","N","20090616"
"10H","1st","","cynodon.dactylon",NA,"MW","N","20090616"
"10H","1st","","cynodon.plectostachyus",NA,"MW","N","20090616"
"10H","1st","","cyperus...mariscus.spp",NA,"MW","N","20090616"
"10H","1st","","digitaria.2",NA,"MW","N","20090616"
"10H","1st","","digitaria.milanjiana",NA,"MW","N","20090616"
"10H","1st","","dinebra.retroflexa",NA,"MW","N","20090616"
"10H","1st","","eragrostis.tenuifolia",NA,"MW","N","20090616"
"10H","1st","","harpachne.schimperi",NA,"MW","N","20090616"
"10H","1st","","microchloa.kunthii",NA,"MW","N","20090616"
"10H","1st","","panicum.astrosanguinum",NA,"MW","N","20090616"
"10H","1st","","setaria.acromelaena..small.",NA,"MW","N","20090616"
"10H","1st","","setaria.sphaecealata..big.",NA,"MW","N","20090616"
"10H","1st","","sporobolus.pyramidalis",NA,"MW","N","20090616"
"10H","1st","","tragus.berteronianus",NA,"MW","N","20090616"
"10H","1st","","x_3",NA,"MW","N","20090616"
"10H","1st","","acalypha.crenata",NA,"MW","N","20090616"
"10H","1st","","aerva.lanata",NA,"MW","N","20090616"
"10H","1st","","amaranthus.hibridus",NA,"MW","N","20090616"
"10H","1st","","aspilia.pluriseta",NA,"MW","N","20090616"
"10H","1st","","asterolinon.adoense..v.",NA,"MW","N","20090616"
"10H","1st","","caralluma.acutangula",NA,"MW","N","20090616"
"10H","1st","","chenopodium.opulifolium",NA,"MW","N","20090616"
"10H","1st","","chenopodium.schraderianum",NA,"MW","N","20090616"
"10H","1st","","commelina.spp",NA,"MW","N","20090616"
"10H","1st","","commicarpus.pedunculosus",NA,"MW","N","20090616"
"10H","1st","","conyza.sp",NA,"MW","N","20090616"
"10H","1st","","corchorus.sp",NA,"MW","N","20090616"
"10H","1st","","crotelaria.sp",NA,"MW","N","20090616"
"10H","1st","","cyathula.orthacantha",NA,"MW","N","20090616"
"10H","1st","","dyscoriste.radicans",NA,"MW","N","20090616"
"10H","1st","","euphorbia.inaequilatera",NA,"MW","N","20090616"
"10H","1st","","evolvulus.alsinoides",NA,"MW","N","20090616"
"10H","1st","","fern",NA,"MW","N","20090616"
"10H","1st","","gutenbergia.sp",NA,"MW","N","20090616"
"10H","1st","","hermannia.uhligii",NA,"MW","N","20090616"
"10H","1st","","hibiscus.flavifolius",NA,"MW","N","20090616"
"10H","1st","","hibiscus.trionum",NA,"MW","N","20090616"
"10H","1st","","indigofera.brevicalyx",NA,"MW","N","20090616"
"10H","1st","","indigofera.schimperi",NA,"MW","N","20090616"
"10H","1st","","ipomea.sinensis",NA,"MW","N","20090616"
"10H","1st","","justicia.dichipteroides",NA,"MW","N","20090616"
"10H","1st","","k",NA,"MW","N","20090616"
"10H","1st","","kyllinga.sp",NA,"MW","N","20090616"
"10H","1st","","leucas.glabrata",NA,"MW","N","20090616"
"10H","1st","","leucas.martiniscensis",NA,"MW","N","20090616"
"10H","1st","","lily.a",NA,"MW","N","20090616"
"10H","1st","","lily.b",NA,"MW","N","20090616"
"10H","1st","","lippia.javanica",NA,"MW","N","20090616"
"10H","1st","","melhania.spp.",NA,"MW","N","20090616"
"10H","1st","","misopates.orontium",NA,"MW","N","20090616"
"10H","1st","","mollugo.nudicaulis",NA,"MW","N","20090616"
"10H","1st","","monechima.debile",NA,"MW","N","20090616"
"10H","1st","","monsonia.augustifolia",NA,"MW","N","20090616"
"10H","1st","","ocimum.sp",NA,"MW","N","20090616"
"10H","1st","","osteospermum.vaillantii",NA,"MW","N","20090616"
"10H","1st","","oxygonum.sinuatum",NA,"MW","N","20090616"
"10H","1st","","pavonia.patens",NA,"MW","N","20090616"
"10H","1st","","pelargonium.alchemilloides",NA,"MW","N","20090616"
"10H","1st","","pentanisia.ouranogyne",NA,"MW","N","20090616"
"10H","1st","","phyllanthus.maderaspatensis",NA,"MW","N","20090616"
"10H","1st","","plectranthus.spp",NA,"MW","N","20090616"
"10H","1st","","pollichia.campestris",NA,"MW","N","20090616"
"10H","1st","","polygala..l.",NA,"MW","N","20090616"
"10H","1st","","polygala.sphenoptera",NA,"MW","N","20090616"
"10H","1st","","portulaca.oleracea",NA,"MW","N","20090616"
"10H","1st","","portulaca.quadrifida",NA,"MW","N","20090616"
"10H","1st","","pseudognaphalium..helichrysum.glumaceum.",1,"MW","N","20090616"
"10H","1st","","psilotrichum.schimperi",NA,"MW","N","20090616"
"10H","1st","","rhinacanthus.ndorensis",NA,"MW","N","20090616"
"10H","1st","","rhynchosia.holstii",NA,"MW","N","20090616"
"10H","1st","","schkuhria.pinnata",NA,"MW","N","20090616"
"10H","1st","","sida.2",NA,"MW","N","20090616"
"10H","1st","","sida.cuneifolia",NA,"MW","N","20090616"
"10H","1st","","solanum.incanum",NA,"MW","N","20090616"
"10H","1st","","solanum.indicum",1,"MW","N","20090616"
"10H","1st","","tribulus.terrestris",NA,"MW","N","20090616"
"10H","1st","","u",NA,"MW","N","20090616"
"10H","1st","","w",NA,"MW","N","20090616"
"10H","1st","","x_4",NA,"MW","N","20090616"
"10H","1st","","x_5",NA,"MW","N","20090616"
"10H","1st","","x_6",NA,"MW","N","20090616"
"10H","1st","","x_7",NA,"MW","N","20090616"
"10H","1st","","x_8",NA,"MW","N","20090616"
"10F","1st","","bracharia.lacnantha",NA,"MW","N","20090616"
"10F","1st","","lintonia.nutans",NA,"MW","N","20090616"
"10F","1st","","pennisetum.mezianum",NA,"MW","N","20090616"
"10F","1st","","pennisetum.straminium",NA,"MW","N","20090616"
"10F","1st","","themeda.triandra",NA,"MW","N","20090616"
"10F","1st","","bare",NA,"MW","N","20090616"
"10F","1st","","x_2",NA,"MW","N","20090616"
"10F","1st","","aristida.kenyensis",NA,"MW","N","20090616"
"10F","1st","","bothriochloa.insculpta",NA,"MW","N","20090616"
"10F","1st","","bracharia.3",NA,"MW","N","20090616"
"10F","1st","","bracharia.eruciformis",NA,"MW","N","20090616"
"10F","1st","","chloris.sp",NA,"MW","N","20090616"
"10F","1st","","cynodon.dactylon",NA,"MW","N","20090616"
"10F","1st","","cynodon.plectostachyus",NA,"MW","N","20090616"
"10F","1st","","cyperus...mariscus.spp",NA,"MW","N","20090616"
"10F","1st","","digitaria.2",NA,"MW","N","20090616"
"10F","1st","","digitaria.milanjiana",NA,"MW","N","20090616"
"10F","1st","","dinebra.retroflexa",NA,"MW","N","20090616"
"10F","1st","","eragrostis.tenuifolia",NA,"MW","N","20090616"
"10F","1st","","harpachne.schimperi",NA,"MW","N","20090616"
"10F","1st","","microchloa.kunthii",NA,"MW","N","20090616"
"10F","1st","","panicum.astrosanguinum",NA,"MW","N","20090616"
"10F","1st","","setaria.acromelaena..small.",NA,"MW","N","20090616"
"10F","1st","","setaria.sphaecealata..big.",NA,"MW","N","20090616"
"10F","1st","","sporobolus.pyramidalis",NA,"MW","N","20090616"
"10F","1st","","tragus.berteronianus",NA,"MW","N","20090616"
"10F","1st","","x_3",NA,"MW","N","20090616"
"10F","1st","","acalypha.crenata",NA,"MW","N","20090616"
"10F","1st","","aerva.lanata",NA,"MW","N","20090616"
"10F","1st","","amaranthus.hibridus",NA,"MW","N","20090616"
"10F","1st","","aspilia.pluriseta",NA,"MW","N","20090616"
"10F","1st","","asterolinon.adoense..v.",NA,"MW","N","20090616"
"10F","1st","","caralluma.acutangula",NA,"MW","N","20090616"
"10F","1st","","chenopodium.opulifolium",NA,"MW","N","20090616"
"10F","1st","","chenopodium.schraderianum",NA,"MW","N","20090616"
"10F","1st","","commelina.spp",NA,"MW","N","20090616"
"10F","1st","","commicarpus.pedunculosus",NA,"MW","N","20090616"
"10F","1st","","conyza.sp",NA,"MW","N","20090616"
"10F","1st","","corchorus.sp",NA,"MW","N","20090616"
"10F","1st","","crotelaria.sp",NA,"MW","N","20090616"
"10F","1st","","cyathula.orthacantha",NA,"MW","N","20090616"
"10F","1st","","dyscoriste.radicans",NA,"MW","N","20090616"
"10F","1st","","euphorbia.inaequilatera",NA,"MW","N","20090616"
"10F","1st","","evolvulus.alsinoides",NA,"MW","N","20090616"
"10F","1st","","fern",NA,"MW","N","20090616"
"10F","1st","","gutenbergia.sp",NA,"MW","N","20090616"
"10F","1st","","hermannia.uhligii",NA,"MW","N","20090616"
"10F","1st","","hibiscus.flavifolius",NA,"MW","N","20090616"
"10F","1st","","hibiscus.trionum",NA,"MW","N","20090616"
"10F","1st","","indigofera.brevicalyx",NA,"MW","N","20090616"
"10F","1st","","indigofera.schimperi",NA,"MW","N","20090616"
"10F","1st","","ipomea.sinensis",NA,"MW","N","20090616"
"10F","1st","","justicia.dichipteroides",NA,"MW","N","20090616"
"10F","1st","","k",NA,"MW","N","20090616"
"10F","1st","","kyllinga.sp",NA,"MW","N","20090616"
"10F","1st","","leucas.glabrata",NA,"MW","N","20090616"
"10F","1st","","leucas.martiniscensis",NA,"MW","N","20090616"
"10F","1st","","lily.a",NA,"MW","N","20090616"
"10F","1st","","lily.b",NA,"MW","N","20090616"
"10F","1st","","lippia.javanica",NA,"MW","N","20090616"
"10F","1st","","melhania.spp.",NA,"MW","N","20090616"
"10F","1st","","misopates.orontium",NA,"MW","N","20090616"
"10F","1st","","mollugo.nudicaulis",NA,"MW","N","20090616"
"10F","1st","","monechima.debile",NA,"MW","N","20090616"
"10F","1st","","monsonia.augustifolia",NA,"MW","N","20090616"
"10F","1st","","ocimum.sp",NA,"MW","N","20090616"
"10F","1st","","osteospermum.vaillantii",NA,"MW","N","20090616"
"10F","1st","","oxygonum.sinuatum",NA,"MW","N","20090616"
"10F","1st","","pavonia.patens",NA,"MW","N","20090616"
"10F","1st","","pelargonium.alchemilloides",NA,"MW","N","20090616"
"10F","1st","","pentanisia.ouranogyne",NA,"MW","N","20090616"
"10F","1st","","phyllanthus.maderaspatensis",NA,"MW","N","20090616"
"10F","1st","","plectranthus.spp",NA,"MW","N","20090616"
"10F","1st","","pollichia.campestris",NA,"MW","N","20090616"
"10F","1st","","polygala..l.",NA,"MW","N","20090616"
"10F","1st","","polygala.sphenoptera",NA,"MW","N","20090616"
"10F","1st","","portulaca.oleracea",NA,"MW","N","20090616"
"10F","1st","","portulaca.quadrifida",NA,"MW","N","20090616"
"10F","1st","","pseudognaphalium..helichrysum.glumaceum.",NA,"MW","N","20090616"
"10F","1st","","psilotrichum.schimperi",NA,"MW","N","20090616"
"10F","1st","","rhinacanthus.ndorensis",NA,"MW","N","20090616"
"10F","1st","","rhynchosia.holstii",NA,"MW","N","20090616"
"10F","1st","","schkuhria.pinnata",NA,"MW","N","20090616"
"10F","1st","","sida.2",NA,"MW","N","20090616"
"10F","1st","","sida.cuneifolia",NA,"MW","N","20090616"
"10F","1st","","solanum.incanum",NA,"MW","N","20090616"
"10F","1st","","solanum.indicum",NA,"MW","N","20090616"
"10F","1st","","tribulus.terrestris",NA,"MW","N","20090616"
"10F","1st","","u",NA,"MW","N","20090616"
"10F","1st","","w",NA,"MW","N","20090616"
"10F","1st","","x_4",NA,"MW","N","20090616"
"10F","1st","","x_5",NA,"MW","N","20090616"
"10F","1st","","x_6",NA,"MW","N","20090616"
"10F","1st","","x_7",NA,"MW","N","20090616"
"10F","1st","","x_8",NA,"MW","N","20090616"
"10D","1st","","bracharia.lacnantha",NA,"MW","N","20090616"
"10D","1st","","lintonia.nutans",NA,"MW","N","20090616"
"10D","1st","","pennisetum.mezianum",NA,"MW","N","20090616"
"10D","1st","","pennisetum.straminium",NA,"MW","N","20090616"
"10D","1st","","themeda.triandra",NA,"MW","N","20090616"
"10D","1st","","bare",4,"MW","N","20090616"
"10D","1st","","x_2",NA,"MW","N","20090616"
"10D","1st","","aristida.kenyensis",NA,"MW","N","20090616"
"10D","1st","","bothriochloa.insculpta",NA,"MW","N","20090616"
"10D","1st","","bracharia.3",NA,"MW","N","20090616"
"10D","1st","","bracharia.eruciformis",NA,"MW","N","20090616"
"10D","1st","","chloris.sp",NA,"MW","N","20090616"
"10D","1st","","cynodon.dactylon",NA,"MW","N","20090616"
"10D","1st","","cynodon.plectostachyus",NA,"MW","N","20090616"
"10D","1st","","cyperus...mariscus.spp",NA,"MW","N","20090616"
"10D","1st","","digitaria.2",NA,"MW","N","20090616"
"10D","1st","","digitaria.milanjiana",NA,"MW","N","20090616"
"10D","1st","","dinebra.retroflexa",NA,"MW","N","20090616"
"10D","1st","","eragrostis.tenuifolia",NA,"MW","N","20090616"
"10D","1st","","harpachne.schimperi",NA,"MW","N","20090616"
"10D","1st","","microchloa.kunthii",NA,"MW","N","20090616"
"10D","1st","","panicum.astrosanguinum",NA,"MW","N","20090616"
"10D","1st","","setaria.acromelaena..small.",NA,"MW","N","20090616"
"10D","1st","","setaria.sphaecealata..big.",NA,"MW","N","20090616"
"10D","1st","","sporobolus.pyramidalis",NA,"MW","N","20090616"
"10D","1st","","tragus.berteronianus",NA,"MW","N","20090616"
"10D","1st","","x_3",NA,"MW","N","20090616"
"10D","1st","","acalypha.crenata",NA,"MW","N","20090616"
"10D","1st","","aerva.lanata",NA,"MW","N","20090616"
"10D","1st","","amaranthus.hibridus",NA,"MW","N","20090616"
"10D","1st","","aspilia.pluriseta",NA,"MW","N","20090616"
"10D","1st","","asterolinon.adoense..v.",NA,"MW","N","20090616"
"10D","1st","","caralluma.acutangula",NA,"MW","N","20090616"
"10D","1st","","chenopodium.opulifolium",NA,"MW","N","20090616"
"10D","1st","","chenopodium.schraderianum",NA,"MW","N","20090616"
"10D","1st","","commelina.spp",NA,"MW","N","20090616"
"10D","1st","","commicarpus.pedunculosus",NA,"MW","N","20090616"
"10D","1st","","conyza.sp",NA,"MW","N","20090616"
"10D","1st","","corchorus.sp",NA,"MW","N","20090616"
"10D","1st","","crotelaria.sp",NA,"MW","N","20090616"
"10D","1st","","cyathula.orthacantha",NA,"MW","N","20090616"
"10D","1st","","dyscoriste.radicans",NA,"MW","N","20090616"
"10D","1st","","euphorbia.inaequilatera",NA,"MW","N","20090616"
"10D","1st","","evolvulus.alsinoides",NA,"MW","N","20090616"
"10D","1st","","fern",NA,"MW","N","20090616"
"10D","1st","","gutenbergia.sp",NA,"MW","N","20090616"
"10D","1st","","hermannia.uhligii",NA,"MW","N","20090616"
"10D","1st","","hibiscus.flavifolius",NA,"MW","N","20090616"
"10D","1st","","hibiscus.trionum",NA,"MW","N","20090616"
"10D","1st","","indigofera.brevicalyx",NA,"MW","N","20090616"
"10D","1st","","indigofera.schimperi",NA,"MW","N","20090616"
"10D","1st","","ipomea.sinensis",NA,"MW","N","20090616"
"10D","1st","","justicia.dichipteroides",NA,"MW","N","20090616"
"10D","1st","","k",NA,"MW","N","20090616"
"10D","1st","","kyllinga.sp",NA,"MW","N","20090616"
"10D","1st","","leucas.glabrata",NA,"MW","N","20090616"
"10D","1st","","leucas.martiniscensis",NA,"MW","N","20090616"
"10D","1st","","lily.a",NA,"MW","N","20090616"
"10D","1st","","lily.b",NA,"MW","N","20090616"
"10D","1st","","lippia.javanica",NA,"MW","N","20090616"
"10D","1st","","melhania.spp.",NA,"MW","N","20090616"
"10D","1st","","misopates.orontium",NA,"MW","N","20090616"
"10D","1st","","mollugo.nudicaulis",NA,"MW","N","20090616"
"10D","1st","","monechima.debile",NA,"MW","N","20090616"
"10D","1st","","monsonia.augustifolia",NA,"MW","N","20090616"
"10D","1st","","ocimum.sp",NA,"MW","N","20090616"
"10D","1st","","osteospermum.vaillantii",NA,"MW","N","20090616"
"10D","1st","","oxygonum.sinuatum",NA,"MW","N","20090616"
"10D","1st","","pavonia.patens",NA,"MW","N","20090616"
"10D","1st","","pelargonium.alchemilloides",NA,"MW","N","20090616"
"10D","1st","","pentanisia.ouranogyne",NA,"MW","N","20090616"
"10D","1st","","phyllanthus.maderaspatensis",NA,"MW","N","20090616"
"10D","1st","","plectranthus.spp",NA,"MW","N","20090616"
"10D","1st","","pollichia.campestris",NA,"MW","N","20090616"
"10D","1st","","polygala..l.",NA,"MW","N","20090616"
"10D","1st","","polygala.sphenoptera",NA,"MW","N","20090616"
"10D","1st","","portulaca.oleracea",NA,"MW","N","20090616"
"10D","1st","","portulaca.quadrifida",NA,"MW","N","20090616"
"10D","1st","","pseudognaphalium..helichrysum.glumaceum.",NA,"MW","N","20090616"
"10D","1st","","psilotrichum.schimperi",NA,"MW","N","20090616"
"10D","1st","","rhinacanthus.ndorensis",NA,"MW","N","20090616"
"10D","1st","","rhynchosia.holstii",NA,"MW","N","20090616"
"10D","1st","","schkuhria.pinnata",NA,"MW","N","20090616"
"10D","1st","","sida.2",NA,"MW","N","20090616"
"10D","1st","","sida.cuneifolia",NA,"MW","N","20090616"
"10D","1st","","solanum.incanum",NA,"MW","N","20090616"
"10D","1st","","solanum.indicum",NA,"MW","N","20090616"
"10D","1st","","tribulus.terrestris",NA,"MW","N","20090616"
"10D","1st","","u",NA,"MW","N","20090616"
"10D","1st","","w",NA,"MW","N","20090616"
"10D","1st","","x_4",NA,"MW","N","20090616"
"10D","1st","","x_5",NA,"MW","N","20090616"
"10D","1st","","x_6",NA,"MW","N","20090616"
"10D","1st","","x_7",NA,"MW","N","20090616"
"10D","1st","","x_8",NA,"MW","N","20090616"
"10B","1st","","bracharia.lacnantha",NA,"MW","N","20090616"
"10B","1st","","lintonia.nutans",NA,"MW","N","20090616"
"10B","1st","","pennisetum.mezianum",NA,"MW","N","20090616"
"10B","1st","","pennisetum.straminium",NA,"MW","N","20090616"
"10B","1st","","themeda.triandra",NA,"MW","N","20090616"
"10B","1st","","bare",NA,"MW","N","20090616"
"10B","1st","","x_2",NA,"MW","N","20090616"
"10B","1st","","aristida.kenyensis",NA,"MW","N","20090616"
"10B","1st","","bothriochloa.insculpta",NA,"MW","N","20090616"
"10B","1st","","bracharia.3",NA,"MW","N","20090616"
"10B","1st","","bracharia.eruciformis",NA,"MW","N","20090616"
"10B","1st","","chloris.sp",NA,"MW","N","20090616"
"10B","1st","","cynodon.dactylon",NA,"MW","N","20090616"
"10B","1st","","cynodon.plectostachyus",NA,"MW","N","20090616"
"10B","1st","","cyperus...mariscus.spp",NA,"MW","N","20090616"
"10B","1st","","digitaria.2",NA,"MW","N","20090616"
"10B","1st","","digitaria.milanjiana",NA,"MW","N","20090616"
"10B","1st","","dinebra.retroflexa",NA,"MW","N","20090616"
"10B","1st","","eragrostis.tenuifolia",NA,"MW","N","20090616"
"10B","1st","","harpachne.schimperi",NA,"MW","N","20090616"
"10B","1st","","microchloa.kunthii",NA,"MW","N","20090616"
"10B","1st","","panicum.astrosanguinum",NA,"MW","N","20090616"
"10B","1st","","setaria.acromelaena..small.",NA,"MW","N","20090616"
"10B","1st","","setaria.sphaecealata..big.",NA,"MW","N","20090616"
"10B","1st","","sporobolus.pyramidalis",NA,"MW","N","20090616"
"10B","1st","","tragus.berteronianus",NA,"MW","N","20090616"
"10B","1st","","x_3",NA,"MW","N","20090616"
"10B","1st","","acalypha.crenata",NA,"MW","N","20090616"
"10B","1st","","aerva.lanata",NA,"MW","N","20090616"
"10B","1st","","amaranthus.hibridus",NA,"MW","N","20090616"
"10B","1st","","aspilia.pluriseta",NA,"MW","N","20090616"
"10B","1st","","asterolinon.adoense..v.",NA,"MW","N","20090616"
"10B","1st","","caralluma.acutangula",NA,"MW","N","20090616"
"10B","1st","","chenopodium.opulifolium",NA,"MW","N","20090616"
"10B","1st","","chenopodium.schraderianum",NA,"MW","N","20090616"
"10B","1st","","commelina.spp",NA,"MW","N","20090616"
"10B","1st","","commicarpus.pedunculosus",NA,"MW","N","20090616"
"10B","1st","","conyza.sp",NA,"MW","N","20090616"
"10B","1st","","corchorus.sp",NA,"MW","N","20090616"
"10B","1st","","crotelaria.sp",NA,"MW","N","20090616"
"10B","1st","","cyathula.orthacantha",NA,"MW","N","20090616"
"10B","1st","","dyscoriste.radicans",NA,"MW","N","20090616"
"10B","1st","","euphorbia.inaequilatera",NA,"MW","N","20090616"
"10B","1st","","evolvulus.alsinoides",NA,"MW","N","20090616"
"10B","1st","","fern",NA,"MW","N","20090616"
"10B","1st","","gutenbergia.sp",NA,"MW","N","20090616"
"10B","1st","","hermannia.uhligii",NA,"MW","N","20090616"
"10B","1st","","hibiscus.flavifolius",NA,"MW","N","20090616"
"10B","1st","","hibiscus.trionum",NA,"MW","N","20090616"
"10B","1st","","indigofera.brevicalyx",NA,"MW","N","20090616"
"10B","1st","","indigofera.schimperi",NA,"MW","N","20090616"
"10B","1st","","ipomea.sinensis",NA,"MW","N","20090616"
"10B","1st","","justicia.dichipteroides",NA,"MW","N","20090616"
"10B","1st","","k",NA,"MW","N","20090616"
"10B","1st","","kyllinga.sp",NA,"MW","N","20090616"
"10B","1st","","leucas.glabrata",NA,"MW","N","20090616"
"10B","1st","","leucas.martiniscensis",NA,"MW","N","20090616"
"10B","1st","","lily.a",NA,"MW","N","20090616"
"10B","1st","","lily.b",NA,"MW","N","20090616"
"10B","1st","","lippia.javanica",NA,"MW","N","20090616"
"10B","1st","","melhania.spp.",NA,"MW","N","20090616"
"10B","1st","","misopates.orontium",NA,"MW","N","20090616"
"10B","1st","","mollugo.nudicaulis",NA,"MW","N","20090616"
"10B","1st","","monechima.debile",NA,"MW","N","20090616"
"10B","1st","","monsonia.augustifolia",NA,"MW","N","20090616"
"10B","1st","","ocimum.sp",NA,"MW","N","20090616"
"10B","1st","","osteospermum.vaillantii",NA,"MW","N","20090616"
"10B","1st","","oxygonum.sinuatum",NA,"MW","N","20090616"
"10B","1st","","pavonia.patens",NA,"MW","N","20090616"
"10B","1st","","pelargonium.alchemilloides",NA,"MW","N","20090616"
"10B","1st","","pentanisia.ouranogyne",NA,"MW","N","20090616"
"10B","1st","","phyllanthus.maderaspatensis",NA,"MW","N","20090616"
"10B","1st","","plectranthus.spp",NA,"MW","N","20090616"
"10B","1st","","pollichia.campestris",NA,"MW","N","20090616"
"10B","1st","","polygala..l.",NA,"MW","N","20090616"
"10B","1st","","polygala.sphenoptera",NA,"MW","N","20090616"
"10B","1st","","portulaca.oleracea",NA,"MW","N","20090616"
"10B","1st","","portulaca.quadrifida",NA,"MW","N","20090616"
"10B","1st","","pseudognaphalium..helichrysum.glumaceum.",NA,"MW","N","20090616"
"10B","1st","","psilotrichum.schimperi",NA,"MW","N","20090616"
"10B","1st","","rhinacanthus.ndorensis",NA,"MW","N","20090616"
"10B","1st","","rhynchosia.holstii",NA,"MW","N","20090616"
"10B","1st","","schkuhria.pinnata",NA,"MW","N","20090616"
"10B","1st","","sida.2",NA,"MW","N","20090616"
"10B","1st","","sida.cuneifolia",NA,"MW","N","20090616"
"10B","1st","","solanum.incanum",NA,"MW","N","20090616"
"10B","1st","","solanum.indicum",NA,"MW","N","20090616"
"10B","1st","","tribulus.terrestris",NA,"MW","N","20090616"
"10B","1st","","u",NA,"MW","N","20090616"
"10B","1st","","w",NA,"MW","N","20090616"
"10B","1st","","x_4",NA,"MW","N","20090616"
"10B","1st","","x_5",NA,"MW","N","20090616"
"10B","1st","","x_6",NA,"MW","N","20090616"
"10B","1st","","x_7",NA,"MW","N","20090616"
"10B","1st","","x_8",NA,"MW","N","20090616"
"1A","1st","","bracharia.lacnantha",NA,"MWC","N","20090615"
"1A","1st","","lintonia.nutans",NA,"MWC","N","20090615"
"1A","1st","","pennisetum.mezianum",NA,"MWC","N","20090615"
"1A","1st","","pennisetum.straminium",NA,"MWC","N","20090615"
"1A","1st","","themeda.triandra",NA,"MWC","N","20090615"
"1A","1st","","bare",5,"MWC","N","20090615"
"1A","1st","","x_2",NA,"MWC","N","20090615"
"1A","1st","","aristida.kenyensis",NA,"MWC","N","20090615"
"1A","1st","","bothriochloa.insculpta",NA,"MWC","N","20090615"
"1A","1st","","bracharia.3",NA,"MWC","N","20090615"
"1A","1st","","bracharia.eruciformis",NA,"MWC","N","20090615"
"1A","1st","","chloris.sp",NA,"MWC","N","20090615"
"1A","1st","","cynodon.dactylon",NA,"MWC","N","20090615"
"1A","1st","","cynodon.plectostachyus",NA,"MWC","N","20090615"
"1A","1st","","cyperus...mariscus.spp",NA,"MWC","N","20090615"
"1A","1st","","digitaria.2",NA,"MWC","N","20090615"
"1A","1st","","digitaria.milanjiana",NA,"MWC","N","20090615"
"1A","1st","","dinebra.retroflexa",NA,"MWC","N","20090615"
"1A","1st","","eragrostis.tenuifolia",NA,"MWC","N","20090615"
"1A","1st","","harpachne.schimperi",NA,"MWC","N","20090615"
"1A","1st","","microchloa.kunthii",NA,"MWC","N","20090615"
"1A","1st","","panicum.astrosanguinum",NA,"MWC","N","20090615"
"1A","1st","","setaria.acromelaena..small.",NA,"MWC","N","20090615"
"1A","1st","","setaria.sphaecealata..big.",NA,"MWC","N","20090615"
"1A","1st","","sporobolus.pyramidalis",NA,"MWC","N","20090615"
"1A","1st","","tragus.berteronianus",NA,"MWC","N","20090615"
"1A","1st","","x_3",NA,"MWC","N","20090615"
"1A","1st","","acalypha.crenata",NA,"MWC","N","20090615"
"1A","1st","","aerva.lanata",NA,"MWC","N","20090615"
"1A","1st","","amaranthus.hibridus",NA,"MWC","N","20090615"
"1A","1st","","aspilia.pluriseta",NA,"MWC","N","20090615"
"1A","1st","","asterolinon.adoense..v.",NA,"MWC","N","20090615"
"1A","1st","","caralluma.acutangula",NA,"MWC","N","20090615"
"1A","1st","","chenopodium.opulifolium",NA,"MWC","N","20090615"
"1A","1st","","chenopodium.schraderianum",NA,"MWC","N","20090615"
"1A","1st","","commelina.spp",NA,"MWC","N","20090615"
"1A","1st","","commicarpus.pedunculosus",NA,"MWC","N","20090615"
"1A","1st","","conyza.sp",NA,"MWC","N","20090615"
"1A","1st","","corchorus.sp",NA,"MWC","N","20090615"
"1A","1st","","crotelaria.sp",NA,"MWC","N","20090615"
"1A","1st","","cyathula.orthacantha",NA,"MWC","N","20090615"
"1A","1st","","dyscoriste.radicans",NA,"MWC","N","20090615"
"1A","1st","","euphorbia.inaequilatera",NA,"MWC","N","20090615"
"1A","1st","","evolvulus.alsinoides",NA,"MWC","N","20090615"
"1A","1st","","fern",NA,"MWC","N","20090615"
"1A","1st","","gutenbergia.sp",NA,"MWC","N","20090615"
"1A","1st","","hermannia.uhligii",NA,"MWC","N","20090615"
"1A","1st","","hibiscus.flavifolius",NA,"MWC","N","20090615"
"1A","1st","","hibiscus.trionum",NA,"MWC","N","20090615"
"1A","1st","","indigofera.brevicalyx",NA,"MWC","N","20090615"
"1A","1st","","indigofera.schimperi",NA,"MWC","N","20090615"
"1A","1st","","ipomea.sinensis",NA,"MWC","N","20090615"
"1A","1st","","justicia.dichipteroides",NA,"MWC","N","20090615"
"1A","1st","","k",NA,"MWC","N","20090615"
"1A","1st","","kyllinga.sp",NA,"MWC","N","20090615"
"1A","1st","","leucas.glabrata",NA,"MWC","N","20090615"
"1A","1st","","leucas.martiniscensis",NA,"MWC","N","20090615"
"1A","1st","","lily.a",NA,"MWC","N","20090615"
"1A","1st","","lily.b",NA,"MWC","N","20090615"
"1A","1st","","lippia.javanica",NA,"MWC","N","20090615"
"1A","1st","","melhania.spp.",NA,"MWC","N","20090615"
"1A","1st","","misopates.orontium",NA,"MWC","N","20090615"
"1A","1st","","mollugo.nudicaulis",NA,"MWC","N","20090615"
"1A","1st","","monechima.debile",NA,"MWC","N","20090615"
"1A","1st","","monsonia.augustifolia",NA,"MWC","N","20090615"
"1A","1st","","ocimum.sp",NA,"MWC","N","20090615"
"1A","1st","","osteospermum.vaillantii",NA,"MWC","N","20090615"
"1A","1st","","oxygonum.sinuatum",NA,"MWC","N","20090615"
"1A","1st","","pavonia.patens",NA,"MWC","N","20090615"
"1A","1st","","pelargonium.alchemilloides",NA,"MWC","N","20090615"
"1A","1st","","pentanisia.ouranogyne",NA,"MWC","N","20090615"
"1A","1st","","phyllanthus.maderaspatensis",NA,"MWC","N","20090615"
"1A","1st","","plectranthus.spp",NA,"MWC","N","20090615"
"1A","1st","","pollichia.campestris",NA,"MWC","N","20090615"
"1A","1st","","polygala..l.",NA,"MWC","N","20090615"
"1A","1st","","polygala.sphenoptera",NA,"MWC","N","20090615"
"1A","1st","","portulaca.oleracea",NA,"MWC","N","20090615"
"1A","1st","","portulaca.quadrifida",NA,"MWC","N","20090615"
"1A","1st","","pseudognaphalium..helichrysum.glumaceum.",NA,"MWC","N","20090615"
"1A","1st","","psilotrichum.schimperi",NA,"MWC","N","20090615"
"1A","1st","","rhinacanthus.ndorensis",NA,"MWC","N","20090615"
"1A","1st","","rhynchosia.holstii",NA,"MWC","N","20090615"
"1A","1st","","schkuhria.pinnata",NA,"MWC","N","20090615"
"1A","1st","","sida.2",NA,"MWC","N","20090615"
"1A","1st","","sida.cuneifolia",NA,"MWC","N","20090615"
"1A","1st","","solanum.incanum",NA,"MWC","N","20090615"
"1A","1st","","solanum.indicum",NA,"MWC","N","20090615"
"1A","1st","","tribulus.terrestris",NA,"MWC","N","20090615"
"1A","1st","","u",NA,"MWC","N","20090615"
"1A","1st","","w",NA,"MWC","N","20090615"
"1A","1st","","x_4",NA,"MWC","N","20090615"
"1A","1st","","x_5",NA,"MWC","N","20090615"
"1A","1st","","x_6",NA,"MWC","N","20090615"
"1A","1st","","x_7",NA,"MWC","N","20090615"
"1A","1st","","x_8",NA,"MWC","N","20090615"
"1C","1st","","bracharia.lacnantha",NA,"MWC","N","20090615"
"1C","1st","","lintonia.nutans",NA,"MWC","N","20090615"
"1C","1st","","pennisetum.mezianum",NA,"MWC","N","20090615"
"1C","1st","","pennisetum.straminium",NA,"MWC","N","20090615"
"1C","1st","","themeda.triandra",NA,"MWC","N","20090615"
"1C","1st","","bare",4,"MWC","N","20090615"
"1C","1st","","x_2",NA,"MWC","N","20090615"
"1C","1st","","aristida.kenyensis",NA,"MWC","N","20090615"
"1C","1st","","bothriochloa.insculpta",NA,"MWC","N","20090615"
"1C","1st","","bracharia.3",NA,"MWC","N","20090615"
"1C","1st","","bracharia.eruciformis",NA,"MWC","N","20090615"
"1C","1st","","chloris.sp",NA,"MWC","N","20090615"
"1C","1st","","cynodon.dactylon",NA,"MWC","N","20090615"
"1C","1st","","cynodon.plectostachyus",NA,"MWC","N","20090615"
"1C","1st","","cyperus...mariscus.spp",NA,"MWC","N","20090615"
"1C","1st","","digitaria.2",NA,"MWC","N","20090615"
"1C","1st","","digitaria.milanjiana",NA,"MWC","N","20090615"
"1C","1st","","dinebra.retroflexa",NA,"MWC","N","20090615"
"1C","1st","","eragrostis.tenuifolia",NA,"MWC","N","20090615"
"1C","1st","","harpachne.schimperi",NA,"MWC","N","20090615"
"1C","1st","","microchloa.kunthii",NA,"MWC","N","20090615"
"1C","1st","","panicum.astrosanguinum",NA,"MWC","N","20090615"
"1C","1st","","setaria.acromelaena..small.",NA,"MWC","N","20090615"
"1C","1st","","setaria.sphaecealata..big.",NA,"MWC","N","20090615"
"1C","1st","","sporobolus.pyramidalis",NA,"MWC","N","20090615"
"1C","1st","","tragus.berteronianus",NA,"MWC","N","20090615"
"1C","1st","","x_3",NA,"MWC","N","20090615"
"1C","1st","","acalypha.crenata",NA,"MWC","N","20090615"
"1C","1st","","aerva.lanata",NA,"MWC","N","20090615"
"1C","1st","","amaranthus.hibridus",NA,"MWC","N","20090615"
"1C","1st","","aspilia.pluriseta",NA,"MWC","N","20090615"
"1C","1st","","asterolinon.adoense..v.",NA,"MWC","N","20090615"
"1C","1st","","caralluma.acutangula",NA,"MWC","N","20090615"
"1C","1st","","chenopodium.opulifolium",NA,"MWC","N","20090615"
"1C","1st","","chenopodium.schraderianum",NA,"MWC","N","20090615"
"1C","1st","","commelina.spp",NA,"MWC","N","20090615"
"1C","1st","","commicarpus.pedunculosus",NA,"MWC","N","20090615"
"1C","1st","","conyza.sp",NA,"MWC","N","20090615"
"1C","1st","","corchorus.sp",NA,"MWC","N","20090615"
"1C","1st","","crotelaria.sp",NA,"MWC","N","20090615"
"1C","1st","","cyathula.orthacantha",NA,"MWC","N","20090615"
"1C","1st","","dyscoriste.radicans",NA,"MWC","N","20090615"
"1C","1st","","euphorbia.inaequilatera",NA,"MWC","N","20090615"
"1C","1st","","evolvulus.alsinoides",NA,"MWC","N","20090615"
"1C","1st","","fern",NA,"MWC","N","20090615"
"1C","1st","","gutenbergia.sp",NA,"MWC","N","20090615"
"1C","1st","","hermannia.uhligii",NA,"MWC","N","20090615"
"1C","1st","","hibiscus.flavifolius",NA,"MWC","N","20090615"
"1C","1st","","hibiscus.trionum",NA,"MWC","N","20090615"
"1C","1st","","indigofera.brevicalyx",NA,"MWC","N","20090615"
"1C","1st","","indigofera.schimperi",NA,"MWC","N","20090615"
"1C","1st","","ipomea.sinensis",NA,"MWC","N","20090615"
"1C","1st","","justicia.dichipteroides",NA,"MWC","N","20090615"
"1C","1st","","k",NA,"MWC","N","20090615"
"1C","1st","","kyllinga.sp",NA,"MWC","N","20090615"
"1C","1st","","leucas.glabrata",NA,"MWC","N","20090615"
"1C","1st","","leucas.martiniscensis",NA,"MWC","N","20090615"
"1C","1st","","lily.a",NA,"MWC","N","20090615"
"1C","1st","","lily.b",NA,"MWC","N","20090615"
"1C","1st","","lippia.javanica",NA,"MWC","N","20090615"
"1C","1st","","melhania.spp.",NA,"MWC","N","20090615"
"1C","1st","","misopates.orontium",NA,"MWC","N","20090615"
"1C","1st","","mollugo.nudicaulis",NA,"MWC","N","20090615"
"1C","1st","","monechima.debile",NA,"MWC","N","20090615"
"1C","1st","","monsonia.augustifolia",NA,"MWC","N","20090615"
"1C","1st","","ocimum.sp",NA,"MWC","N","20090615"
"1C","1st","","osteospermum.vaillantii",NA,"MWC","N","20090615"
"1C","1st","","oxygonum.sinuatum",NA,"MWC","N","20090615"
"1C","1st","","pavonia.patens",NA,"MWC","N","20090615"
"1C","1st","","pelargonium.alchemilloides",NA,"MWC","N","20090615"
"1C","1st","","pentanisia.ouranogyne",NA,"MWC","N","20090615"
"1C","1st","","phyllanthus.maderaspatensis",NA,"MWC","N","20090615"
"1C","1st","","plectranthus.spp",NA,"MWC","N","20090615"
"1C","1st","","pollichia.campestris",NA,"MWC","N","20090615"
"1C","1st","","polygala..l.",NA,"MWC","N","20090615"
"1C","1st","","polygala.sphenoptera",NA,"MWC","N","20090615"
"1C","1st","","portulaca.oleracea",NA,"MWC","N","20090615"
"1C","1st","","portulaca.quadrifida",NA,"MWC","N","20090615"
"1C","1st","","pseudognaphalium..helichrysum.glumaceum.",NA,"MWC","N","20090615"
"1C","1st","","psilotrichum.schimperi",NA,"MWC","N","20090615"
"1C","1st","","rhinacanthus.ndorensis",NA,"MWC","N","20090615"
"1C","1st","","rhynchosia.holstii",NA,"MWC","N","20090615"
"1C","1st","","schkuhria.pinnata",NA,"MWC","N","20090615"
"1C","1st","","sida.2",NA,"MWC","N","20090615"
"1C","1st","","sida.cuneifolia",NA,"MWC","N","20090615"
"1C","1st","","solanum.incanum",NA,"MWC","N","20090615"
"1C","1st","","solanum.indicum",NA,"MWC","N","20090615"
"1C","1st","","tribulus.terrestris",NA,"MWC","N","20090615"
"1C","1st","","u",NA,"MWC","N","20090615"
"1C","1st","","w",NA,"MWC","N","20090615"
"1C","1st","","x_4",NA,"MWC","N","20090615"
"1C","1st","","x_5",NA,"MWC","N","20090615"
"1C","1st","","x_6",NA,"MWC","N","20090615"
"1C","1st","","x_7",NA,"MWC","N","20090615"
"1C","1st","","x_8",NA,"MWC","N","20090615"
"1E","1st","","bracharia.lacnantha",NA,"MWC","N","20090615"
"1E","1st","","lintonia.nutans",NA,"MWC","N","20090615"
"1E","1st","","pennisetum.mezianum",NA,"MWC","N","20090615"
"1E","1st","","pennisetum.straminium",NA,"MWC","N","20090615"
"1E","1st","","themeda.triandra",NA,"MWC","N","20090615"
"1E","1st","","bare",3,"MWC","N","20090615"
"1E","1st","","x_2",NA,"MWC","N","20090615"
"1E","1st","","aristida.kenyensis",NA,"MWC","N","20090615"
"1E","1st","","bothriochloa.insculpta",NA,"MWC","N","20090615"
"1E","1st","","bracharia.3",NA,"MWC","N","20090615"
"1E","1st","","bracharia.eruciformis",NA,"MWC","N","20090615"
"1E","1st","","chloris.sp",NA,"MWC","N","20090615"
"1E","1st","","cynodon.dactylon",NA,"MWC","N","20090615"
"1E","1st","","cynodon.plectostachyus",NA,"MWC","N","20090615"
"1E","1st","","cyperus...mariscus.spp",NA,"MWC","N","20090615"
"1E","1st","","digitaria.2",NA,"MWC","N","20090615"
"1E","1st","","digitaria.milanjiana",NA,"MWC","N","20090615"
"1E","1st","","dinebra.retroflexa",NA,"MWC","N","20090615"
"1E","1st","","eragrostis.tenuifolia",NA,"MWC","N","20090615"
"1E","1st","","harpachne.schimperi",NA,"MWC","N","20090615"
"1E","1st","","microchloa.kunthii",NA,"MWC","N","20090615"
"1E","1st","","panicum.astrosanguinum",NA,"MWC","N","20090615"
"1E","1st","","setaria.acromelaena..small.",NA,"MWC","N","20090615"
"1E","1st","","setaria.sphaecealata..big.",NA,"MWC","N","20090615"
"1E","1st","","sporobolus.pyramidalis",NA,"MWC","N","20090615"
"1E","1st","","tragus.berteronianus",NA,"MWC","N","20090615"
"1E","1st","","x_3",NA,"MWC","N","20090615"
"1E","1st","","acalypha.crenata",NA,"MWC","N","20090615"
"1E","1st","","aerva.lanata",NA,"MWC","N","20090615"
"1E","1st","","amaranthus.hibridus",NA,"MWC","N","20090615"
"1E","1st","","aspilia.pluriseta",NA,"MWC","N","20090615"
"1E","1st","","asterolinon.adoense..v.",NA,"MWC","N","20090615"
"1E","1st","","caralluma.acutangula",NA,"MWC","N","20090615"
"1E","1st","","chenopodium.opulifolium",NA,"MWC","N","20090615"
"1E","1st","","chenopodium.schraderianum",NA,"MWC","N","20090615"
"1E","1st","","commelina.spp",NA,"MWC","N","20090615"
"1E","1st","","commicarpus.pedunculosus",NA,"MWC","N","20090615"
"1E","1st","","conyza.sp",NA,"MWC","N","20090615"
"1E","1st","","corchorus.sp",NA,"MWC","N","20090615"
"1E","1st","","crotelaria.sp",NA,"MWC","N","20090615"
"1E","1st","","cyathula.orthacantha",NA,"MWC","N","20090615"
"1E","1st","","dyscoriste.radicans",NA,"MWC","N","20090615"
"1E","1st","","euphorbia.inaequilatera",NA,"MWC","N","20090615"
"1E","1st","","evolvulus.alsinoides",NA,"MWC","N","20090615"
"1E","1st","","fern",NA,"MWC","N","20090615"
"1E","1st","","gutenbergia.sp",NA,"MWC","N","20090615"
"1E","1st","","hermannia.uhligii",NA,"MWC","N","20090615"
"1E","1st","","hibiscus.flavifolius",NA,"MWC","N","20090615"
"1E","1st","","hibiscus.trionum",NA,"MWC","N","20090615"
"1E","1st","","indigofera.brevicalyx",NA,"MWC","N","20090615"
"1E","1st","","indigofera.schimperi",NA,"MWC","N","20090615"
"1E","1st","","ipomea.sinensis",NA,"MWC","N","20090615"
"1E","1st","","justicia.dichipteroides",NA,"MWC","N","20090615"
"1E","1st","","k",NA,"MWC","N","20090615"
"1E","1st","","kyllinga.sp",NA,"MWC","N","20090615"
"1E","1st","","leucas.glabrata",NA,"MWC","N","20090615"
"1E","1st","","leucas.martiniscensis",NA,"MWC","N","20090615"
"1E","1st","","lily.a",NA,"MWC","N","20090615"
"1E","1st","","lily.b",NA,"MWC","N","20090615"
"1E","1st","","lippia.javanica",NA,"MWC","N","20090615"
"1E","1st","","melhania.spp.",NA,"MWC","N","20090615"
"1E","1st","","misopates.orontium",NA,"MWC","N","20090615"
"1E","1st","","mollugo.nudicaulis",NA,"MWC","N","20090615"
"1E","1st","","monechima.debile",NA,"MWC","N","20090615"
"1E","1st","","monsonia.augustifolia",NA,"MWC","N","20090615"
"1E","1st","","ocimum.sp",NA,"MWC","N","20090615"
"1E","1st","","osteospermum.vaillantii",NA,"MWC","N","20090615"
"1E","1st","","oxygonum.sinuatum",NA,"MWC","N","20090615"
"1E","1st","","pavonia.patens",NA,"MWC","N","20090615"
"1E","1st","","pelargonium.alchemilloides",NA,"MWC","N","20090615"
"1E","1st","","pentanisia.ouranogyne",NA,"MWC","N","20090615"
"1E","1st","","phyllanthus.maderaspatensis",NA,"MWC","N","20090615"
"1E","1st","","plectranthus.spp",NA,"MWC","N","20090615"
"1E","1st","","pollichia.campestris",NA,"MWC","N","20090615"
"1E","1st","","polygala..l.",NA,"MWC","N","20090615"
"1E","1st","","polygala.sphenoptera",NA,"MWC","N","20090615"
"1E","1st","","portulaca.oleracea",NA,"MWC","N","20090615"
"1E","1st","","portulaca.quadrifida",NA,"MWC","N","20090615"
"1E","1st","","pseudognaphalium..helichrysum.glumaceum.",NA,"MWC","N","20090615"
"1E","1st","","psilotrichum.schimperi",NA,"MWC","N","20090615"
"1E","1st","","rhinacanthus.ndorensis",NA,"MWC","N","20090615"
"1E","1st","","rhynchosia.holstii",NA,"MWC","N","20090615"
"1E","1st","","schkuhria.pinnata",NA,"MWC","N","20090615"
"1E","1st","","sida.2",NA,"MWC","N","20090615"
"1E","1st","","sida.cuneifolia",NA,"MWC","N","20090615"
"1E","1st","","solanum.incanum",NA,"MWC","N","20090615"
"1E","1st","","solanum.indicum",NA,"MWC","N","20090615"
"1E","1st","","tribulus.terrestris",NA,"MWC","N","20090615"
"1E","1st","","u",NA,"MWC","N","20090615"
"1E","1st","","w",NA,"MWC","N","20090615"
"1E","1st","","x_4",NA,"MWC","N","20090615"
"1E","1st","","x_5",NA,"MWC","N","20090615"
"1E","1st","","x_6",NA,"MWC","N","20090615"
"1E","1st","","x_7",NA,"MWC","N","20090615"
"1E","1st","","x_8",NA,"MWC","N","20090615"
"1G","1st","","bracharia.lacnantha",NA,"MWC","N","20090615"
"1G","1st","","lintonia.nutans",NA,"MWC","N","20090615"
"1G","1st","","pennisetum.mezianum",NA,"MWC","N","20090615"
"1G","1st","","pennisetum.straminium",NA,"MWC","N","20090615"
"1G","1st","","themeda.triandra",NA,"MWC","N","20090615"
"1G","1st","","bare",1,"MWC","N","20090615"
"1G","1st","","x_2",NA,"MWC","N","20090615"
"1G","1st","","aristida.kenyensis",NA,"MWC","N","20090615"
"1G","1st","","bothriochloa.insculpta",NA,"MWC","N","20090615"
"1G","1st","","bracharia.3",NA,"MWC","N","20090615"
"1G","1st","","bracharia.eruciformis",NA,"MWC","N","20090615"
"1G","1st","","chloris.sp",NA,"MWC","N","20090615"
"1G","1st","","cynodon.dactylon",NA,"MWC","N","20090615"
"1G","1st","","cynodon.plectostachyus",NA,"MWC","N","20090615"
"1G","1st","","cyperus...mariscus.spp",NA,"MWC","N","20090615"
"1G","1st","","digitaria.2",NA,"MWC","N","20090615"
"1G","1st","","digitaria.milanjiana",NA,"MWC","N","20090615"
"1G","1st","","dinebra.retroflexa",NA,"MWC","N","20090615"
"1G","1st","","eragrostis.tenuifolia",NA,"MWC","N","20090615"
"1G","1st","","harpachne.schimperi",NA,"MWC","N","20090615"
"1G","1st","","microchloa.kunthii",NA,"MWC","N","20090615"
"1G","1st","","panicum.astrosanguinum",NA,"MWC","N","20090615"
"1G","1st","","setaria.acromelaena..small.",NA,"MWC","N","20090615"
"1G","1st","","setaria.sphaecealata..big.",NA,"MWC","N","20090615"
"1G","1st","","sporobolus.pyramidalis",NA,"MWC","N","20090615"
"1G","1st","","tragus.berteronianus",NA,"MWC","N","20090615"
"1G","1st","","x_3",NA,"MWC","N","20090615"
"1G","1st","","acalypha.crenata",NA,"MWC","N","20090615"
"1G","1st","","aerva.lanata",NA,"MWC","N","20090615"
"1G","1st","","amaranthus.hibridus",NA,"MWC","N","20090615"
"1G","1st","","aspilia.pluriseta",NA,"MWC","N","20090615"
"1G","1st","","asterolinon.adoense..v.",NA,"MWC","N","20090615"
"1G","1st","","caralluma.acutangula",NA,"MWC","N","20090615"
"1G","1st","","chenopodium.opulifolium",NA,"MWC","N","20090615"
"1G","1st","","chenopodium.schraderianum",NA,"MWC","N","20090615"
"1G","1st","","commelina.spp",NA,"MWC","N","20090615"
"1G","1st","","commicarpus.pedunculosus",NA,"MWC","N","20090615"
"1G","1st","","conyza.sp",NA,"MWC","N","20090615"
"1G","1st","","corchorus.sp",NA,"MWC","N","20090615"
"1G","1st","","crotelaria.sp",NA,"MWC","N","20090615"
"1G","1st","","cyathula.orthacantha",NA,"MWC","N","20090615"
"1G","1st","","dyscoriste.radicans",NA,"MWC","N","20090615"
"1G","1st","","euphorbia.inaequilatera",NA,"MWC","N","20090615"
"1G","1st","","evolvulus.alsinoides",NA,"MWC","N","20090615"
"1G","1st","","fern",NA,"MWC","N","20090615"
"1G","1st","","gutenbergia.sp",NA,"MWC","N","20090615"
"1G","1st","","hermannia.uhligii",NA,"MWC","N","20090615"
"1G","1st","","hibiscus.flavifolius",NA,"MWC","N","20090615"
"1G","1st","","hibiscus.trionum",NA,"MWC","N","20090615"
"1G","1st","","indigofera.brevicalyx",NA,"MWC","N","20090615"
"1G","1st","","indigofera.schimperi",NA,"MWC","N","20090615"
"1G","1st","","ipomea.sinensis",NA,"MWC","N","20090615"
"1G","1st","","justicia.dichipteroides",NA,"MWC","N","20090615"
"1G","1st","","k",NA,"MWC","N","20090615"
"1G","1st","","kyllinga.sp",NA,"MWC","N","20090615"
"1G","1st","","leucas.glabrata",NA,"MWC","N","20090615"
"1G","1st","","leucas.martiniscensis",NA,"MWC","N","20090615"
"1G","1st","","lily.a",NA,"MWC","N","20090615"
"1G","1st","","lily.b",NA,"MWC","N","20090615"
"1G","1st","","lippia.javanica",NA,"MWC","N","20090615"
"1G","1st","","melhania.spp.",NA,"MWC","N","20090615"
"1G","1st","","misopates.orontium",NA,"MWC","N","20090615"
"1G","1st","","mollugo.nudicaulis",NA,"MWC","N","20090615"
"1G","1st","","monechima.debile",NA,"MWC","N","20090615"
"1G","1st","","monsonia.augustifolia",NA,"MWC","N","20090615"
"1G","1st","","ocimum.sp",NA,"MWC","N","20090615"
"1G","1st","","osteospermum.vaillantii",NA,"MWC","N","20090615"
"1G","1st","","oxygonum.sinuatum",NA,"MWC","N","20090615"
"1G","1st","","pavonia.patens",NA,"MWC","N","20090615"
"1G","1st","","pelargonium.alchemilloides",NA,"MWC","N","20090615"
"1G","1st","","pentanisia.ouranogyne",NA,"MWC","N","20090615"
"1G","1st","","phyllanthus.maderaspatensis",NA,"MWC","N","20090615"
"1G","1st","","plectranthus.spp",NA,"MWC","N","20090615"
"1G","1st","","pollichia.campestris",NA,"MWC","N","20090615"
"1G","1st","","polygala..l.",NA,"MWC","N","20090615"
"1G","1st","","polygala.sphenoptera",NA,"MWC","N","20090615"
"1G","1st","","portulaca.oleracea",NA,"MWC","N","20090615"
"1G","1st","","portulaca.quadrifida",NA,"MWC","N","20090615"
"1G","1st","","pseudognaphalium..helichrysum.glumaceum.",NA,"MWC","N","20090615"
"1G","1st","","psilotrichum.schimperi",NA,"MWC","N","20090615"
"1G","1st","","rhinacanthus.ndorensis",NA,"MWC","N","20090615"
"1G","1st","","rhynchosia.holstii",NA,"MWC","N","20090615"
"1G","1st","","schkuhria.pinnata",NA,"MWC","N","20090615"
"1G","1st","","sida.2",NA,"MWC","N","20090615"
"1G","1st","","sida.cuneifolia",NA,"MWC","N","20090615"
"1G","1st","","solanum.incanum",NA,"MWC","N","20090615"
"1G","1st","","solanum.indicum",NA,"MWC","N","20090615"
"1G","1st","","tribulus.terrestris",NA,"MWC","N","20090615"
"1G","1st","","u",NA,"MWC","N","20090615"
"1G","1st","","w",NA,"MWC","N","20090615"
"1G","1st","","x_4",NA,"MWC","N","20090615"
"1G","1st","","x_5",NA,"MWC","N","20090615"
"1G","1st","","x_6",NA,"MWC","N","20090615"
"1G","1st","","x_7",NA,"MWC","N","20090615"
"1G","1st","","x_8",NA,"MWC","N","20090615"
"1I","1st","","bracharia.lacnantha",NA,"MWC","N","20090615"
"1I","1st","","lintonia.nutans",NA,"MWC","N","20090615"
"1I","1st","","pennisetum.mezianum",NA,"MWC","N","20090615"
"1I","1st","","pennisetum.straminium",NA,"MWC","N","20090615"
"1I","1st","","themeda.triandra",NA,"MWC","N","20090615"
"1I","1st","","bare",2,"MWC","N","20090615"
"1I","1st","","x_2",NA,"MWC","N","20090615"
"1I","1st","","aristida.kenyensis",NA,"MWC","N","20090615"
"1I","1st","","bothriochloa.insculpta",NA,"MWC","N","20090615"
"1I","1st","","bracharia.3",NA,"MWC","N","20090615"
"1I","1st","","bracharia.eruciformis",NA,"MWC","N","20090615"
"1I","1st","","chloris.sp",NA,"MWC","N","20090615"
"1I","1st","","cynodon.dactylon",NA,"MWC","N","20090615"
"1I","1st","","cynodon.plectostachyus",NA,"MWC","N","20090615"
"1I","1st","","cyperus...mariscus.spp",NA,"MWC","N","20090615"
"1I","1st","","digitaria.2",NA,"MWC","N","20090615"
"1I","1st","","digitaria.milanjiana",NA,"MWC","N","20090615"
"1I","1st","","dinebra.retroflexa",NA,"MWC","N","20090615"
"1I","1st","","eragrostis.tenuifolia",NA,"MWC","N","20090615"
"1I","1st","","harpachne.schimperi",NA,"MWC","N","20090615"
"1I","1st","","microchloa.kunthii",NA,"MWC","N","20090615"
"1I","1st","","panicum.astrosanguinum",NA,"MWC","N","20090615"
"1I","1st","","setaria.acromelaena..small.",NA,"MWC","N","20090615"
"1I","1st","","setaria.sphaecealata..big.",NA,"MWC","N","20090615"
"1I","1st","","sporobolus.pyramidalis",NA,"MWC","N","20090615"
"1I","1st","","tragus.berteronianus",NA,"MWC","N","20090615"
"1I","1st","","x_3",NA,"MWC","N","20090615"
"1I","1st","","acalypha.crenata",NA,"MWC","N","20090615"
"1I","1st","","aerva.lanata",NA,"MWC","N","20090615"
"1I","1st","","amaranthus.hibridus",NA,"MWC","N","20090615"
"1I","1st","","aspilia.pluriseta",NA,"MWC","N","20090615"
"1I","1st","","asterolinon.adoense..v.",NA,"MWC","N","20090615"
"1I","1st","","caralluma.acutangula",NA,"MWC","N","20090615"
"1I","1st","","chenopodium.opulifolium",NA,"MWC","N","20090615"
"1I","1st","","chenopodium.schraderianum",NA,"MWC","N","20090615"
"1I","1st","","commelina.spp",NA,"MWC","N","20090615"
"1I","1st","","commicarpus.pedunculosus",NA,"MWC","N","20090615"
"1I","1st","","conyza.sp",NA,"MWC","N","20090615"
"1I","1st","","corchorus.sp",NA,"MWC","N","20090615"
"1I","1st","","crotelaria.sp",NA,"MWC","N","20090615"
"1I","1st","","cyathula.orthacantha",NA,"MWC","N","20090615"
"1I","1st","","dyscoriste.radicans",NA,"MWC","N","20090615"
"1I","1st","","euphorbia.inaequilatera",NA,"MWC","N","20090615"
"1I","1st","","evolvulus.alsinoides",NA,"MWC","N","20090615"
"1I","1st","","fern",NA,"MWC","N","20090615"
"1I","1st","","gutenbergia.sp",NA,"MWC","N","20090615"
"1I","1st","","hermannia.uhligii",NA,"MWC","N","20090615"
"1I","1st","","hibiscus.flavifolius",NA,"MWC","N","20090615"
"1I","1st","","hibiscus.trionum",NA,"MWC","N","20090615"
"1I","1st","","indigofera.brevicalyx",NA,"MWC","N","20090615"
"1I","1st","","indigofera.schimperi",NA,"MWC","N","20090615"
"1I","1st","","ipomea.sinensis",NA,"MWC","N","20090615"
"1I","1st","","justicia.dichipteroides",NA,"MWC","N","20090615"
"1I","1st","","k",NA,"MWC","N","20090615"
"1I","1st","","kyllinga.sp",NA,"MWC","N","20090615"
"1I","1st","","leucas.glabrata",NA,"MWC","N","20090615"
"1I","1st","","leucas.martiniscensis",NA,"MWC","N","20090615"
"1I","1st","","lily.a",NA,"MWC","N","20090615"
"1I","1st","","lily.b",NA,"MWC","N","20090615"
"1I","1st","","lippia.javanica",NA,"MWC","N","20090615"
"1I","1st","","melhania.spp.",NA,"MWC","N","20090615"
"1I","1st","","misopates.orontium",NA,"MWC","N","20090615"
"1I","1st","","mollugo.nudicaulis",NA,"MWC","N","20090615"
"1I","1st","","monechima.debile",NA,"MWC","N","20090615"
"1I","1st","","monsonia.augustifolia",NA,"MWC","N","20090615"
"1I","1st","","ocimum.sp",NA,"MWC","N","20090615"
"1I","1st","","osteospermum.vaillantii",NA,"MWC","N","20090615"
"1I","1st","","oxygonum.sinuatum",NA,"MWC","N","20090615"
"1I","1st","","pavonia.patens",NA,"MWC","N","20090615"
"1I","1st","","pelargonium.alchemilloides",NA,"MWC","N","20090615"
"1I","1st","","pentanisia.ouranogyne",NA,"MWC","N","20090615"
"1I","1st","","phyllanthus.maderaspatensis",NA,"MWC","N","20090615"
"1I","1st","","plectranthus.spp",NA,"MWC","N","20090615"
"1I","1st","","pollichia.campestris",NA,"MWC","N","20090615"
"1I","1st","","polygala..l.",NA,"MWC","N","20090615"
"1I","1st","","polygala.sphenoptera",NA,"MWC","N","20090615"
"1I","1st","","portulaca.oleracea",NA,"MWC","N","20090615"
"1I","1st","","portulaca.quadrifida",NA,"MWC","N","20090615"
"1I","1st","","pseudognaphalium..helichrysum.glumaceum.",NA,"MWC","N","20090615"
"1I","1st","","psilotrichum.schimperi",NA,"MWC","N","20090615"
"1I","1st","","rhinacanthus.ndorensis",NA,"MWC","N","20090615"
"1I","1st","","rhynchosia.holstii",NA,"MWC","N","20090615"
"1I","1st","","schkuhria.pinnata",NA,"MWC","N","20090615"
"1I","1st","","sida.2",NA,"MWC","N","20090615"
"1I","1st","","sida.cuneifolia",NA,"MWC","N","20090615"
"1I","1st","","solanum.incanum",NA,"MWC","N","20090615"
"1I","1st","","solanum.indicum",NA,"MWC","N","20090615"
"1I","1st","","tribulus.terrestris",NA,"MWC","N","20090615"
"1I","1st","","u",NA,"MWC","N","20090615"
"1I","1st","","w",NA,"MWC","N","20090615"
"1I","1st","","x_4",NA,"MWC","N","20090615"
"1I","1st","","x_5",NA,"MWC","N","20090615"
"1I","1st","","x_6",NA,"MWC","N","20090615"
"1I","1st","","x_7",NA,"MWC","N","20090615"
"1I","1st","","x_8",NA,"MWC","N","20090615"
"2J","1st","","bracharia.lacnantha",6,"MWC","N","20090615"
"2J","1st","","lintonia.nutans",NA,"MWC","N","20090615"
"2J","1st","","pennisetum.mezianum",1,"MWC","N","20090615"
"2J","1st","","pennisetum.straminium",NA,"MWC","N","20090615"
"2J","1st","","themeda.triandra",NA,"MWC","N","20090615"
"2J","1st","","bare",2,"MWC","N","20090615"
"2J","1st","","x_2",NA,"MWC","N","20090615"
"2J","1st","","aristida.kenyensis",NA,"MWC","N","20090615"
"2J","1st","","bothriochloa.insculpta",NA,"MWC","N","20090615"
"2J","1st","","bracharia.3",NA,"MWC","N","20090615"
"2J","1st","","bracharia.eruciformis",NA,"MWC","N","20090615"
"2J","1st","","chloris.sp",NA,"MWC","N","20090615"
"2J","1st","","cynodon.dactylon",NA,"MWC","N","20090615"
"2J","1st","","cynodon.plectostachyus",NA,"MWC","N","20090615"
"2J","1st","","cyperus...mariscus.spp",NA,"MWC","N","20090615"
"2J","1st","","digitaria.2",NA,"MWC","N","20090615"
"2J","1st","","digitaria.milanjiana",NA,"MWC","N","20090615"
"2J","1st","","dinebra.retroflexa",NA,"MWC","N","20090615"
"2J","1st","","eragrostis.tenuifolia",NA,"MWC","N","20090615"
"2J","1st","","harpachne.schimperi",NA,"MWC","N","20090615"
"2J","1st","","microchloa.kunthii",NA,"MWC","N","20090615"
"2J","1st","","panicum.astrosanguinum",NA,"MWC","N","20090615"
"2J","1st","","setaria.acromelaena..small.",NA,"MWC","N","20090615"
"2J","1st","","setaria.sphaecealata..big.",NA,"MWC","N","20090615"
"2J","1st","","sporobolus.pyramidalis",NA,"MWC","N","20090615"
"2J","1st","","tragus.berteronianus",NA,"MWC","N","20090615"
"2J","1st","","x_3",NA,"MWC","N","20090615"
"2J","1st","","acalypha.crenata",NA,"MWC","N","20090615"
"2J","1st","","aerva.lanata",NA,"MWC","N","20090615"
"2J","1st","","amaranthus.hibridus",NA,"MWC","N","20090615"
"2J","1st","","aspilia.pluriseta",NA,"MWC","N","20090615"
"2J","1st","","asterolinon.adoense..v.",NA,"MWC","N","20090615"
"2J","1st","","caralluma.acutangula",NA,"MWC","N","20090615"
"2J","1st","","chenopodium.opulifolium",NA,"MWC","N","20090615"
"2J","1st","","chenopodium.schraderianum",NA,"MWC","N","20090615"
"2J","1st","","commelina.spp",NA,"MWC","N","20090615"
"2J","1st","","commicarpus.pedunculosus",NA,"MWC","N","20090615"
"2J","1st","","conyza.sp",NA,"MWC","N","20090615"
"2J","1st","","corchorus.sp",NA,"MWC","N","20090615"
"2J","1st","","crotelaria.sp",NA,"MWC","N","20090615"
"2J","1st","","cyathula.orthacantha",NA,"MWC","N","20090615"
"2J","1st","","dyscoriste.radicans",NA,"MWC","N","20090615"
"2J","1st","","euphorbia.inaequilatera",NA,"MWC","N","20090615"
"2J","1st","","evolvulus.alsinoides",NA,"MWC","N","20090615"
"2J","1st","","fern",NA,"MWC","N","20090615"
"2J","1st","","gutenbergia.sp",NA,"MWC","N","20090615"
"2J","1st","","hermannia.uhligii",NA,"MWC","N","20090615"
"2J","1st","","hibiscus.flavifolius",NA,"MWC","N","20090615"
"2J","1st","","hibiscus.trionum",NA,"MWC","N","20090615"
"2J","1st","","indigofera.brevicalyx",NA,"MWC","N","20090615"
"2J","1st","","indigofera.schimperi",NA,"MWC","N","20090615"
"2J","1st","","ipomea.sinensis",NA,"MWC","N","20090615"
"2J","1st","","justicia.dichipteroides",NA,"MWC","N","20090615"
"2J","1st","","k",NA,"MWC","N","20090615"
"2J","1st","","kyllinga.sp",NA,"MWC","N","20090615"
"2J","1st","","leucas.glabrata",NA,"MWC","N","20090615"
"2J","1st","","leucas.martiniscensis",NA,"MWC","N","20090615"
"2J","1st","","lily.a",NA,"MWC","N","20090615"
"2J","1st","","lily.b",NA,"MWC","N","20090615"
"2J","1st","","lippia.javanica",NA,"MWC","N","20090615"
"2J","1st","","melhania.spp.",NA,"MWC","N","20090615"
"2J","1st","","misopates.orontium",NA,"MWC","N","20090615"
"2J","1st","","mollugo.nudicaulis",NA,"MWC","N","20090615"
"2J","1st","","monechima.debile",NA,"MWC","N","20090615"
"2J","1st","","monsonia.augustifolia",NA,"MWC","N","20090615"
"2J","1st","","ocimum.sp",NA,"MWC","N","20090615"
"2J","1st","","osteospermum.vaillantii",NA,"MWC","N","20090615"
"2J","1st","","oxygonum.sinuatum",NA,"MWC","N","20090615"
"2J","1st","","pavonia.patens",NA,"MWC","N","20090615"
"2J","1st","","pelargonium.alchemilloides",NA,"MWC","N","20090615"
"2J","1st","","pentanisia.ouranogyne",NA,"MWC","N","20090615"
"2J","1st","","phyllanthus.maderaspatensis",NA,"MWC","N","20090615"
"2J","1st","","plectranthus.spp",NA,"MWC","N","20090615"
"2J","1st","","pollichia.campestris",NA,"MWC","N","20090615"
"2J","1st","","polygala..l.",NA,"MWC","N","20090615"
"2J","1st","","polygala.sphenoptera",NA,"MWC","N","20090615"
"2J","1st","","portulaca.oleracea",NA,"MWC","N","20090615"
"2J","1st","","portulaca.quadrifida",NA,"MWC","N","20090615"
"2J","1st","","pseudognaphalium..helichrysum.glumaceum.",NA,"MWC","N","20090615"
"2J","1st","","psilotrichum.schimperi",NA,"MWC","N","20090615"
"2J","1st","","rhinacanthus.ndorensis",NA,"MWC","N","20090615"
"2J","1st","","rhynchosia.holstii",NA,"MWC","N","20090615"
"2J","1st","","schkuhria.pinnata",NA,"MWC","N","20090615"
"2J","1st","","sida.2",NA,"MWC","N","20090615"
"2J","1st","","sida.cuneifolia",NA,"MWC","N","20090615"
"2J","1st","","solanum.incanum",NA,"MWC","N","20090615"
"2J","1st","","solanum.indicum",NA,"MWC","N","20090615"
"2J","1st","","tribulus.terrestris",NA,"MWC","N","20090615"
"2J","1st","","u",NA,"MWC","N","20090615"
"2J","1st","","w",NA,"MWC","N","20090615"
"2J","1st","","x_4",NA,"MWC","N","20090615"
"2J","1st","","x_5",NA,"MWC","N","20090615"
"2J","1st","","x_6",NA,"MWC","N","20090615"
"2J","1st","","x_7",NA,"MWC","N","20090615"
"2J","1st","","x_8",NA,"MWC","N","20090615"
"2J","All","Lvs","bracharia.lacnantha",15,"MWC","N","20090615"
"2J","All","Lvs","lintonia.nutans",NA,"MWC","N","20090615"
"2J","All","Lvs","pennisetum.mezianum",2,"MWC","N","20090615"
"2J","All","Lvs","pennisetum.straminium",NA,"MWC","N","20090615"
"2J","All","Lvs","themeda.triandra",NA,"MWC","N","20090615"
"2J","All","Lvs","bare",NA,"MWC","N","20090615"
"2J","All","Lvs","x_2",NA,"MWC","N","20090615"
"2J","All","Lvs","aristida.kenyensis",NA,"MWC","N","20090615"
"2J","All","Lvs","bothriochloa.insculpta",NA,"MWC","N","20090615"
"2J","All","Lvs","bracharia.3",NA,"MWC","N","20090615"
"2J","All","Lvs","bracharia.eruciformis",NA,"MWC","N","20090615"
"2J","All","Lvs","chloris.sp",NA,"MWC","N","20090615"
"2J","All","Lvs","cynodon.dactylon",NA,"MWC","N","20090615"
"2J","All","Lvs","cynodon.plectostachyus",NA,"MWC","N","20090615"
"2J","All","Lvs","cyperus...mariscus.spp",NA,"MWC","N","20090615"
"2J","All","Lvs","digitaria.2",NA,"MWC","N","20090615"
"2J","All","Lvs","digitaria.milanjiana",NA,"MWC","N","20090615"
"2J","All","Lvs","dinebra.retroflexa",NA,"MWC","N","20090615"
"2J","All","Lvs","eragrostis.tenuifolia",NA,"MWC","N","20090615"
"2J","All","Lvs","harpachne.schimperi",NA,"MWC","N","20090615"
"2J","All","Lvs","microchloa.kunthii",NA,"MWC","N","20090615"
"2J","All","Lvs","panicum.astrosanguinum",NA,"MWC","N","20090615"
"2J","All","Lvs","setaria.acromelaena..small.",NA,"MWC","N","20090615"
"2J","All","Lvs","setaria.sphaecealata..big.",NA,"MWC","N","20090615"
"2J","All","Lvs","sporobolus.pyramidalis",NA,"MWC","N","20090615"
"2J","All","Lvs","tragus.berteronianus",NA,"MWC","N","20090615"
"2J","All","Lvs","x_3",NA,"MWC","N","20090615"
"2J","All","Lvs","acalypha.crenata",NA,"MWC","N","20090615"
"2J","All","Lvs","aerva.lanata",NA,"MWC","N","20090615"
"2J","All","Lvs","amaranthus.hibridus",NA,"MWC","N","20090615"
"2J","All","Lvs","aspilia.pluriseta",NA,"MWC","N","20090615"
"2J","All","Lvs","asterolinon.adoense..v.",NA,"MWC","N","20090615"
"2J","All","Lvs","caralluma.acutangula",NA,"MWC","N","20090615"
"2J","All","Lvs","chenopodium.opulifolium",NA,"MWC","N","20090615"
"2J","All","Lvs","chenopodium.schraderianum",NA,"MWC","N","20090615"
"2J","All","Lvs","commelina.spp",NA,"MWC","N","20090615"
"2J","All","Lvs","commicarpus.pedunculosus",NA,"MWC","N","20090615"
"2J","All","Lvs","conyza.sp",NA,"MWC","N","20090615"
"2J","All","Lvs","corchorus.sp",NA,"MWC","N","20090615"
"2J","All","Lvs","crotelaria.sp",NA,"MWC","N","20090615"
"2J","All","Lvs","cyathula.orthacantha",NA,"MWC","N","20090615"
"2J","All","Lvs","dyscoriste.radicans",NA,"MWC","N","20090615"
"2J","All","Lvs","euphorbia.inaequilatera",NA,"MWC","N","20090615"
"2J","All","Lvs","evolvulus.alsinoides",NA,"MWC","N","20090615"
"2J","All","Lvs","fern",NA,"MWC","N","20090615"
"2J","All","Lvs","gutenbergia.sp",NA,"MWC","N","20090615"
"2J","All","Lvs","hermannia.uhligii",NA,"MWC","N","20090615"
"2J","All","Lvs","hibiscus.flavifolius",NA,"MWC","N","20090615"
"2J","All","Lvs","hibiscus.trionum",NA,"MWC","N","20090615"
"2J","All","Lvs","indigofera.brevicalyx",NA,"MWC","N","20090615"
"2J","All","Lvs","indigofera.schimperi",NA,"MWC","N","20090615"
"2J","All","Lvs","ipomea.sinensis",NA,"MWC","N","20090615"
"2J","All","Lvs","justicia.dichipteroides",NA,"MWC","N","20090615"
"2J","All","Lvs","k",NA,"MWC","N","20090615"
"2J","All","Lvs","kyllinga.sp",NA,"MWC","N","20090615"
"2J","All","Lvs","leucas.glabrata",NA,"MWC","N","20090615"
"2J","All","Lvs","leucas.martiniscensis",NA,"MWC","N","20090615"
"2J","All","Lvs","lily.a",NA,"MWC","N","20090615"
"2J","All","Lvs","lily.b",NA,"MWC","N","20090615"
"2J","All","Lvs","lippia.javanica",NA,"MWC","N","20090615"
"2J","All","Lvs","melhania.spp.",NA,"MWC","N","20090615"
"2J","All","Lvs","misopates.orontium",NA,"MWC","N","20090615"
"2J","All","Lvs","mollugo.nudicaulis",NA,"MWC","N","20090615"
"2J","All","Lvs","monechima.debile",NA,"MWC","N","20090615"
"2J","All","Lvs","monsonia.augustifolia",NA,"MWC","N","20090615"
"2J","All","Lvs","ocimum.sp",NA,"MWC","N","20090615"
"2J","All","Lvs","osteospermum.vaillantii",NA,"MWC","N","20090615"
"2J","All","Lvs","oxygonum.sinuatum",NA,"MWC","N","20090615"
"2J","All","Lvs","pavonia.patens",NA,"MWC","N","20090615"
"2J","All","Lvs","pelargonium.alchemilloides",NA,"MWC","N","20090615"
"2J","All","Lvs","pentanisia.ouranogyne",NA,"MWC","N","20090615"
"2J","All","Lvs","phyllanthus.maderaspatensis",NA,"MWC","N","20090615"
"2J","All","Lvs","plectranthus.spp",NA,"MWC","N","20090615"
"2J","All","Lvs","pollichia.campestris",NA,"MWC","N","20090615"
"2J","All","Lvs","polygala..l.",NA,"MWC","N","20090615"
"2J","All","Lvs","polygala.sphenoptera",NA,"MWC","N","20090615"
"2J","All","Lvs","portulaca.oleracea",NA,"MWC","N","20090615"
"2J","All","Lvs","portulaca.quadrifida",NA,"MWC","N","20090615"
"2J","All","Lvs","pseudognaphalium..helichrysum.glumaceum.",NA,"MWC","N","20090615"
"2J","All","Lvs","psilotrichum.schimperi",NA,"MWC","N","20090615"
"2J","All","Lvs","rhinacanthus.ndorensis",NA,"MWC","N","20090615"
"2J","All","Lvs","rhynchosia.holstii",NA,"MWC","N","20090615"
"2J","All","Lvs","schkuhria.pinnata",NA,"MWC","N","20090615"
"2J","All","Lvs","sida.2",NA,"MWC","N","20090615"
"2J","All","Lvs","sida.cuneifolia",NA,"MWC","N","20090615"
"2J","All","Lvs","solanum.incanum",NA,"MWC","N","20090615"
"2J","All","Lvs","solanum.indicum",NA,"MWC","N","20090615"
"2J","All","Lvs","tribulus.terrestris",NA,"MWC","N","20090615"
"2J","All","Lvs","u",NA,"MWC","N","20090615"
"2J","All","Lvs","w",NA,"MWC","N","20090615"
"2J","All","Lvs","x_4",NA,"MWC","N","20090615"
"2J","All","Lvs","x_5",NA,"MWC","N","20090615"
"2J","All","Lvs","x_6",NA,"MWC","N","20090615"
"2J","All","Lvs","x_7",NA,"MWC","N","20090615"
"2J","All","Lvs","x_8",NA,"MWC","N","20090615"
"2J","All","Stm","bracharia.lacnantha",NA,"MWC","N","20090615"
"2J","All","Stm","lintonia.nutans",NA,"MWC","N","20090615"
"2J","All","Stm","pennisetum.mezianum",NA,"MWC","N","20090615"
"2J","All","Stm","pennisetum.straminium",NA,"MWC","N","20090615"
"2J","All","Stm","themeda.triandra",NA,"MWC","N","20090615"
"2J","All","Stm","bare",NA,"MWC","N","20090615"
"2J","All","Stm","x_2",NA,"MWC","N","20090615"
"2J","All","Stm","aristida.kenyensis",NA,"MWC","N","20090615"
"2J","All","Stm","bothriochloa.insculpta",NA,"MWC","N","20090615"
"2J","All","Stm","bracharia.3",NA,"MWC","N","20090615"
"2J","All","Stm","bracharia.eruciformis",NA,"MWC","N","20090615"
"2J","All","Stm","chloris.sp",NA,"MWC","N","20090615"
"2J","All","Stm","cynodon.dactylon",NA,"MWC","N","20090615"
"2J","All","Stm","cynodon.plectostachyus",NA,"MWC","N","20090615"
"2J","All","Stm","cyperus...mariscus.spp",NA,"MWC","N","20090615"
"2J","All","Stm","digitaria.2",NA,"MWC","N","20090615"
"2J","All","Stm","digitaria.milanjiana",NA,"MWC","N","20090615"
"2J","All","Stm","dinebra.retroflexa",NA,"MWC","N","20090615"
"2J","All","Stm","eragrostis.tenuifolia",NA,"MWC","N","20090615"
"2J","All","Stm","harpachne.schimperi",NA,"MWC","N","20090615"
"2J","All","Stm","microchloa.kunthii",NA,"MWC","N","20090615"
"2J","All","Stm","panicum.astrosanguinum",NA,"MWC","N","20090615"
"2J","All","Stm","setaria.acromelaena..small.",NA,"MWC","N","20090615"
"2J","All","Stm","setaria.sphaecealata..big.",NA,"MWC","N","20090615"
"2J","All","Stm","sporobolus.pyramidalis",NA,"MWC","N","20090615"
"2J","All","Stm","tragus.berteronianus",NA,"MWC","N","20090615"
"2J","All","Stm","x_3",NA,"MWC","N","20090615"
"2J","All","Stm","acalypha.crenata",NA,"MWC","N","20090615"
"2J","All","Stm","aerva.lanata",NA,"MWC","N","20090615"
"2J","All","Stm","amaranthus.hibridus",NA,"MWC","N","20090615"
"2J","All","Stm","aspilia.pluriseta",NA,"MWC","N","20090615"
"2J","All","Stm","asterolinon.adoense..v.",NA,"MWC","N","20090615"
"2J","All","Stm","caralluma.acutangula",NA,"MWC","N","20090615"
"2J","All","Stm","chenopodium.opulifolium",NA,"MWC","N","20090615"
"2J","All","Stm","chenopodium.schraderianum",NA,"MWC","N","20090615"
"2J","All","Stm","commelina.spp",NA,"MWC","N","20090615"
"2J","All","Stm","commicarpus.pedunculosus",NA,"MWC","N","20090615"
"2J","All","Stm","conyza.sp",NA,"MWC","N","20090615"
"2J","All","Stm","corchorus.sp",NA,"MWC","N","20090615"
"2J","All","Stm","crotelaria.sp",NA,"MWC","N","20090615"
"2J","All","Stm","cyathula.orthacantha",NA,"MWC","N","20090615"
"2J","All","Stm","dyscoriste.radicans",NA,"MWC","N","20090615"
"2J","All","Stm","euphorbia.inaequilatera",NA,"MWC","N","20090615"
"2J","All","Stm","evolvulus.alsinoides",NA,"MWC","N","20090615"
"2J","All","Stm","fern",NA,"MWC","N","20090615"
"2J","All","Stm","gutenbergia.sp",NA,"MWC","N","20090615"
"2J","All","Stm","hermannia.uhligii",NA,"MWC","N","20090615"
"2J","All","Stm","hibiscus.flavifolius",NA,"MWC","N","20090615"
"2J","All","Stm","hibiscus.trionum",NA,"MWC","N","20090615"
"2J","All","Stm","indigofera.brevicalyx",NA,"MWC","N","20090615"
"2J","All","Stm","indigofera.schimperi",NA,"MWC","N","20090615"
"2J","All","Stm","ipomea.sinensis",NA,"MWC","N","20090615"
"2J","All","Stm","justicia.dichipteroides",NA,"MWC","N","20090615"
"2J","All","Stm","k",NA,"MWC","N","20090615"
"2J","All","Stm","kyllinga.sp",NA,"MWC","N","20090615"
"2J","All","Stm","leucas.glabrata",NA,"MWC","N","20090615"
"2J","All","Stm","leucas.martiniscensis",NA,"MWC","N","20090615"
"2J","All","Stm","lily.a",NA,"MWC","N","20090615"
"2J","All","Stm","lily.b",NA,"MWC","N","20090615"
"2J","All","Stm","lippia.javanica",NA,"MWC","N","20090615"
"2J","All","Stm","melhania.spp.",NA,"MWC","N","20090615"
"2J","All","Stm","misopates.orontium",NA,"MWC","N","20090615"
"2J","All","Stm","mollugo.nudicaulis",NA,"MWC","N","20090615"
"2J","All","Stm","monechima.debile",NA,"MWC","N","20090615"
"2J","All","Stm","monsonia.augustifolia",NA,"MWC","N","20090615"
"2J","All","Stm","ocimum.sp",NA,"MWC","N","20090615"
"2J","All","Stm","osteospermum.vaillantii",NA,"MWC","N","20090615"
"2J","All","Stm","oxygonum.sinuatum",NA,"MWC","N","20090615"
"2J","All","Stm","pavonia.patens",NA,"MWC","N","20090615"
"2J","All","Stm","pelargonium.alchemilloides",NA,"MWC","N","20090615"
"2J","All","Stm","pentanisia.ouranogyne",NA,"MWC","N","20090615"
"2J","All","Stm","phyllanthus.maderaspatensis",NA,"MWC","N","20090615"
"2J","All","Stm","plectranthus.spp",NA,"MWC","N","20090615"
"2J","All","Stm","pollichia.campestris",NA,"MWC","N","20090615"
"2J","All","Stm","polygala..l.",NA,"MWC","N","20090615"
"2J","All","Stm","polygala.sphenoptera",NA,"MWC","N","20090615"
"2J","All","Stm","portulaca.oleracea",NA,"MWC","N","20090615"
"2J","All","Stm","portulaca.quadrifida",NA,"MWC","N","20090615"
"2J","All","Stm","pseudognaphalium..helichrysum.glumaceum.",NA,"MWC","N","20090615"
"2J","All","Stm","psilotrichum.schimperi",NA,"MWC","N","20090615"
"2J","All","Stm","rhinacanthus.ndorensis",NA,"MWC","N","20090615"
"2J","All","Stm","rhynchosia.holstii",NA,"MWC","N","20090615"
"2J","All","Stm","schkuhria.pinnata",NA,"MWC","N","20090615"
"2J","All","Stm","sida.2",NA,"MWC","N","20090615"
"2J","All","Stm","sida.cuneifolia",NA,"MWC","N","20090615"
"2J","All","Stm","solanum.incanum",NA,"MWC","N","20090615"
"2J","All","Stm","solanum.indicum",NA,"MWC","N","20090615"
"2J","All","Stm","tribulus.terrestris",NA,"MWC","N","20090615"
"2J","All","Stm","u",NA,"MWC","N","20090615"
"2J","All","Stm","w",NA,"MWC","N","20090615"
"2J","All","Stm","x_4",NA,"MWC","N","20090615"
"2J","All","Stm","x_5",NA,"MWC","N","20090615"
"2J","All","Stm","x_6",NA,"MWC","N","20090615"
"2J","All","Stm","x_7",NA,"MWC","N","20090615"
"2J","All","Stm","x_8",NA,"MWC","N","20090615"
"2H","1st","","bracharia.lacnantha",NA,"MWC","N","20090615"
"2H","1st","","lintonia.nutans",NA,"MWC","N","20090615"
"2H","1st","","pennisetum.mezianum",2,"MWC","N","20090615"
"2H","1st","","pennisetum.straminium",NA,"MWC","N","20090615"
"2H","1st","","themeda.triandra",8,"MWC","N","20090615"
"2H","1st","","bare",1,"MWC","N","20090615"
"2H","1st","","x_2",NA,"MWC","N","20090615"
"2H","1st","","aristida.kenyensis",NA,"MWC","N","20090615"
"2H","1st","","bothriochloa.insculpta",NA,"MWC","N","20090615"
"2H","1st","","bracharia.3",NA,"MWC","N","20090615"
"2H","1st","","bracharia.eruciformis",NA,"MWC","N","20090615"
"2H","1st","","chloris.sp",NA,"MWC","N","20090615"
"2H","1st","","cynodon.dactylon",NA,"MWC","N","20090615"
"2H","1st","","cynodon.plectostachyus",NA,"MWC","N","20090615"
"2H","1st","","cyperus...mariscus.spp",NA,"MWC","N","20090615"
"2H","1st","","digitaria.2",NA,"MWC","N","20090615"
"2H","1st","","digitaria.milanjiana",NA,"MWC","N","20090615"
"2H","1st","","dinebra.retroflexa",NA,"MWC","N","20090615"
"2H","1st","","eragrostis.tenuifolia",NA,"MWC","N","20090615"
"2H","1st","","harpachne.schimperi",NA,"MWC","N","20090615"
"2H","1st","","microchloa.kunthii",NA,"MWC","N","20090615"
"2H","1st","","panicum.astrosanguinum",NA,"MWC","N","20090615"
"2H","1st","","setaria.acromelaena..small.",NA,"MWC","N","20090615"
"2H","1st","","setaria.sphaecealata..big.",NA,"MWC","N","20090615"
"2H","1st","","sporobolus.pyramidalis",NA,"MWC","N","20090615"
"2H","1st","","tragus.berteronianus",NA,"MWC","N","20090615"
"2H","1st","","x_3",NA,"MWC","N","20090615"
"2H","1st","","acalypha.crenata",NA,"MWC","N","20090615"
"2H","1st","","aerva.lanata",NA,"MWC","N","20090615"
"2H","1st","","amaranthus.hibridus",NA,"MWC","N","20090615"
"2H","1st","","aspilia.pluriseta",NA,"MWC","N","20090615"
"2H","1st","","asterolinon.adoense..v.",NA,"MWC","N","20090615"
"2H","1st","","caralluma.acutangula",NA,"MWC","N","20090615"
"2H","1st","","chenopodium.opulifolium",NA,"MWC","N","20090615"
"2H","1st","","chenopodium.schraderianum",NA,"MWC","N","20090615"
"2H","1st","","commelina.spp",NA,"MWC","N","20090615"
"2H","1st","","commicarpus.pedunculosus",NA,"MWC","N","20090615"
"2H","1st","","conyza.sp",NA,"MWC","N","20090615"
"2H","1st","","corchorus.sp",NA,"MWC","N","20090615"
"2H","1st","","crotelaria.sp",NA,"MWC","N","20090615"
"2H","1st","","cyathula.orthacantha",NA,"MWC","N","20090615"
"2H","1st","","dyscoriste.radicans",NA,"MWC","N","20090615"
"2H","1st","","euphorbia.inaequilatera",NA,"MWC","N","20090615"
"2H","1st","","evolvulus.alsinoides",NA,"MWC","N","20090615"
"2H","1st","","fern",NA,"MWC","N","20090615"
"2H","1st","","gutenbergia.sp",NA,"MWC","N","20090615"
"2H","1st","","hermannia.uhligii",NA,"MWC","N","20090615"
"2H","1st","","hibiscus.flavifolius",NA,"MWC","N","20090615"
"2H","1st","","hibiscus.trionum",NA,"MWC","N","20090615"
"2H","1st","","indigofera.brevicalyx",NA,"MWC","N","20090615"
"2H","1st","","indigofera.schimperi",NA,"MWC","N","20090615"
"2H","1st","","ipomea.sinensis",NA,"MWC","N","20090615"
"2H","1st","","justicia.dichipteroides",NA,"MWC","N","20090615"
"2H","1st","","k",NA,"MWC","N","20090615"
"2H","1st","","kyllinga.sp",NA,"MWC","N","20090615"
"2H","1st","","leucas.glabrata",NA,"MWC","N","20090615"
"2H","1st","","leucas.martiniscensis",NA,"MWC","N","20090615"
"2H","1st","","lily.a",NA,"MWC","N","20090615"
"2H","1st","","lily.b",NA,"MWC","N","20090615"
"2H","1st","","lippia.javanica",NA,"MWC","N","20090615"
"2H","1st","","melhania.spp.",NA,"MWC","N","20090615"
"2H","1st","","misopates.orontium",NA,"MWC","N","20090615"
"2H","1st","","mollugo.nudicaulis",NA,"MWC","N","20090615"
"2H","1st","","monechima.debile",NA,"MWC","N","20090615"
"2H","1st","","monsonia.augustifolia",NA,"MWC","N","20090615"
"2H","1st","","ocimum.sp",NA,"MWC","N","20090615"
"2H","1st","","osteospermum.vaillantii",NA,"MWC","N","20090615"
"2H","1st","","oxygonum.sinuatum",NA,"MWC","N","20090615"
"2H","1st","","pavonia.patens",NA,"MWC","N","20090615"
"2H","1st","","pelargonium.alchemilloides",NA,"MWC","N","20090615"
"2H","1st","","pentanisia.ouranogyne",NA,"MWC","N","20090615"
"2H","1st","","phyllanthus.maderaspatensis",NA,"MWC","N","20090615"
"2H","1st","","plectranthus.spp",NA,"MWC","N","20090615"
"2H","1st","","pollichia.campestris",NA,"MWC","N","20090615"
"2H","1st","","polygala..l.",NA,"MWC","N","20090615"
"2H","1st","","polygala.sphenoptera",NA,"MWC","N","20090615"
"2H","1st","","portulaca.oleracea",NA,"MWC","N","20090615"
"2H","1st","","portulaca.quadrifida",NA,"MWC","N","20090615"
"2H","1st","","pseudognaphalium..helichrysum.glumaceum.",NA,"MWC","N","20090615"
"2H","1st","","psilotrichum.schimperi",NA,"MWC","N","20090615"
"2H","1st","","rhinacanthus.ndorensis",NA,"MWC","N","20090615"
"2H","1st","","rhynchosia.holstii",NA,"MWC","N","20090615"
"2H","1st","","schkuhria.pinnata",NA,"MWC","N","20090615"
"2H","1st","","sida.2",NA,"MWC","N","20090615"
"2H","1st","","sida.cuneifolia",NA,"MWC","N","20090615"
"2H","1st","","solanum.incanum",NA,"MWC","N","20090615"
"2H","1st","","solanum.indicum",NA,"MWC","N","20090615"
"2H","1st","","tribulus.terrestris",NA,"MWC","N","20090615"
"2H","1st","","u",NA,"MWC","N","20090615"
"2H","1st","","w",NA,"MWC","N","20090615"
"2H","1st","","x_4",NA,"MWC","N","20090615"
"2H","1st","","x_5",NA,"MWC","N","20090615"
"2H","1st","","x_6",NA,"MWC","N","20090615"
"2H","1st","","x_7",NA,"MWC","N","20090615"
"2H","1st","","x_8",NA,"MWC","N","20090615"
"2H","All","Lvs","bracharia.lacnantha",NA,"MWC","N","20090615"
"2H","All","Lvs","lintonia.nutans",NA,"MWC","N","20090615"
"2H","All","Lvs","pennisetum.mezianum",2,"MWC","N","20090615"
"2H","All","Lvs","pennisetum.straminium",NA,"MWC","N","20090615"
"2H","All","Lvs","themeda.triandra",12,"MWC","N","20090615"
"2H","All","Lvs","bare",NA,"MWC","N","20090615"
"2H","All","Lvs","x_2",NA,"MWC","N","20090615"
"2H","All","Lvs","aristida.kenyensis",NA,"MWC","N","20090615"
"2H","All","Lvs","bothriochloa.insculpta",NA,"MWC","N","20090615"
"2H","All","Lvs","bracharia.3",NA,"MWC","N","20090615"
"2H","All","Lvs","bracharia.eruciformis",NA,"MWC","N","20090615"
"2H","All","Lvs","chloris.sp",NA,"MWC","N","20090615"
"2H","All","Lvs","cynodon.dactylon",NA,"MWC","N","20090615"
"2H","All","Lvs","cynodon.plectostachyus",NA,"MWC","N","20090615"
"2H","All","Lvs","cyperus...mariscus.spp",NA,"MWC","N","20090615"
"2H","All","Lvs","digitaria.2",NA,"MWC","N","20090615"
"2H","All","Lvs","digitaria.milanjiana",NA,"MWC","N","20090615"
"2H","All","Lvs","dinebra.retroflexa",NA,"MWC","N","20090615"
"2H","All","Lvs","eragrostis.tenuifolia",NA,"MWC","N","20090615"
"2H","All","Lvs","harpachne.schimperi",NA,"MWC","N","20090615"
"2H","All","Lvs","microchloa.kunthii",NA,"MWC","N","20090615"
"2H","All","Lvs","panicum.astrosanguinum",NA,"MWC","N","20090615"
"2H","All","Lvs","setaria.acromelaena..small.",NA,"MWC","N","20090615"
"2H","All","Lvs","setaria.sphaecealata..big.",NA,"MWC","N","20090615"
"2H","All","Lvs","sporobolus.pyramidalis",NA,"MWC","N","20090615"
"2H","All","Lvs","tragus.berteronianus",NA,"MWC","N","20090615"
"2H","All","Lvs","x_3",NA,"MWC","N","20090615"
"2H","All","Lvs","acalypha.crenata",NA,"MWC","N","20090615"
"2H","All","Lvs","aerva.lanata",NA,"MWC","N","20090615"
"2H","All","Lvs","amaranthus.hibridus",NA,"MWC","N","20090615"
"2H","All","Lvs","aspilia.pluriseta",NA,"MWC","N","20090615"
"2H","All","Lvs","asterolinon.adoense..v.",NA,"MWC","N","20090615"
"2H","All","Lvs","caralluma.acutangula",NA,"MWC","N","20090615"
"2H","All","Lvs","chenopodium.opulifolium",NA,"MWC","N","20090615"
"2H","All","Lvs","chenopodium.schraderianum",NA,"MWC","N","20090615"
"2H","All","Lvs","commelina.spp",NA,"MWC","N","20090615"
"2H","All","Lvs","commicarpus.pedunculosus",NA,"MWC","N","20090615"
"2H","All","Lvs","conyza.sp",NA,"MWC","N","20090615"
"2H","All","Lvs","corchorus.sp",NA,"MWC","N","20090615"
"2H","All","Lvs","crotelaria.sp",NA,"MWC","N","20090615"
"2H","All","Lvs","cyathula.orthacantha",NA,"MWC","N","20090615"
"2H","All","Lvs","dyscoriste.radicans",NA,"MWC","N","20090615"
"2H","All","Lvs","euphorbia.inaequilatera",NA,"MWC","N","20090615"
"2H","All","Lvs","evolvulus.alsinoides",NA,"MWC","N","20090615"
"2H","All","Lvs","fern",NA,"MWC","N","20090615"
"2H","All","Lvs","gutenbergia.sp",NA,"MWC","N","20090615"
"2H","All","Lvs","hermannia.uhligii",NA,"MWC","N","20090615"
"2H","All","Lvs","hibiscus.flavifolius",NA,"MWC","N","20090615"
"2H","All","Lvs","hibiscus.trionum",NA,"MWC","N","20090615"
"2H","All","Lvs","indigofera.brevicalyx",NA,"MWC","N","20090615"
"2H","All","Lvs","indigofera.schimperi",NA,"MWC","N","20090615"
"2H","All","Lvs","ipomea.sinensis",NA,"MWC","N","20090615"
"2H","All","Lvs","justicia.dichipteroides",NA,"MWC","N","20090615"
"2H","All","Lvs","k",NA,"MWC","N","20090615"
"2H","All","Lvs","kyllinga.sp",NA,"MWC","N","20090615"
"2H","All","Lvs","leucas.glabrata",NA,"MWC","N","20090615"
"2H","All","Lvs","leucas.martiniscensis",NA,"MWC","N","20090615"
"2H","All","Lvs","lily.a",NA,"MWC","N","20090615"
"2H","All","Lvs","lily.b",NA,"MWC","N","20090615"
"2H","All","Lvs","lippia.javanica",NA,"MWC","N","20090615"
"2H","All","Lvs","melhania.spp.",NA,"MWC","N","20090615"
"2H","All","Lvs","misopates.orontium",NA,"MWC","N","20090615"
"2H","All","Lvs","mollugo.nudicaulis",NA,"MWC","N","20090615"
"2H","All","Lvs","monechima.debile",NA,"MWC","N","20090615"
"2H","All","Lvs","monsonia.augustifolia",NA,"MWC","N","20090615"
"2H","All","Lvs","ocimum.sp",NA,"MWC","N","20090615"
"2H","All","Lvs","osteospermum.vaillantii",NA,"MWC","N","20090615"
"2H","All","Lvs","oxygonum.sinuatum",NA,"MWC","N","20090615"
"2H","All","Lvs","pavonia.patens",NA,"MWC","N","20090615"
"2H","All","Lvs","pelargonium.alchemilloides",NA,"MWC","N","20090615"
"2H","All","Lvs","pentanisia.ouranogyne",NA,"MWC","N","20090615"
"2H","All","Lvs","phyllanthus.maderaspatensis",NA,"MWC","N","20090615"
"2H","All","Lvs","plectranthus.spp",NA,"MWC","N","20090615"
"2H","All","Lvs","pollichia.campestris",NA,"MWC","N","20090615"
"2H","All","Lvs","polygala..l.",NA,"MWC","N","20090615"
"2H","All","Lvs","polygala.sphenoptera",NA,"MWC","N","20090615"
"2H","All","Lvs","portulaca.oleracea",NA,"MWC","N","20090615"
"2H","All","Lvs","portulaca.quadrifida",NA,"MWC","N","20090615"
"2H","All","Lvs","pseudognaphalium..helichrysum.glumaceum.",NA,"MWC","N","20090615"
"2H","All","Lvs","psilotrichum.schimperi",NA,"MWC","N","20090615"
"2H","All","Lvs","rhinacanthus.ndorensis",NA,"MWC","N","20090615"
"2H","All","Lvs","rhynchosia.holstii",NA,"MWC","N","20090615"
"2H","All","Lvs","schkuhria.pinnata",NA,"MWC","N","20090615"
"2H","All","Lvs","sida.2",NA,"MWC","N","20090615"
"2H","All","Lvs","sida.cuneifolia",NA,"MWC","N","20090615"
"2H","All","Lvs","solanum.incanum",NA,"MWC","N","20090615"
"2H","All","Lvs","solanum.indicum",NA,"MWC","N","20090615"
"2H","All","Lvs","tribulus.terrestris",NA,"MWC","N","20090615"
"2H","All","Lvs","u",NA,"MWC","N","20090615"
"2H","All","Lvs","w",NA,"MWC","N","20090615"
"2H","All","Lvs","x_4",NA,"MWC","N","20090615"
"2H","All","Lvs","x_5",NA,"MWC","N","20090615"
"2H","All","Lvs","x_6",NA,"MWC","N","20090615"
"2H","All","Lvs","x_7",NA,"MWC","N","20090615"
"2H","All","Lvs","x_8",NA,"MWC","N","20090615"
"2H","All","Stm","bracharia.lacnantha",NA,"MWC","N","20090615"
"2H","All","Stm","lintonia.nutans",NA,"MWC","N","20090615"
"2H","All","Stm","pennisetum.mezianum",NA,"MWC","N","20090615"
"2H","All","Stm","pennisetum.straminium",NA,"MWC","N","20090615"
"2H","All","Stm","themeda.triandra",NA,"MWC","N","20090615"
"2H","All","Stm","bare",NA,"MWC","N","20090615"
"2H","All","Stm","x_2",NA,"MWC","N","20090615"
"2H","All","Stm","aristida.kenyensis",NA,"MWC","N","20090615"
"2H","All","Stm","bothriochloa.insculpta",NA,"MWC","N","20090615"
"2H","All","Stm","bracharia.3",NA,"MWC","N","20090615"
"2H","All","Stm","bracharia.eruciformis",NA,"MWC","N","20090615"
"2H","All","Stm","chloris.sp",NA,"MWC","N","20090615"
"2H","All","Stm","cynodon.dactylon",NA,"MWC","N","20090615"
"2H","All","Stm","cynodon.plectostachyus",NA,"MWC","N","20090615"
"2H","All","Stm","cyperus...mariscus.spp",NA,"MWC","N","20090615"
"2H","All","Stm","digitaria.2",NA,"MWC","N","20090615"
"2H","All","Stm","digitaria.milanjiana",NA,"MWC","N","20090615"
"2H","All","Stm","dinebra.retroflexa",NA,"MWC","N","20090615"
"2H","All","Stm","eragrostis.tenuifolia",NA,"MWC","N","20090615"
"2H","All","Stm","harpachne.schimperi",NA,"MWC","N","20090615"
"2H","All","Stm","microchloa.kunthii",NA,"MWC","N","20090615"
"2H","All","Stm","panicum.astrosanguinum",NA,"MWC","N","20090615"
"2H","All","Stm","setaria.acromelaena..small.",NA,"MWC","N","20090615"
"2H","All","Stm","setaria.sphaecealata..big.",NA,"MWC","N","20090615"
"2H","All","Stm","sporobolus.pyramidalis",NA,"MWC","N","20090615"
"2H","All","Stm","tragus.berteronianus",NA,"MWC","N","20090615"
"2H","All","Stm","x_3",NA,"MWC","N","20090615"
"2H","All","Stm","acalypha.crenata",NA,"MWC","N","20090615"
"2H","All","Stm","aerva.lanata",NA,"MWC","N","20090615"
"2H","All","Stm","amaranthus.hibridus",NA,"MWC","N","20090615"
"2H","All","Stm","aspilia.pluriseta",NA,"MWC","N","20090615"
"2H","All","Stm","asterolinon.adoense..v.",NA,"MWC","N","20090615"
"2H","All","Stm","caralluma.acutangula",NA,"MWC","N","20090615"
"2H","All","Stm","chenopodium.opulifolium",NA,"MWC","N","20090615"
"2H","All","Stm","chenopodium.schraderianum",NA,"MWC","N","20090615"
"2H","All","Stm","commelina.spp",NA,"MWC","N","20090615"
"2H","All","Stm","commicarpus.pedunculosus",NA,"MWC","N","20090615"
"2H","All","Stm","conyza.sp",NA,"MWC","N","20090615"
"2H","All","Stm","corchorus.sp",NA,"MWC","N","20090615"
"2H","All","Stm","crotelaria.sp",NA,"MWC","N","20090615"
"2H","All","Stm","cyathula.orthacantha",NA,"MWC","N","20090615"
"2H","All","Stm","dyscoriste.radicans",NA,"MWC","N","20090615"
"2H","All","Stm","euphorbia.inaequilatera",NA,"MWC","N","20090615"
"2H","All","Stm","evolvulus.alsinoides",NA,"MWC","N","20090615"
"2H","All","Stm","fern",NA,"MWC","N","20090615"
"2H","All","Stm","gutenbergia.sp",NA,"MWC","N","20090615"
"2H","All","Stm","hermannia.uhligii",NA,"MWC","N","20090615"
"2H","All","Stm","hibiscus.flavifolius",NA,"MWC","N","20090615"
"2H","All","Stm","hibiscus.trionum",NA,"MWC","N","20090615"
"2H","All","Stm","indigofera.brevicalyx",NA,"MWC","N","20090615"
"2H","All","Stm","indigofera.schimperi",NA,"MWC","N","20090615"
"2H","All","Stm","ipomea.sinensis",NA,"MWC","N","20090615"
"2H","All","Stm","justicia.dichipteroides",NA,"MWC","N","20090615"
"2H","All","Stm","k",NA,"MWC","N","20090615"
"2H","All","Stm","kyllinga.sp",NA,"MWC","N","20090615"
"2H","All","Stm","leucas.glabrata",NA,"MWC","N","20090615"
"2H","All","Stm","leucas.martiniscensis",NA,"MWC","N","20090615"
"2H","All","Stm","lily.a",NA,"MWC","N","20090615"
"2H","All","Stm","lily.b",NA,"MWC","N","20090615"
"2H","All","Stm","lippia.javanica",NA,"MWC","N","20090615"
"2H","All","Stm","melhania.spp.",NA,"MWC","N","20090615"
"2H","All","Stm","misopates.orontium",NA,"MWC","N","20090615"
"2H","All","Stm","mollugo.nudicaulis",NA,"MWC","N","20090615"
"2H","All","Stm","monechima.debile",NA,"MWC","N","20090615"
"2H","All","Stm","monsonia.augustifolia",NA,"MWC","N","20090615"
"2H","All","Stm","ocimum.sp",NA,"MWC","N","20090615"
"2H","All","Stm","osteospermum.vaillantii",NA,"MWC","N","20090615"
"2H","All","Stm","oxygonum.sinuatum",NA,"MWC","N","20090615"
"2H","All","Stm","pavonia.patens",NA,"MWC","N","20090615"
"2H","All","Stm","pelargonium.alchemilloides",NA,"MWC","N","20090615"
"2H","All","Stm","pentanisia.ouranogyne",NA,"MWC","N","20090615"
"2H","All","Stm","phyllanthus.maderaspatensis",NA,"MWC","N","20090615"
"2H","All","Stm","plectranthus.spp",NA,"MWC","N","20090615"
"2H","All","Stm","pollichia.campestris",NA,"MWC","N","20090615"
"2H","All","Stm","polygala..l.",NA,"MWC","N","20090615"
"2H","All","Stm","polygala.sphenoptera",NA,"MWC","N","20090615"
"2H","All","Stm","portulaca.oleracea",NA,"MWC","N","20090615"
"2H","All","Stm","portulaca.quadrifida",NA,"MWC","N","20090615"
"2H","All","Stm","pseudognaphalium..helichrysum.glumaceum.",NA,"MWC","N","20090615"
"2H","All","Stm","psilotrichum.schimperi",NA,"MWC","N","20090615"
"2H","All","Stm","rhinacanthus.ndorensis",NA,"MWC","N","20090615"
"2H","All","Stm","rhynchosia.holstii",NA,"MWC","N","20090615"
"2H","All","Stm","schkuhria.pinnata",NA,"MWC","N","20090615"
"2H","All","Stm","sida.2",NA,"MWC","N","20090615"
"2H","All","Stm","sida.cuneifolia",NA,"MWC","N","20090615"
"2H","All","Stm","solanum.incanum",NA,"MWC","N","20090615"
"2H","All","Stm","solanum.indicum",NA,"MWC","N","20090615"
"2H","All","Stm","tribulus.terrestris",NA,"MWC","N","20090615"
"2H","All","Stm","u",NA,"MWC","N","20090615"
"2H","All","Stm","w",NA,"MWC","N","20090615"
"2H","All","Stm","x_4",NA,"MWC","N","20090615"
"2H","All","Stm","x_5",NA,"MWC","N","20090615"
"2H","All","Stm","x_6",NA,"MWC","N","20090615"
"2H","All","Stm","x_7",NA,"MWC","N","20090615"
"2H","All","Stm","x_8",NA,"MWC","N","20090615"
"2F","1st","","bracharia.lacnantha",2,"MWC","N","20090615"
"2F","1st","","lintonia.nutans",NA,"MWC","N","20090615"
"2F","1st","","pennisetum.mezianum",NA,"MWC","N","20090615"
"2F","1st","","pennisetum.straminium",4,"MWC","N","20090615"
"2F","1st","","themeda.triandra",NA,"MWC","N","20090615"
"2F","1st","","bare",4,"MWC","N","20090615"
"2F","1st","","x_2",NA,"MWC","N","20090615"
"2F","1st","","aristida.kenyensis",NA,"MWC","N","20090615"
"2F","1st","","bothriochloa.insculpta",NA,"MWC","N","20090615"
"2F","1st","","bracharia.3",NA,"MWC","N","20090615"
"2F","1st","","bracharia.eruciformis",NA,"MWC","N","20090615"
"2F","1st","","chloris.sp",NA,"MWC","N","20090615"
"2F","1st","","cynodon.dactylon",NA,"MWC","N","20090615"
"2F","1st","","cynodon.plectostachyus",NA,"MWC","N","20090615"
"2F","1st","","cyperus...mariscus.spp",NA,"MWC","N","20090615"
"2F","1st","","digitaria.2",NA,"MWC","N","20090615"
"2F","1st","","digitaria.milanjiana",NA,"MWC","N","20090615"
"2F","1st","","dinebra.retroflexa",NA,"MWC","N","20090615"
"2F","1st","","eragrostis.tenuifolia",NA,"MWC","N","20090615"
"2F","1st","","harpachne.schimperi",NA,"MWC","N","20090615"
"2F","1st","","microchloa.kunthii",NA,"MWC","N","20090615"
"2F","1st","","panicum.astrosanguinum",NA,"MWC","N","20090615"
"2F","1st","","setaria.acromelaena..small.",NA,"MWC","N","20090615"
"2F","1st","","setaria.sphaecealata..big.",NA,"MWC","N","20090615"
"2F","1st","","sporobolus.pyramidalis",NA,"MWC","N","20090615"
"2F","1st","","tragus.berteronianus",NA,"MWC","N","20090615"
"2F","1st","","x_3",NA,"MWC","N","20090615"
"2F","1st","","acalypha.crenata",NA,"MWC","N","20090615"
"2F","1st","","aerva.lanata",NA,"MWC","N","20090615"
"2F","1st","","amaranthus.hibridus",NA,"MWC","N","20090615"
"2F","1st","","aspilia.pluriseta",NA,"MWC","N","20090615"
"2F","1st","","asterolinon.adoense..v.",NA,"MWC","N","20090615"
"2F","1st","","caralluma.acutangula",NA,"MWC","N","20090615"
"2F","1st","","chenopodium.opulifolium",NA,"MWC","N","20090615"
"2F","1st","","chenopodium.schraderianum",NA,"MWC","N","20090615"
"2F","1st","","commelina.spp",NA,"MWC","N","20090615"
"2F","1st","","commicarpus.pedunculosus",NA,"MWC","N","20090615"
"2F","1st","","conyza.sp",NA,"MWC","N","20090615"
"2F","1st","","corchorus.sp",NA,"MWC","N","20090615"
"2F","1st","","crotelaria.sp",NA,"MWC","N","20090615"
"2F","1st","","cyathula.orthacantha",NA,"MWC","N","20090615"
"2F","1st","","dyscoriste.radicans",NA,"MWC","N","20090615"
"2F","1st","","euphorbia.inaequilatera",NA,"MWC","N","20090615"
"2F","1st","","evolvulus.alsinoides",NA,"MWC","N","20090615"
"2F","1st","","fern",NA,"MWC","N","20090615"
"2F","1st","","gutenbergia.sp",NA,"MWC","N","20090615"
"2F","1st","","hermannia.uhligii",NA,"MWC","N","20090615"
"2F","1st","","hibiscus.flavifolius",NA,"MWC","N","20090615"
"2F","1st","","hibiscus.trionum",NA,"MWC","N","20090615"
"2F","1st","","indigofera.brevicalyx",NA,"MWC","N","20090615"
"2F","1st","","indigofera.schimperi",NA,"MWC","N","20090615"
"2F","1st","","ipomea.sinensis",NA,"MWC","N","20090615"
"2F","1st","","justicia.dichipteroides",NA,"MWC","N","20090615"
"2F","1st","","k",NA,"MWC","N","20090615"
"2F","1st","","kyllinga.sp",NA,"MWC","N","20090615"
"2F","1st","","leucas.glabrata",NA,"MWC","N","20090615"
"2F","1st","","leucas.martiniscensis",NA,"MWC","N","20090615"
"2F","1st","","lily.a",NA,"MWC","N","20090615"
"2F","1st","","lily.b",NA,"MWC","N","20090615"
"2F","1st","","lippia.javanica",NA,"MWC","N","20090615"
"2F","1st","","melhania.spp.",NA,"MWC","N","20090615"
"2F","1st","","misopates.orontium",NA,"MWC","N","20090615"
"2F","1st","","mollugo.nudicaulis",NA,"MWC","N","20090615"
"2F","1st","","monechima.debile",NA,"MWC","N","20090615"
"2F","1st","","monsonia.augustifolia",NA,"MWC","N","20090615"
"2F","1st","","ocimum.sp",NA,"MWC","N","20090615"
"2F","1st","","osteospermum.vaillantii",NA,"MWC","N","20090615"
"2F","1st","","oxygonum.sinuatum",NA,"MWC","N","20090615"
"2F","1st","","pavonia.patens",NA,"MWC","N","20090615"
"2F","1st","","pelargonium.alchemilloides",NA,"MWC","N","20090615"
"2F","1st","","pentanisia.ouranogyne",NA,"MWC","N","20090615"
"2F","1st","","phyllanthus.maderaspatensis",NA,"MWC","N","20090615"
"2F","1st","","plectranthus.spp",NA,"MWC","N","20090615"
"2F","1st","","pollichia.campestris",NA,"MWC","N","20090615"
"2F","1st","","polygala..l.",NA,"MWC","N","20090615"
"2F","1st","","polygala.sphenoptera",NA,"MWC","N","20090615"
"2F","1st","","portulaca.oleracea",NA,"MWC","N","20090615"
"2F","1st","","portulaca.quadrifida",NA,"MWC","N","20090615"
"2F","1st","","pseudognaphalium..helichrysum.glumaceum.",NA,"MWC","N","20090615"
"2F","1st","","psilotrichum.schimperi",NA,"MWC","N","20090615"
"2F","1st","","rhinacanthus.ndorensis",NA,"MWC","N","20090615"
"2F","1st","","rhynchosia.holstii",NA,"MWC","N","20090615"
"2F","1st","","schkuhria.pinnata",NA,"MWC","N","20090615"
"2F","1st","","sida.2",NA,"MWC","N","20090615"
"2F","1st","","sida.cuneifolia",NA,"MWC","N","20090615"
"2F","1st","","solanum.incanum",NA,"MWC","N","20090615"
"2F","1st","","solanum.indicum",NA,"MWC","N","20090615"
"2F","1st","","tribulus.terrestris",NA,"MWC","N","20090615"
"2F","1st","","u",NA,"MWC","N","20090615"
"2F","1st","","w",NA,"MWC","N","20090615"
"2F","1st","","x_4",NA,"MWC","N","20090615"
"2F","1st","","x_5",NA,"MWC","N","20090615"
"2F","1st","","x_6",NA,"MWC","N","20090615"
"2F","1st","","x_7",NA,"MWC","N","20090615"
"2F","1st","","x_8",NA,"MWC","N","20090615"
"2F","All","Lvs","bracharia.lacnantha",6,"MWC","N","20090615"
"2F","All","Lvs","lintonia.nutans",NA,"MWC","N","20090615"
"2F","All","Lvs","pennisetum.mezianum",NA,"MWC","N","20090615"
"2F","All","Lvs","pennisetum.straminium",1,"MWC","N","20090615"
"2F","All","Lvs","themeda.triandra",NA,"MWC","N","20090615"
"2F","All","Lvs","bare",NA,"MWC","N","20090615"
"2F","All","Lvs","x_2",NA,"MWC","N","20090615"
"2F","All","Lvs","aristida.kenyensis",NA,"MWC","N","20090615"
"2F","All","Lvs","bothriochloa.insculpta",NA,"MWC","N","20090615"
"2F","All","Lvs","bracharia.3",NA,"MWC","N","20090615"
"2F","All","Lvs","bracharia.eruciformis",NA,"MWC","N","20090615"
"2F","All","Lvs","chloris.sp",NA,"MWC","N","20090615"
"2F","All","Lvs","cynodon.dactylon",NA,"MWC","N","20090615"
"2F","All","Lvs","cynodon.plectostachyus",NA,"MWC","N","20090615"
"2F","All","Lvs","cyperus...mariscus.spp",NA,"MWC","N","20090615"
"2F","All","Lvs","digitaria.2",NA,"MWC","N","20090615"
"2F","All","Lvs","digitaria.milanjiana",NA,"MWC","N","20090615"
"2F","All","Lvs","dinebra.retroflexa",NA,"MWC","N","20090615"
"2F","All","Lvs","eragrostis.tenuifolia",NA,"MWC","N","20090615"
"2F","All","Lvs","harpachne.schimperi",NA,"MWC","N","20090615"
"2F","All","Lvs","microchloa.kunthii",NA,"MWC","N","20090615"
"2F","All","Lvs","panicum.astrosanguinum",NA,"MWC","N","20090615"
"2F","All","Lvs","setaria.acromelaena..small.",NA,"MWC","N","20090615"
"2F","All","Lvs","setaria.sphaecealata..big.",NA,"MWC","N","20090615"
"2F","All","Lvs","sporobolus.pyramidalis",NA,"MWC","N","20090615"
"2F","All","Lvs","tragus.berteronianus",NA,"MWC","N","20090615"
"2F","All","Lvs","x_3",NA,"MWC","N","20090615"
"2F","All","Lvs","acalypha.crenata",NA,"MWC","N","20090615"
"2F","All","Lvs","aerva.lanata",NA,"MWC","N","20090615"
"2F","All","Lvs","amaranthus.hibridus",NA,"MWC","N","20090615"
"2F","All","Lvs","aspilia.pluriseta",NA,"MWC","N","20090615"
"2F","All","Lvs","asterolinon.adoense..v.",NA,"MWC","N","20090615"
"2F","All","Lvs","caralluma.acutangula",NA,"MWC","N","20090615"
"2F","All","Lvs","chenopodium.opulifolium",NA,"MWC","N","20090615"
"2F","All","Lvs","chenopodium.schraderianum",NA,"MWC","N","20090615"
"2F","All","Lvs","commelina.spp",NA,"MWC","N","20090615"
"2F","All","Lvs","commicarpus.pedunculosus",NA,"MWC","N","20090615"
"2F","All","Lvs","conyza.sp",NA,"MWC","N","20090615"
"2F","All","Lvs","corchorus.sp",NA,"MWC","N","20090615"
"2F","All","Lvs","crotelaria.sp",NA,"MWC","N","20090615"
"2F","All","Lvs","cyathula.orthacantha",NA,"MWC","N","20090615"
"2F","All","Lvs","dyscoriste.radicans",NA,"MWC","N","20090615"
"2F","All","Lvs","euphorbia.inaequilatera",NA,"MWC","N","20090615"
"2F","All","Lvs","evolvulus.alsinoides",NA,"MWC","N","20090615"
"2F","All","Lvs","fern",NA,"MWC","N","20090615"
"2F","All","Lvs","gutenbergia.sp",NA,"MWC","N","20090615"
"2F","All","Lvs","hermannia.uhligii",NA,"MWC","N","20090615"
"2F","All","Lvs","hibiscus.flavifolius",NA,"MWC","N","20090615"
"2F","All","Lvs","hibiscus.trionum",NA,"MWC","N","20090615"
"2F","All","Lvs","indigofera.brevicalyx",NA,"MWC","N","20090615"
"2F","All","Lvs","indigofera.schimperi",NA,"MWC","N","20090615"
"2F","All","Lvs","ipomea.sinensis",NA,"MWC","N","20090615"
"2F","All","Lvs","justicia.dichipteroides",NA,"MWC","N","20090615"
"2F","All","Lvs","k",NA,"MWC","N","20090615"
"2F","All","Lvs","kyllinga.sp",NA,"MWC","N","20090615"
"2F","All","Lvs","leucas.glabrata",NA,"MWC","N","20090615"
"2F","All","Lvs","leucas.martiniscensis",NA,"MWC","N","20090615"
"2F","All","Lvs","lily.a",NA,"MWC","N","20090615"
"2F","All","Lvs","lily.b",NA,"MWC","N","20090615"
"2F","All","Lvs","lippia.javanica",NA,"MWC","N","20090615"
"2F","All","Lvs","melhania.spp.",NA,"MWC","N","20090615"
"2F","All","Lvs","misopates.orontium",NA,"MWC","N","20090615"
"2F","All","Lvs","mollugo.nudicaulis",NA,"MWC","N","20090615"
"2F","All","Lvs","monechima.debile",NA,"MWC","N","20090615"
"2F","All","Lvs","monsonia.augustifolia",NA,"MWC","N","20090615"
"2F","All","Lvs","ocimum.sp",NA,"MWC","N","20090615"
"2F","All","Lvs","osteospermum.vaillantii",NA,"MWC","N","20090615"
"2F","All","Lvs","oxygonum.sinuatum",NA,"MWC","N","20090615"
"2F","All","Lvs","pavonia.patens",NA,"MWC","N","20090615"
"2F","All","Lvs","pelargonium.alchemilloides",NA,"MWC","N","20090615"
"2F","All","Lvs","pentanisia.ouranogyne",NA,"MWC","N","20090615"
"2F","All","Lvs","phyllanthus.maderaspatensis",NA,"MWC","N","20090615"
"2F","All","Lvs","plectranthus.spp",NA,"MWC","N","20090615"
"2F","All","Lvs","pollichia.campestris",NA,"MWC","N","20090615"
"2F","All","Lvs","polygala..l.",NA,"MWC","N","20090615"
"2F","All","Lvs","polygala.sphenoptera",NA,"MWC","N","20090615"
"2F","All","Lvs","portulaca.oleracea",NA,"MWC","N","20090615"
"2F","All","Lvs","portulaca.quadrifida",NA,"MWC","N","20090615"
"2F","All","Lvs","pseudognaphalium..helichrysum.glumaceum.",NA,"MWC","N","20090615"
"2F","All","Lvs","psilotrichum.schimperi",NA,"MWC","N","20090615"
"2F","All","Lvs","rhinacanthus.ndorensis",NA,"MWC","N","20090615"
"2F","All","Lvs","rhynchosia.holstii",NA,"MWC","N","20090615"
"2F","All","Lvs","schkuhria.pinnata",NA,"MWC","N","20090615"
"2F","All","Lvs","sida.2",NA,"MWC","N","20090615"
"2F","All","Lvs","sida.cuneifolia",NA,"MWC","N","20090615"
"2F","All","Lvs","solanum.incanum",NA,"MWC","N","20090615"
"2F","All","Lvs","solanum.indicum",NA,"MWC","N","20090615"
"2F","All","Lvs","tribulus.terrestris",NA,"MWC","N","20090615"
"2F","All","Lvs","u",NA,"MWC","N","20090615"
"2F","All","Lvs","w",NA,"MWC","N","20090615"
"2F","All","Lvs","x_4",NA,"MWC","N","20090615"
"2F","All","Lvs","x_5",NA,"MWC","N","20090615"
"2F","All","Lvs","x_6",NA,"MWC","N","20090615"
"2F","All","Lvs","x_7",NA,"MWC","N","20090615"
"2F","All","Lvs","x_8",NA,"MWC","N","20090615"
"2F","All","Stm","bracharia.lacnantha",2,"MWC","N","20090615"
"2F","All","Stm","lintonia.nutans",NA,"MWC","N","20090615"
"2F","All","Stm","pennisetum.mezianum",NA,"MWC","N","20090615"
"2F","All","Stm","pennisetum.straminium",3,"MWC","N","20090615"
"2F","All","Stm","themeda.triandra",NA,"MWC","N","20090615"
"2F","All","Stm","bare",NA,"MWC","N","20090615"
"2F","All","Stm","x_2",NA,"MWC","N","20090615"
"2F","All","Stm","aristida.kenyensis",NA,"MWC","N","20090615"
"2F","All","Stm","bothriochloa.insculpta",NA,"MWC","N","20090615"
"2F","All","Stm","bracharia.3",NA,"MWC","N","20090615"
"2F","All","Stm","bracharia.eruciformis",NA,"MWC","N","20090615"
"2F","All","Stm","chloris.sp",NA,"MWC","N","20090615"
"2F","All","Stm","cynodon.dactylon",NA,"MWC","N","20090615"
"2F","All","Stm","cynodon.plectostachyus",NA,"MWC","N","20090615"
"2F","All","Stm","cyperus...mariscus.spp",NA,"MWC","N","20090615"
"2F","All","Stm","digitaria.2",NA,"MWC","N","20090615"
"2F","All","Stm","digitaria.milanjiana",NA,"MWC","N","20090615"
"2F","All","Stm","dinebra.retroflexa",NA,"MWC","N","20090615"
"2F","All","Stm","eragrostis.tenuifolia",NA,"MWC","N","20090615"
"2F","All","Stm","harpachne.schimperi",NA,"MWC","N","20090615"
"2F","All","Stm","microchloa.kunthii",NA,"MWC","N","20090615"
"2F","All","Stm","panicum.astrosanguinum",NA,"MWC","N","20090615"
"2F","All","Stm","setaria.acromelaena..small.",NA,"MWC","N","20090615"
"2F","All","Stm","setaria.sphaecealata..big.",NA,"MWC","N","20090615"
"2F","All","Stm","sporobolus.pyramidalis",NA,"MWC","N","20090615"
"2F","All","Stm","tragus.berteronianus",NA,"MWC","N","20090615"
"2F","All","Stm","x_3",NA,"MWC","N","20090615"
"2F","All","Stm","acalypha.crenata",NA,"MWC","N","20090615"
"2F","All","Stm","aerva.lanata",NA,"MWC","N","20090615"
"2F","All","Stm","amaranthus.hibridus",NA,"MWC","N","20090615"
"2F","All","Stm","aspilia.pluriseta",NA,"MWC","N","20090615"
"2F","All","Stm","asterolinon.adoense..v.",NA,"MWC","N","20090615"
"2F","All","Stm","caralluma.acutangula",NA,"MWC","N","20090615"
"2F","All","Stm","chenopodium.opulifolium",NA,"MWC","N","20090615"
"2F","All","Stm","chenopodium.schraderianum",NA,"MWC","N","20090615"
"2F","All","Stm","commelina.spp",NA,"MWC","N","20090615"
"2F","All","Stm","commicarpus.pedunculosus",NA,"MWC","N","20090615"
"2F","All","Stm","conyza.sp",NA,"MWC","N","20090615"
"2F","All","Stm","corchorus.sp",NA,"MWC","N","20090615"
"2F","All","Stm","crotelaria.sp",NA,"MWC","N","20090615"
"2F","All","Stm","cyathula.orthacantha",NA,"MWC","N","20090615"
"2F","All","Stm","dyscoriste.radicans",NA,"MWC","N","20090615"
"2F","All","Stm","euphorbia.inaequilatera",NA,"MWC","N","20090615"
"2F","All","Stm","evolvulus.alsinoides",NA,"MWC","N","20090615"
"2F","All","Stm","fern",NA,"MWC","N","20090615"
"2F","All","Stm","gutenbergia.sp",NA,"MWC","N","20090615"
"2F","All","Stm","hermannia.uhligii",NA,"MWC","N","20090615"
"2F","All","Stm","hibiscus.flavifolius",NA,"MWC","N","20090615"
"2F","All","Stm","hibiscus.trionum",NA,"MWC","N","20090615"
"2F","All","Stm","indigofera.brevicalyx",NA,"MWC","N","20090615"
"2F","All","Stm","indigofera.schimperi",NA,"MWC","N","20090615"
"2F","All","Stm","ipomea.sinensis",NA,"MWC","N","20090615"
"2F","All","Stm","justicia.dichipteroides",NA,"MWC","N","20090615"
"2F","All","Stm","k",NA,"MWC","N","20090615"
"2F","All","Stm","kyllinga.sp",NA,"MWC","N","20090615"
"2F","All","Stm","leucas.glabrata",NA,"MWC","N","20090615"
"2F","All","Stm","leucas.martiniscensis",NA,"MWC","N","20090615"
"2F","All","Stm","lily.a",NA,"MWC","N","20090615"
"2F","All","Stm","lily.b",NA,"MWC","N","20090615"
"2F","All","Stm","lippia.javanica",NA,"MWC","N","20090615"
"2F","All","Stm","melhania.spp.",NA,"MWC","N","20090615"
"2F","All","Stm","misopates.orontium",NA,"MWC","N","20090615"
"2F","All","Stm","mollugo.nudicaulis",NA,"MWC","N","20090615"
"2F","All","Stm","monechima.debile",NA,"MWC","N","20090615"
"2F","All","Stm","monsonia.augustifolia",NA,"MWC","N","20090615"
"2F","All","Stm","ocimum.sp",NA,"MWC","N","20090615"
"2F","All","Stm","osteospermum.vaillantii",NA,"MWC","N","20090615"
"2F","All","Stm","oxygonum.sinuatum",NA,"MWC","N","20090615"
"2F","All","Stm","pavonia.patens",NA,"MWC","N","20090615"
"2F","All","Stm","pelargonium.alchemilloides",NA,"MWC","N","20090615"
"2F","All","Stm","pentanisia.ouranogyne",NA,"MWC","N","20090615"
"2F","All","Stm","phyllanthus.maderaspatensis",NA,"MWC","N","20090615"
"2F","All","Stm","plectranthus.spp",NA,"MWC","N","20090615"
"2F","All","Stm","pollichia.campestris",NA,"MWC","N","20090615"
"2F","All","Stm","polygala..l.",NA,"MWC","N","20090615"
"2F","All","Stm","polygala.sphenoptera",NA,"MWC","N","20090615"
"2F","All","Stm","portulaca.oleracea",NA,"MWC","N","20090615"
"2F","All","Stm","portulaca.quadrifida",NA,"MWC","N","20090615"
"2F","All","Stm","pseudognaphalium..helichrysum.glumaceum.",NA,"MWC","N","20090615"
"2F","All","Stm","psilotrichum.schimperi",NA,"MWC","N","20090615"
"2F","All","Stm","rhinacanthus.ndorensis",NA,"MWC","N","20090615"
"2F","All","Stm","rhynchosia.holstii",NA,"MWC","N","20090615"
"2F","All","Stm","schkuhria.pinnata",NA,"MWC","N","20090615"
"2F","All","Stm","sida.2",NA,"MWC","N","20090615"
"2F","All","Stm","sida.cuneifolia",NA,"MWC","N","20090615"
"2F","All","Stm","solanum.incanum",NA,"MWC","N","20090615"
"2F","All","Stm","solanum.indicum",NA,"MWC","N","20090615"
"2F","All","Stm","tribulus.terrestris",NA,"MWC","N","20090615"
"2F","All","Stm","u",NA,"MWC","N","20090615"
"2F","All","Stm","w",NA,"MWC","N","20090615"
"2F","All","Stm","x_4",NA,"MWC","N","20090615"
"2F","All","Stm","x_5",NA,"MWC","N","20090615"
"2F","All","Stm","x_6",NA,"MWC","N","20090615"
"2F","All","Stm","x_7",NA,"MWC","N","20090615"
"2F","All","Stm","x_8",NA,"MWC","N","20090615"
"2D","1st","","bracharia.lacnantha",6,"MWC","N","20090615"
"2D","1st","","lintonia.nutans",NA,"MWC","N","20090615"
"2D","1st","","pennisetum.mezianum",NA,"MWC","N","20090615"
"2D","1st","","pennisetum.straminium",3,"MWC","N","20090615"
"2D","1st","","themeda.triandra",NA,"MWC","N","20090615"
"2D","1st","","bare",1,"MWC","N","20090615"
"2D","1st","","x_2",NA,"MWC","N","20090615"
"2D","1st","","aristida.kenyensis",NA,"MWC","N","20090615"
"2D","1st","","bothriochloa.insculpta",NA,"MWC","N","20090615"
"2D","1st","","bracharia.3",NA,"MWC","N","20090615"
"2D","1st","","bracharia.eruciformis",NA,"MWC","N","20090615"
"2D","1st","","chloris.sp",NA,"MWC","N","20090615"
"2D","1st","","cynodon.dactylon",NA,"MWC","N","20090615"
"2D","1st","","cynodon.plectostachyus",NA,"MWC","N","20090615"
"2D","1st","","cyperus...mariscus.spp",NA,"MWC","N","20090615"
"2D","1st","","digitaria.2",NA,"MWC","N","20090615"
"2D","1st","","digitaria.milanjiana",NA,"MWC","N","20090615"
"2D","1st","","dinebra.retroflexa",NA,"MWC","N","20090615"
"2D","1st","","eragrostis.tenuifolia",NA,"MWC","N","20090615"
"2D","1st","","harpachne.schimperi",NA,"MWC","N","20090615"
"2D","1st","","microchloa.kunthii",NA,"MWC","N","20090615"
"2D","1st","","panicum.astrosanguinum",NA,"MWC","N","20090615"
"2D","1st","","setaria.acromelaena..small.",NA,"MWC","N","20090615"
"2D","1st","","setaria.sphaecealata..big.",NA,"MWC","N","20090615"
"2D","1st","","sporobolus.pyramidalis",NA,"MWC","N","20090615"
"2D","1st","","tragus.berteronianus",NA,"MWC","N","20090615"
"2D","1st","","x_3",NA,"MWC","N","20090615"
"2D","1st","","acalypha.crenata",NA,"MWC","N","20090615"
"2D","1st","","aerva.lanata",NA,"MWC","N","20090615"
"2D","1st","","amaranthus.hibridus",NA,"MWC","N","20090615"
"2D","1st","","aspilia.pluriseta",NA,"MWC","N","20090615"
"2D","1st","","asterolinon.adoense..v.",NA,"MWC","N","20090615"
"2D","1st","","caralluma.acutangula",NA,"MWC","N","20090615"
"2D","1st","","chenopodium.opulifolium",NA,"MWC","N","20090615"
"2D","1st","","chenopodium.schraderianum",NA,"MWC","N","20090615"
"2D","1st","","commelina.spp",NA,"MWC","N","20090615"
"2D","1st","","commicarpus.pedunculosus",NA,"MWC","N","20090615"
"2D","1st","","conyza.sp",NA,"MWC","N","20090615"
"2D","1st","","corchorus.sp",NA,"MWC","N","20090615"
"2D","1st","","crotelaria.sp",NA,"MWC","N","20090615"
"2D","1st","","cyathula.orthacantha",NA,"MWC","N","20090615"
"2D","1st","","dyscoriste.radicans",NA,"MWC","N","20090615"
"2D","1st","","euphorbia.inaequilatera",NA,"MWC","N","20090615"
"2D","1st","","evolvulus.alsinoides",NA,"MWC","N","20090615"
"2D","1st","","fern",NA,"MWC","N","20090615"
"2D","1st","","gutenbergia.sp",NA,"MWC","N","20090615"
"2D","1st","","hermannia.uhligii",NA,"MWC","N","20090615"
"2D","1st","","hibiscus.flavifolius",NA,"MWC","N","20090615"
"2D","1st","","hibiscus.trionum",NA,"MWC","N","20090615"
"2D","1st","","indigofera.brevicalyx",NA,"MWC","N","20090615"
"2D","1st","","indigofera.schimperi",NA,"MWC","N","20090615"
"2D","1st","","ipomea.sinensis",NA,"MWC","N","20090615"
"2D","1st","","justicia.dichipteroides",NA,"MWC","N","20090615"
"2D","1st","","k",NA,"MWC","N","20090615"
"2D","1st","","kyllinga.sp",NA,"MWC","N","20090615"
"2D","1st","","leucas.glabrata",NA,"MWC","N","20090615"
"2D","1st","","leucas.martiniscensis",NA,"MWC","N","20090615"
"2D","1st","","lily.a",NA,"MWC","N","20090615"
"2D","1st","","lily.b",NA,"MWC","N","20090615"
"2D","1st","","lippia.javanica",NA,"MWC","N","20090615"
"2D","1st","","melhania.spp.",NA,"MWC","N","20090615"
"2D","1st","","misopates.orontium",NA,"MWC","N","20090615"
"2D","1st","","mollugo.nudicaulis",NA,"MWC","N","20090615"
"2D","1st","","monechima.debile",NA,"MWC","N","20090615"
"2D","1st","","monsonia.augustifolia",NA,"MWC","N","20090615"
"2D","1st","","ocimum.sp",NA,"MWC","N","20090615"
"2D","1st","","osteospermum.vaillantii",NA,"MWC","N","20090615"
"2D","1st","","oxygonum.sinuatum",NA,"MWC","N","20090615"
"2D","1st","","pavonia.patens",NA,"MWC","N","20090615"
"2D","1st","","pelargonium.alchemilloides",NA,"MWC","N","20090615"
"2D","1st","","pentanisia.ouranogyne",NA,"MWC","N","20090615"
"2D","1st","","phyllanthus.maderaspatensis",NA,"MWC","N","20090615"
"2D","1st","","plectranthus.spp",NA,"MWC","N","20090615"
"2D","1st","","pollichia.campestris",NA,"MWC","N","20090615"
"2D","1st","","polygala..l.",NA,"MWC","N","20090615"
"2D","1st","","polygala.sphenoptera",NA,"MWC","N","20090615"
"2D","1st","","portulaca.oleracea",NA,"MWC","N","20090615"
"2D","1st","","portulaca.quadrifida",NA,"MWC","N","20090615"
"2D","1st","","pseudognaphalium..helichrysum.glumaceum.",2,"MWC","N","20090615"
"2D","1st","","psilotrichum.schimperi",NA,"MWC","N","20090615"
"2D","1st","","rhinacanthus.ndorensis",NA,"MWC","N","20090615"
"2D","1st","","rhynchosia.holstii",NA,"MWC","N","20090615"
"2D","1st","","schkuhria.pinnata",NA,"MWC","N","20090615"
"2D","1st","","sida.2",NA,"MWC","N","20090615"
"2D","1st","","sida.cuneifolia",NA,"MWC","N","20090615"
"2D","1st","","solanum.incanum",NA,"MWC","N","20090615"
"2D","1st","","solanum.indicum",NA,"MWC","N","20090615"
"2D","1st","","tribulus.terrestris",NA,"MWC","N","20090615"
"2D","1st","","u",NA,"MWC","N","20090615"
"2D","1st","","w",NA,"MWC","N","20090615"
"2D","1st","","x_4",NA,"MWC","N","20090615"
"2D","1st","","x_5",NA,"MWC","N","20090615"
"2D","1st","","x_6",NA,"MWC","N","20090615"
"2D","1st","","x_7",NA,"MWC","N","20090615"
"2D","1st","","x_8",NA,"MWC","N","20090615"
"2D","All","Lvs","bracharia.lacnantha",12,"MWC","N","20090615"
"2D","All","Lvs","lintonia.nutans",NA,"MWC","N","20090615"
"2D","All","Lvs","pennisetum.mezianum",NA,"MWC","N","20090615"
"2D","All","Lvs","pennisetum.straminium",3,"MWC","N","20090615"
"2D","All","Lvs","themeda.triandra",NA,"MWC","N","20090615"
"2D","All","Lvs","bare",NA,"MWC","N","20090615"
"2D","All","Lvs","x_2",NA,"MWC","N","20090615"
"2D","All","Lvs","aristida.kenyensis",NA,"MWC","N","20090615"
"2D","All","Lvs","bothriochloa.insculpta",NA,"MWC","N","20090615"
"2D","All","Lvs","bracharia.3",NA,"MWC","N","20090615"
"2D","All","Lvs","bracharia.eruciformis",NA,"MWC","N","20090615"
"2D","All","Lvs","chloris.sp",NA,"MWC","N","20090615"
"2D","All","Lvs","cynodon.dactylon",NA,"MWC","N","20090615"
"2D","All","Lvs","cynodon.plectostachyus",NA,"MWC","N","20090615"
"2D","All","Lvs","cyperus...mariscus.spp",NA,"MWC","N","20090615"
"2D","All","Lvs","digitaria.2",NA,"MWC","N","20090615"
"2D","All","Lvs","digitaria.milanjiana",NA,"MWC","N","20090615"
"2D","All","Lvs","dinebra.retroflexa",NA,"MWC","N","20090615"
"2D","All","Lvs","eragrostis.tenuifolia",NA,"MWC","N","20090615"
"2D","All","Lvs","harpachne.schimperi",NA,"MWC","N","20090615"
"2D","All","Lvs","microchloa.kunthii",NA,"MWC","N","20090615"
"2D","All","Lvs","panicum.astrosanguinum",NA,"MWC","N","20090615"
"2D","All","Lvs","setaria.acromelaena..small.",NA,"MWC","N","20090615"
"2D","All","Lvs","setaria.sphaecealata..big.",NA,"MWC","N","20090615"
"2D","All","Lvs","sporobolus.pyramidalis",NA,"MWC","N","20090615"
"2D","All","Lvs","tragus.berteronianus",NA,"MWC","N","20090615"
"2D","All","Lvs","x_3",NA,"MWC","N","20090615"
"2D","All","Lvs","acalypha.crenata",NA,"MWC","N","20090615"
"2D","All","Lvs","aerva.lanata",NA,"MWC","N","20090615"
"2D","All","Lvs","amaranthus.hibridus",NA,"MWC","N","20090615"
"2D","All","Lvs","aspilia.pluriseta",NA,"MWC","N","20090615"
"2D","All","Lvs","asterolinon.adoense..v.",NA,"MWC","N","20090615"
"2D","All","Lvs","caralluma.acutangula",NA,"MWC","N","20090615"
"2D","All","Lvs","chenopodium.opulifolium",NA,"MWC","N","20090615"
"2D","All","Lvs","chenopodium.schraderianum",NA,"MWC","N","20090615"
"2D","All","Lvs","commelina.spp",NA,"MWC","N","20090615"
"2D","All","Lvs","commicarpus.pedunculosus",NA,"MWC","N","20090615"
"2D","All","Lvs","conyza.sp",NA,"MWC","N","20090615"
"2D","All","Lvs","corchorus.sp",NA,"MWC","N","20090615"
"2D","All","Lvs","crotelaria.sp",NA,"MWC","N","20090615"
"2D","All","Lvs","cyathula.orthacantha",NA,"MWC","N","20090615"
"2D","All","Lvs","dyscoriste.radicans",NA,"MWC","N","20090615"
"2D","All","Lvs","euphorbia.inaequilatera",NA,"MWC","N","20090615"
"2D","All","Lvs","evolvulus.alsinoides",NA,"MWC","N","20090615"
"2D","All","Lvs","fern",NA,"MWC","N","20090615"
"2D","All","Lvs","gutenbergia.sp",NA,"MWC","N","20090615"
"2D","All","Lvs","hermannia.uhligii",NA,"MWC","N","20090615"
"2D","All","Lvs","hibiscus.flavifolius",NA,"MWC","N","20090615"
"2D","All","Lvs","hibiscus.trionum",NA,"MWC","N","20090615"
"2D","All","Lvs","indigofera.brevicalyx",NA,"MWC","N","20090615"
"2D","All","Lvs","indigofera.schimperi",NA,"MWC","N","20090615"
"2D","All","Lvs","ipomea.sinensis",NA,"MWC","N","20090615"
"2D","All","Lvs","justicia.dichipteroides",NA,"MWC","N","20090615"
"2D","All","Lvs","k",NA,"MWC","N","20090615"
"2D","All","Lvs","kyllinga.sp",NA,"MWC","N","20090615"
"2D","All","Lvs","leucas.glabrata",NA,"MWC","N","20090615"
"2D","All","Lvs","leucas.martiniscensis",NA,"MWC","N","20090615"
"2D","All","Lvs","lily.a",NA,"MWC","N","20090615"
"2D","All","Lvs","lily.b",NA,"MWC","N","20090615"
"2D","All","Lvs","lippia.javanica",NA,"MWC","N","20090615"
"2D","All","Lvs","melhania.spp.",NA,"MWC","N","20090615"
"2D","All","Lvs","misopates.orontium",NA,"MWC","N","20090615"
"2D","All","Lvs","mollugo.nudicaulis",NA,"MWC","N","20090615"
"2D","All","Lvs","monechima.debile",NA,"MWC","N","20090615"
"2D","All","Lvs","monsonia.augustifolia",NA,"MWC","N","20090615"
"2D","All","Lvs","ocimum.sp",NA,"MWC","N","20090615"
"2D","All","Lvs","osteospermum.vaillantii",NA,"MWC","N","20090615"
"2D","All","Lvs","oxygonum.sinuatum",NA,"MWC","N","20090615"
"2D","All","Lvs","pavonia.patens",NA,"MWC","N","20090615"
"2D","All","Lvs","pelargonium.alchemilloides",NA,"MWC","N","20090615"
"2D","All","Lvs","pentanisia.ouranogyne",NA,"MWC","N","20090615"
"2D","All","Lvs","phyllanthus.maderaspatensis",NA,"MWC","N","20090615"
"2D","All","Lvs","plectranthus.spp",NA,"MWC","N","20090615"
"2D","All","Lvs","pollichia.campestris",NA,"MWC","N","20090615"
"2D","All","Lvs","polygala..l.",NA,"MWC","N","20090615"
"2D","All","Lvs","polygala.sphenoptera",NA,"MWC","N","20090615"
"2D","All","Lvs","portulaca.oleracea",NA,"MWC","N","20090615"
"2D","All","Lvs","portulaca.quadrifida",NA,"MWC","N","20090615"
"2D","All","Lvs","pseudognaphalium..helichrysum.glumaceum.",4,"MWC","N","20090615"
"2D","All","Lvs","psilotrichum.schimperi",NA,"MWC","N","20090615"
"2D","All","Lvs","rhinacanthus.ndorensis",NA,"MWC","N","20090615"
"2D","All","Lvs","rhynchosia.holstii",NA,"MWC","N","20090615"
"2D","All","Lvs","schkuhria.pinnata",NA,"MWC","N","20090615"
"2D","All","Lvs","sida.2",NA,"MWC","N","20090615"
"2D","All","Lvs","sida.cuneifolia",NA,"MWC","N","20090615"
"2D","All","Lvs","solanum.incanum",NA,"MWC","N","20090615"
"2D","All","Lvs","solanum.indicum",NA,"MWC","N","20090615"
"2D","All","Lvs","tribulus.terrestris",NA,"MWC","N","20090615"
"2D","All","Lvs","u",NA,"MWC","N","20090615"
"2D","All","Lvs","w",NA,"MWC","N","20090615"
"2D","All","Lvs","x_4",NA,"MWC","N","20090615"
"2D","All","Lvs","x_5",NA,"MWC","N","20090615"
"2D","All","Lvs","x_6",NA,"MWC","N","20090615"
"2D","All","Lvs","x_7",NA,"MWC","N","20090615"
"2D","All","Lvs","x_8",NA,"MWC","N","20090615"
"2D","All","Stm","bracharia.lacnantha",NA,"MWC","N","20090615"
"2D","All","Stm","lintonia.nutans",NA,"MWC","N","20090615"
"2D","All","Stm","pennisetum.mezianum",NA,"MWC","N","20090615"
"2D","All","Stm","pennisetum.straminium",5,"MWC","N","20090615"
"2D","All","Stm","themeda.triandra",NA,"MWC","N","20090615"
"2D","All","Stm","bare",NA,"MWC","N","20090615"
"2D","All","Stm","x_2",NA,"MWC","N","20090615"
"2D","All","Stm","aristida.kenyensis",NA,"MWC","N","20090615"
"2D","All","Stm","bothriochloa.insculpta",NA,"MWC","N","20090615"
"2D","All","Stm","bracharia.3",NA,"MWC","N","20090615"
"2D","All","Stm","bracharia.eruciformis",NA,"MWC","N","20090615"
"2D","All","Stm","chloris.sp",NA,"MWC","N","20090615"
"2D","All","Stm","cynodon.dactylon",NA,"MWC","N","20090615"
"2D","All","Stm","cynodon.plectostachyus",NA,"MWC","N","20090615"
"2D","All","Stm","cyperus...mariscus.spp",NA,"MWC","N","20090615"
"2D","All","Stm","digitaria.2",NA,"MWC","N","20090615"
"2D","All","Stm","digitaria.milanjiana",NA,"MWC","N","20090615"
"2D","All","Stm","dinebra.retroflexa",NA,"MWC","N","20090615"
"2D","All","Stm","eragrostis.tenuifolia",NA,"MWC","N","20090615"
"2D","All","Stm","harpachne.schimperi",NA,"MWC","N","20090615"
"2D","All","Stm","microchloa.kunthii",NA,"MWC","N","20090615"
"2D","All","Stm","panicum.astrosanguinum",NA,"MWC","N","20090615"
"2D","All","Stm","setaria.acromelaena..small.",NA,"MWC","N","20090615"
"2D","All","Stm","setaria.sphaecealata..big.",NA,"MWC","N","20090615"
"2D","All","Stm","sporobolus.pyramidalis",NA,"MWC","N","20090615"
"2D","All","Stm","tragus.berteronianus",NA,"MWC","N","20090615"
"2D","All","Stm","x_3",NA,"MWC","N","20090615"
"2D","All","Stm","acalypha.crenata",NA,"MWC","N","20090615"
"2D","All","Stm","aerva.lanata",NA,"MWC","N","20090615"
"2D","All","Stm","amaranthus.hibridus",NA,"MWC","N","20090615"
"2D","All","Stm","aspilia.pluriseta",NA,"MWC","N","20090615"
"2D","All","Stm","asterolinon.adoense..v.",NA,"MWC","N","20090615"
"2D","All","Stm","caralluma.acutangula",NA,"MWC","N","20090615"
"2D","All","Stm","chenopodium.opulifolium",NA,"MWC","N","20090615"
"2D","All","Stm","chenopodium.schraderianum",NA,"MWC","N","20090615"
"2D","All","Stm","commelina.spp",NA,"MWC","N","20090615"
"2D","All","Stm","commicarpus.pedunculosus",NA,"MWC","N","20090615"
"2D","All","Stm","conyza.sp",NA,"MWC","N","20090615"
"2D","All","Stm","corchorus.sp",NA,"MWC","N","20090615"
"2D","All","Stm","crotelaria.sp",NA,"MWC","N","20090615"
"2D","All","Stm","cyathula.orthacantha",NA,"MWC","N","20090615"
"2D","All","Stm","dyscoriste.radicans",NA,"MWC","N","20090615"
"2D","All","Stm","euphorbia.inaequilatera",NA,"MWC","N","20090615"
"2D","All","Stm","evolvulus.alsinoides",NA,"MWC","N","20090615"
"2D","All","Stm","fern",NA,"MWC","N","20090615"
"2D","All","Stm","gutenbergia.sp",NA,"MWC","N","20090615"
"2D","All","Stm","hermannia.uhligii",NA,"MWC","N","20090615"
"2D","All","Stm","hibiscus.flavifolius",NA,"MWC","N","20090615"
"2D","All","Stm","hibiscus.trionum",NA,"MWC","N","20090615"
"2D","All","Stm","indigofera.brevicalyx",NA,"MWC","N","20090615"
"2D","All","Stm","indigofera.schimperi",NA,"MWC","N","20090615"
"2D","All","Stm","ipomea.sinensis",NA,"MWC","N","20090615"
"2D","All","Stm","justicia.dichipteroides",NA,"MWC","N","20090615"
"2D","All","Stm","k",NA,"MWC","N","20090615"
"2D","All","Stm","kyllinga.sp",NA,"MWC","N","20090615"
"2D","All","Stm","leucas.glabrata",NA,"MWC","N","20090615"
"2D","All","Stm","leucas.martiniscensis",NA,"MWC","N","20090615"
"2D","All","Stm","lily.a",NA,"MWC","N","20090615"
"2D","All","Stm","lily.b",NA,"MWC","N","20090615"
"2D","All","Stm","lippia.javanica",NA,"MWC","N","20090615"
"2D","All","Stm","melhania.spp.",NA,"MWC","N","20090615"
"2D","All","Stm","misopates.orontium",NA,"MWC","N","20090615"
"2D","All","Stm","mollugo.nudicaulis",NA,"MWC","N","20090615"
"2D","All","Stm","monechima.debile",NA,"MWC","N","20090615"
"2D","All","Stm","monsonia.augustifolia",NA,"MWC","N","20090615"
"2D","All","Stm","ocimum.sp",NA,"MWC","N","20090615"
"2D","All","Stm","osteospermum.vaillantii",NA,"MWC","N","20090615"
"2D","All","Stm","oxygonum.sinuatum",NA,"MWC","N","20090615"
"2D","All","Stm","pavonia.patens",NA,"MWC","N","20090615"
"2D","All","Stm","pelargonium.alchemilloides",NA,"MWC","N","20090615"
"2D","All","Stm","pentanisia.ouranogyne",NA,"MWC","N","20090615"
"2D","All","Stm","phyllanthus.maderaspatensis",NA,"MWC","N","20090615"
"2D","All","Stm","plectranthus.spp",NA,"MWC","N","20090615"
"2D","All","Stm","pollichia.campestris",NA,"MWC","N","20090615"
"2D","All","Stm","polygala..l.",NA,"MWC","N","20090615"
"2D","All","Stm","polygala.sphenoptera",NA,"MWC","N","20090615"
"2D","All","Stm","portulaca.oleracea",NA,"MWC","N","20090615"
"2D","All","Stm","portulaca.quadrifida",NA,"MWC","N","20090615"
"2D","All","Stm","pseudognaphalium..helichrysum.glumaceum.",1,"MWC","N","20090615"
"2D","All","Stm","psilotrichum.schimperi",NA,"MWC","N","20090615"
"2D","All","Stm","rhinacanthus.ndorensis",NA,"MWC","N","20090615"
"2D","All","Stm","rhynchosia.holstii",NA,"MWC","N","20090615"
"2D","All","Stm","schkuhria.pinnata",NA,"MWC","N","20090615"
"2D","All","Stm","sida.2",NA,"MWC","N","20090615"
"2D","All","Stm","sida.cuneifolia",NA,"MWC","N","20090615"
"2D","All","Stm","solanum.incanum",NA,"MWC","N","20090615"
"2D","All","Stm","solanum.indicum",NA,"MWC","N","20090615"
"2D","All","Stm","tribulus.terrestris",NA,"MWC","N","20090615"
"2D","All","Stm","u",NA,"MWC","N","20090615"
"2D","All","Stm","w",NA,"MWC","N","20090615"
"2D","All","Stm","x_4",NA,"MWC","N","20090615"
"2D","All","Stm","x_5",NA,"MWC","N","20090615"
"2D","All","Stm","x_6",NA,"MWC","N","20090615"
"2D","All","Stm","x_7",NA,"MWC","N","20090615"
"2D","All","Stm","x_8",NA,"MWC","N","20090615"
"2B","1st","","bracharia.lacnantha",NA,"MWC","N","20090615"
"2B","1st","","lintonia.nutans",NA,"MWC","N","20090615"
"2B","1st","","pennisetum.mezianum",NA,"MWC","N","20090615"
"2B","1st","","pennisetum.straminium",2,"MWC","N","20090615"
"2B","1st","","themeda.triandra",3,"MWC","N","20090615"
"2B","1st","","bare",5,"MWC","N","20090615"
"2B","1st","","x_2",NA,"MWC","N","20090615"
"2B","1st","","aristida.kenyensis",NA,"MWC","N","20090615"
"2B","1st","","bothriochloa.insculpta",NA,"MWC","N","20090615"
"2B","1st","","bracharia.3",NA,"MWC","N","20090615"
"2B","1st","","bracharia.eruciformis",NA,"MWC","N","20090615"
"2B","1st","","chloris.sp",NA,"MWC","N","20090615"
"2B","1st","","cynodon.dactylon",NA,"MWC","N","20090615"
"2B","1st","","cynodon.plectostachyus",NA,"MWC","N","20090615"
"2B","1st","","cyperus...mariscus.spp",NA,"MWC","N","20090615"
"2B","1st","","digitaria.2",NA,"MWC","N","20090615"
"2B","1st","","digitaria.milanjiana",NA,"MWC","N","20090615"
"2B","1st","","dinebra.retroflexa",NA,"MWC","N","20090615"
"2B","1st","","eragrostis.tenuifolia",NA,"MWC","N","20090615"
"2B","1st","","harpachne.schimperi",NA,"MWC","N","20090615"
"2B","1st","","microchloa.kunthii",NA,"MWC","N","20090615"
"2B","1st","","panicum.astrosanguinum",NA,"MWC","N","20090615"
"2B","1st","","setaria.acromelaena..small.",NA,"MWC","N","20090615"
"2B","1st","","setaria.sphaecealata..big.",NA,"MWC","N","20090615"
"2B","1st","","sporobolus.pyramidalis",NA,"MWC","N","20090615"
"2B","1st","","tragus.berteronianus",NA,"MWC","N","20090615"
"2B","1st","","x_3",NA,"MWC","N","20090615"
"2B","1st","","acalypha.crenata",NA,"MWC","N","20090615"
"2B","1st","","aerva.lanata",NA,"MWC","N","20090615"
"2B","1st","","amaranthus.hibridus",NA,"MWC","N","20090615"
"2B","1st","","aspilia.pluriseta",NA,"MWC","N","20090615"
"2B","1st","","asterolinon.adoense..v.",NA,"MWC","N","20090615"
"2B","1st","","caralluma.acutangula",NA,"MWC","N","20090615"
"2B","1st","","chenopodium.opulifolium",NA,"MWC","N","20090615"
"2B","1st","","chenopodium.schraderianum",NA,"MWC","N","20090615"
"2B","1st","","commelina.spp",NA,"MWC","N","20090615"
"2B","1st","","commicarpus.pedunculosus",NA,"MWC","N","20090615"
"2B","1st","","conyza.sp",NA,"MWC","N","20090615"
"2B","1st","","corchorus.sp",NA,"MWC","N","20090615"
"2B","1st","","crotelaria.sp",NA,"MWC","N","20090615"
"2B","1st","","cyathula.orthacantha",NA,"MWC","N","20090615"
"2B","1st","","dyscoriste.radicans",NA,"MWC","N","20090615"
"2B","1st","","euphorbia.inaequilatera",NA,"MWC","N","20090615"
"2B","1st","","evolvulus.alsinoides",NA,"MWC","N","20090615"
"2B","1st","","fern",NA,"MWC","N","20090615"
"2B","1st","","gutenbergia.sp",NA,"MWC","N","20090615"
"2B","1st","","hermannia.uhligii",NA,"MWC","N","20090615"
"2B","1st","","hibiscus.flavifolius",NA,"MWC","N","20090615"
"2B","1st","","hibiscus.trionum",NA,"MWC","N","20090615"
"2B","1st","","indigofera.brevicalyx",NA,"MWC","N","20090615"
"2B","1st","","indigofera.schimperi",NA,"MWC","N","20090615"
"2B","1st","","ipomea.sinensis",NA,"MWC","N","20090615"
"2B","1st","","justicia.dichipteroides",NA,"MWC","N","20090615"
"2B","1st","","k",NA,"MWC","N","20090615"
"2B","1st","","kyllinga.sp",NA,"MWC","N","20090615"
"2B","1st","","leucas.glabrata",NA,"MWC","N","20090615"
"2B","1st","","leucas.martiniscensis",NA,"MWC","N","20090615"
"2B","1st","","lily.a",NA,"MWC","N","20090615"
"2B","1st","","lily.b",NA,"MWC","N","20090615"
"2B","1st","","lippia.javanica",NA,"MWC","N","20090615"
"2B","1st","","melhania.spp.",NA,"MWC","N","20090615"
"2B","1st","","misopates.orontium",NA,"MWC","N","20090615"
"2B","1st","","mollugo.nudicaulis",NA,"MWC","N","20090615"
"2B","1st","","monechima.debile",NA,"MWC","N","20090615"
"2B","1st","","monsonia.augustifolia",NA,"MWC","N","20090615"
"2B","1st","","ocimum.sp",NA,"MWC","N","20090615"
"2B","1st","","osteospermum.vaillantii",NA,"MWC","N","20090615"
"2B","1st","","oxygonum.sinuatum",NA,"MWC","N","20090615"
"2B","1st","","pavonia.patens",NA,"MWC","N","20090615"
"2B","1st","","pelargonium.alchemilloides",NA,"MWC","N","20090615"
"2B","1st","","pentanisia.ouranogyne",NA,"MWC","N","20090615"
"2B","1st","","phyllanthus.maderaspatensis",NA,"MWC","N","20090615"
"2B","1st","","plectranthus.spp",NA,"MWC","N","20090615"
"2B","1st","","pollichia.campestris",NA,"MWC","N","20090615"
"2B","1st","","polygala..l.",NA,"MWC","N","20090615"
"2B","1st","","polygala.sphenoptera",NA,"MWC","N","20090615"
"2B","1st","","portulaca.oleracea",NA,"MWC","N","20090615"
"2B","1st","","portulaca.quadrifida",NA,"MWC","N","20090615"
"2B","1st","","pseudognaphalium..helichrysum.glumaceum.",NA,"MWC","N","20090615"
"2B","1st","","psilotrichum.schimperi",NA,"MWC","N","20090615"
"2B","1st","","rhinacanthus.ndorensis",NA,"MWC","N","20090615"
"2B","1st","","rhynchosia.holstii",NA,"MWC","N","20090615"
"2B","1st","","schkuhria.pinnata",NA,"MWC","N","20090615"
"2B","1st","","sida.2",NA,"MWC","N","20090615"
"2B","1st","","sida.cuneifolia",NA,"MWC","N","20090615"
"2B","1st","","solanum.incanum",NA,"MWC","N","20090615"
"2B","1st","","solanum.indicum",NA,"MWC","N","20090615"
"2B","1st","","tribulus.terrestris",NA,"MWC","N","20090615"
"2B","1st","","u",NA,"MWC","N","20090615"
"2B","1st","","w",NA,"MWC","N","20090615"
"2B","1st","","x_4",NA,"MWC","N","20090615"
"2B","1st","","x_5",NA,"MWC","N","20090615"
"2B","1st","","x_6",NA,"MWC","N","20090615"
"2B","1st","","x_7",NA,"MWC","N","20090615"
"2B","1st","","x_8",NA,"MWC","N","20090615"
"2B","All","Lvs","bracharia.lacnantha",NA,"MWC","N","20090615"
"2B","All","Lvs","lintonia.nutans",NA,"MWC","N","20090615"
"2B","All","Lvs","pennisetum.mezianum",NA,"MWC","N","20090615"
"2B","All","Lvs","pennisetum.straminium",NA,"MWC","N","20090615"
"2B","All","Lvs","themeda.triandra",NA,"MWC","N","20090615"
"2B","All","Lvs","bare",NA,"MWC","N","20090615"
"2B","All","Lvs","x_2",NA,"MWC","N","20090615"
"2B","All","Lvs","aristida.kenyensis",NA,"MWC","N","20090615"
"2B","All","Lvs","bothriochloa.insculpta",NA,"MWC","N","20090615"
"2B","All","Lvs","bracharia.3",NA,"MWC","N","20090615"
"2B","All","Lvs","bracharia.eruciformis",NA,"MWC","N","20090615"
"2B","All","Lvs","chloris.sp",NA,"MWC","N","20090615"
"2B","All","Lvs","cynodon.dactylon",NA,"MWC","N","20090615"
"2B","All","Lvs","cynodon.plectostachyus",NA,"MWC","N","20090615"
"2B","All","Lvs","cyperus...mariscus.spp",NA,"MWC","N","20090615"
"2B","All","Lvs","digitaria.2",NA,"MWC","N","20090615"
"2B","All","Lvs","digitaria.milanjiana",NA,"MWC","N","20090615"
"2B","All","Lvs","dinebra.retroflexa",NA,"MWC","N","20090615"
"2B","All","Lvs","eragrostis.tenuifolia",NA,"MWC","N","20090615"
"2B","All","Lvs","harpachne.schimperi",NA,"MWC","N","20090615"
"2B","All","Lvs","microchloa.kunthii",NA,"MWC","N","20090615"
"2B","All","Lvs","panicum.astrosanguinum",NA,"MWC","N","20090615"
"2B","All","Lvs","setaria.acromelaena..small.",NA,"MWC","N","20090615"
"2B","All","Lvs","setaria.sphaecealata..big.",NA,"MWC","N","20090615"
"2B","All","Lvs","sporobolus.pyramidalis",NA,"MWC","N","20090615"
"2B","All","Lvs","tragus.berteronianus",NA,"MWC","N","20090615"
"2B","All","Lvs","x_3",NA,"MWC","N","20090615"
"2B","All","Lvs","acalypha.crenata",NA,"MWC","N","20090615"
"2B","All","Lvs","aerva.lanata",NA,"MWC","N","20090615"
"2B","All","Lvs","amaranthus.hibridus",NA,"MWC","N","20090615"
"2B","All","Lvs","aspilia.pluriseta",NA,"MWC","N","20090615"
"2B","All","Lvs","asterolinon.adoense..v.",NA,"MWC","N","20090615"
"2B","All","Lvs","caralluma.acutangula",NA,"MWC","N","20090615"
"2B","All","Lvs","chenopodium.opulifolium",NA,"MWC","N","20090615"
"2B","All","Lvs","chenopodium.schraderianum",NA,"MWC","N","20090615"
"2B","All","Lvs","commelina.spp",NA,"MWC","N","20090615"
"2B","All","Lvs","commicarpus.pedunculosus",NA,"MWC","N","20090615"
"2B","All","Lvs","conyza.sp",NA,"MWC","N","20090615"
"2B","All","Lvs","corchorus.sp",NA,"MWC","N","20090615"
"2B","All","Lvs","crotelaria.sp",NA,"MWC","N","20090615"
"2B","All","Lvs","cyathula.orthacantha",NA,"MWC","N","20090615"
"2B","All","Lvs","dyscoriste.radicans",NA,"MWC","N","20090615"
"2B","All","Lvs","euphorbia.inaequilatera",NA,"MWC","N","20090615"
"2B","All","Lvs","evolvulus.alsinoides",NA,"MWC","N","20090615"
"2B","All","Lvs","fern",NA,"MWC","N","20090615"
"2B","All","Lvs","gutenbergia.sp",NA,"MWC","N","20090615"
"2B","All","Lvs","hermannia.uhligii",NA,"MWC","N","20090615"
"2B","All","Lvs","hibiscus.flavifolius",NA,"MWC","N","20090615"
"2B","All","Lvs","hibiscus.trionum",NA,"MWC","N","20090615"
"2B","All","Lvs","indigofera.brevicalyx",NA,"MWC","N","20090615"
"2B","All","Lvs","indigofera.schimperi",NA,"MWC","N","20090615"
"2B","All","Lvs","ipomea.sinensis",NA,"MWC","N","20090615"
"2B","All","Lvs","justicia.dichipteroides",NA,"MWC","N","20090615"
"2B","All","Lvs","k",NA,"MWC","N","20090615"
"2B","All","Lvs","kyllinga.sp",NA,"MWC","N","20090615"
"2B","All","Lvs","leucas.glabrata",NA,"MWC","N","20090615"
"2B","All","Lvs","leucas.martiniscensis",NA,"MWC","N","20090615"
"2B","All","Lvs","lily.a",NA,"MWC","N","20090615"
"2B","All","Lvs","lily.b",NA,"MWC","N","20090615"
"2B","All","Lvs","lippia.javanica",NA,"MWC","N","20090615"
"2B","All","Lvs","melhania.spp.",NA,"MWC","N","20090615"
"2B","All","Lvs","misopates.orontium",NA,"MWC","N","20090615"
"2B","All","Lvs","mollugo.nudicaulis",NA,"MWC","N","20090615"
"2B","All","Lvs","monechima.debile",NA,"MWC","N","20090615"
"2B","All","Lvs","monsonia.augustifolia",NA,"MWC","N","20090615"
"2B","All","Lvs","ocimum.sp",NA,"MWC","N","20090615"
"2B","All","Lvs","osteospermum.vaillantii",NA,"MWC","N","20090615"
"2B","All","Lvs","oxygonum.sinuatum",NA,"MWC","N","20090615"
"2B","All","Lvs","pavonia.patens",NA,"MWC","N","20090615"
"2B","All","Lvs","pelargonium.alchemilloides",NA,"MWC","N","20090615"
"2B","All","Lvs","pentanisia.ouranogyne",NA,"MWC","N","20090615"
"2B","All","Lvs","phyllanthus.maderaspatensis",NA,"MWC","N","20090615"
"2B","All","Lvs","plectranthus.spp",NA,"MWC","N","20090615"
"2B","All","Lvs","pollichia.campestris",NA,"MWC","N","20090615"
"2B","All","Lvs","polygala..l.",NA,"MWC","N","20090615"
"2B","All","Lvs","polygala.sphenoptera",NA,"MWC","N","20090615"
"2B","All","Lvs","portulaca.oleracea",NA,"MWC","N","20090615"
"2B","All","Lvs","portulaca.quadrifida",NA,"MWC","N","20090615"
"2B","All","Lvs","pseudognaphalium..helichrysum.glumaceum.",NA,"MWC","N","20090615"
"2B","All","Lvs","psilotrichum.schimperi",NA,"MWC","N","20090615"
"2B","All","Lvs","rhinacanthus.ndorensis",NA,"MWC","N","20090615"
"2B","All","Lvs","rhynchosia.holstii",NA,"MWC","N","20090615"
"2B","All","Lvs","schkuhria.pinnata",NA,"MWC","N","20090615"
"2B","All","Lvs","sida.2",NA,"MWC","N","20090615"
"2B","All","Lvs","sida.cuneifolia",NA,"MWC","N","20090615"
"2B","All","Lvs","solanum.incanum",NA,"MWC","N","20090615"
"2B","All","Lvs","solanum.indicum",NA,"MWC","N","20090615"
"2B","All","Lvs","tribulus.terrestris",NA,"MWC","N","20090615"
"2B","All","Lvs","u",NA,"MWC","N","20090615"
"2B","All","Lvs","w",NA,"MWC","N","20090615"
"2B","All","Lvs","x_4",NA,"MWC","N","20090615"
"2B","All","Lvs","x_5",NA,"MWC","N","20090615"
"2B","All","Lvs","x_6",NA,"MWC","N","20090615"
"2B","All","Lvs","x_7",NA,"MWC","N","20090615"
"2B","All","Lvs","x_8",NA,"MWC","N","20090615"
"2B","All","Stm","bracharia.lacnantha",NA,"MWC","N","20090615"
"2B","All","Stm","lintonia.nutans",NA,"MWC","N","20090615"
"2B","All","Stm","pennisetum.mezianum",NA,"MWC","N","20090615"
"2B","All","Stm","pennisetum.straminium",2,"MWC","N","20090615"
"2B","All","Stm","themeda.triandra",NA,"MWC","N","20090615"
"2B","All","Stm","bare",NA,"MWC","N","20090615"
"2B","All","Stm","x_2",NA,"MWC","N","20090615"
"2B","All","Stm","aristida.kenyensis",NA,"MWC","N","20090615"
"2B","All","Stm","bothriochloa.insculpta",NA,"MWC","N","20090615"
"2B","All","Stm","bracharia.3",NA,"MWC","N","20090615"
"2B","All","Stm","bracharia.eruciformis",NA,"MWC","N","20090615"
"2B","All","Stm","chloris.sp",NA,"MWC","N","20090615"
"2B","All","Stm","cynodon.dactylon",NA,"MWC","N","20090615"
"2B","All","Stm","cynodon.plectostachyus",NA,"MWC","N","20090615"
"2B","All","Stm","cyperus...mariscus.spp",NA,"MWC","N","20090615"
"2B","All","Stm","digitaria.2",NA,"MWC","N","20090615"
"2B","All","Stm","digitaria.milanjiana",NA,"MWC","N","20090615"
"2B","All","Stm","dinebra.retroflexa",NA,"MWC","N","20090615"
"2B","All","Stm","eragrostis.tenuifolia",NA,"MWC","N","20090615"
"2B","All","Stm","harpachne.schimperi",NA,"MWC","N","20090615"
"2B","All","Stm","microchloa.kunthii",NA,"MWC","N","20090615"
"2B","All","Stm","panicum.astrosanguinum",NA,"MWC","N","20090615"
"2B","All","Stm","setaria.acromelaena..small.",NA,"MWC","N","20090615"
"2B","All","Stm","setaria.sphaecealata..big.",NA,"MWC","N","20090615"
"2B","All","Stm","sporobolus.pyramidalis",NA,"MWC","N","20090615"
"2B","All","Stm","tragus.berteronianus",NA,"MWC","N","20090615"
"2B","All","Stm","x_3",NA,"MWC","N","20090615"
"2B","All","Stm","acalypha.crenata",NA,"MWC","N","20090615"
"2B","All","Stm","aerva.lanata",NA,"MWC","N","20090615"
"2B","All","Stm","amaranthus.hibridus",NA,"MWC","N","20090615"
"2B","All","Stm","aspilia.pluriseta",NA,"MWC","N","20090615"
"2B","All","Stm","asterolinon.adoense..v.",NA,"MWC","N","20090615"
"2B","All","Stm","caralluma.acutangula",NA,"MWC","N","20090615"
"2B","All","Stm","chenopodium.opulifolium",NA,"MWC","N","20090615"
"2B","All","Stm","chenopodium.schraderianum",NA,"MWC","N","20090615"
"2B","All","Stm","commelina.spp",NA,"MWC","N","20090615"
"2B","All","Stm","commicarpus.pedunculosus",NA,"MWC","N","20090615"
"2B","All","Stm","conyza.sp",NA,"MWC","N","20090615"
"2B","All","Stm","corchorus.sp",NA,"MWC","N","20090615"
"2B","All","Stm","crotelaria.sp",NA,"MWC","N","20090615"
"2B","All","Stm","cyathula.orthacantha",NA,"MWC","N","20090615"
"2B","All","Stm","dyscoriste.radicans",NA,"MWC","N","20090615"
"2B","All","Stm","euphorbia.inaequilatera",NA,"MWC","N","20090615"
"2B","All","Stm","evolvulus.alsinoides",NA,"MWC","N","20090615"
"2B","All","Stm","fern",NA,"MWC","N","20090615"
"2B","All","Stm","gutenbergia.sp",NA,"MWC","N","20090615"
"2B","All","Stm","hermannia.uhligii",NA,"MWC","N","20090615"
"2B","All","Stm","hibiscus.flavifolius",NA,"MWC","N","20090615"
"2B","All","Stm","hibiscus.trionum",NA,"MWC","N","20090615"
"2B","All","Stm","indigofera.brevicalyx",NA,"MWC","N","20090615"
"2B","All","Stm","indigofera.schimperi",NA,"MWC","N","20090615"
"2B","All","Stm","ipomea.sinensis",NA,"MWC","N","20090615"
"2B","All","Stm","justicia.dichipteroides",NA,"MWC","N","20090615"
"2B","All","Stm","k",NA,"MWC","N","20090615"
"2B","All","Stm","kyllinga.sp",NA,"MWC","N","20090615"
"2B","All","Stm","leucas.glabrata",NA,"MWC","N","20090615"
"2B","All","Stm","leucas.martiniscensis",NA,"MWC","N","20090615"
"2B","All","Stm","lily.a",NA,"MWC","N","20090615"
"2B","All","Stm","lily.b",NA,"MWC","N","20090615"
"2B","All","Stm","lippia.javanica",NA,"MWC","N","20090615"
"2B","All","Stm","melhania.spp.",NA,"MWC","N","20090615"
"2B","All","Stm","misopates.orontium",NA,"MWC","N","20090615"
"2B","All","Stm","mollugo.nudicaulis",NA,"MWC","N","20090615"
"2B","All","Stm","monechima.debile",NA,"MWC","N","20090615"
"2B","All","Stm","monsonia.augustifolia",NA,"MWC","N","20090615"
"2B","All","Stm","ocimum.sp",NA,"MWC","N","20090615"
"2B","All","Stm","osteospermum.vaillantii",NA,"MWC","N","20090615"
"2B","All","Stm","oxygonum.sinuatum",NA,"MWC","N","20090615"
"2B","All","Stm","pavonia.patens",NA,"MWC","N","20090615"
"2B","All","Stm","pelargonium.alchemilloides",NA,"MWC","N","20090615"
"2B","All","Stm","pentanisia.ouranogyne",NA,"MWC","N","20090615"
"2B","All","Stm","phyllanthus.maderaspatensis",NA,"MWC","N","20090615"
"2B","All","Stm","plectranthus.spp",NA,"MWC","N","20090615"
"2B","All","Stm","pollichia.campestris",NA,"MWC","N","20090615"
"2B","All","Stm","polygala..l.",NA,"MWC","N","20090615"
"2B","All","Stm","polygala.sphenoptera",NA,"MWC","N","20090615"
"2B","All","Stm","portulaca.oleracea",NA,"MWC","N","20090615"
"2B","All","Stm","portulaca.quadrifida",NA,"MWC","N","20090615"
"2B","All","Stm","pseudognaphalium..helichrysum.glumaceum.",NA,"MWC","N","20090615"
"2B","All","Stm","psilotrichum.schimperi",NA,"MWC","N","20090615"
"2B","All","Stm","rhinacanthus.ndorensis",NA,"MWC","N","20090615"
"2B","All","Stm","rhynchosia.holstii",NA,"MWC","N","20090615"
"2B","All","Stm","schkuhria.pinnata",NA,"MWC","N","20090615"
"2B","All","Stm","sida.2",NA,"MWC","N","20090615"
"2B","All","Stm","sida.cuneifolia",NA,"MWC","N","20090615"
"2B","All","Stm","solanum.incanum",NA,"MWC","N","20090615"
"2B","All","Stm","solanum.indicum",NA,"MWC","N","20090615"
"2B","All","Stm","tribulus.terrestris",NA,"MWC","N","20090615"
"2B","All","Stm","u",NA,"MWC","N","20090615"
"2B","All","Stm","w",NA,"MWC","N","20090615"
"2B","All","Stm","x_4",NA,"MWC","N","20090615"
"2B","All","Stm","x_5",NA,"MWC","N","20090615"
"2B","All","Stm","x_6",NA,"MWC","N","20090615"
"2B","All","Stm","x_7",NA,"MWC","N","20090615"
"2B","All","Stm","x_8",NA,"MWC","N","20090615"
"3A","1st","","bracharia.lacnantha",NA,"MWC","N","20090615"
"3A","1st","","lintonia.nutans",NA,"MWC","N","20090615"
"3A","1st","","pennisetum.mezianum",NA,"MWC","N","20090615"
"3A","1st","","pennisetum.straminium",NA,"MWC","N","20090615"
"3A","1st","","themeda.triandra",NA,"MWC","N","20090615"
"3A","1st","","bare",4,"MWC","N","20090615"
"3A","1st","","x_2",NA,"MWC","N","20090615"
"3A","1st","","aristida.kenyensis",NA,"MWC","N","20090615"
"3A","1st","","bothriochloa.insculpta",NA,"MWC","N","20090615"
"3A","1st","","bracharia.3",NA,"MWC","N","20090615"
"3A","1st","","bracharia.eruciformis",NA,"MWC","N","20090615"
"3A","1st","","chloris.sp",NA,"MWC","N","20090615"
"3A","1st","","cynodon.dactylon",NA,"MWC","N","20090615"
"3A","1st","","cynodon.plectostachyus",NA,"MWC","N","20090615"
"3A","1st","","cyperus...mariscus.spp",NA,"MWC","N","20090615"
"3A","1st","","digitaria.2",NA,"MWC","N","20090615"
"3A","1st","","digitaria.milanjiana",NA,"MWC","N","20090615"
"3A","1st","","dinebra.retroflexa",NA,"MWC","N","20090615"
"3A","1st","","eragrostis.tenuifolia",NA,"MWC","N","20090615"
"3A","1st","","harpachne.schimperi",NA,"MWC","N","20090615"
"3A","1st","","microchloa.kunthii",NA,"MWC","N","20090615"
"3A","1st","","panicum.astrosanguinum",NA,"MWC","N","20090615"
"3A","1st","","setaria.acromelaena..small.",NA,"MWC","N","20090615"
"3A","1st","","setaria.sphaecealata..big.",NA,"MWC","N","20090615"
"3A","1st","","sporobolus.pyramidalis",NA,"MWC","N","20090615"
"3A","1st","","tragus.berteronianus",NA,"MWC","N","20090615"
"3A","1st","","x_3",NA,"MWC","N","20090615"
"3A","1st","","acalypha.crenata",NA,"MWC","N","20090615"
"3A","1st","","aerva.lanata",NA,"MWC","N","20090615"
"3A","1st","","amaranthus.hibridus",NA,"MWC","N","20090615"
"3A","1st","","aspilia.pluriseta",NA,"MWC","N","20090615"
"3A","1st","","asterolinon.adoense..v.",NA,"MWC","N","20090615"
"3A","1st","","caralluma.acutangula",NA,"MWC","N","20090615"
"3A","1st","","chenopodium.opulifolium",NA,"MWC","N","20090615"
"3A","1st","","chenopodium.schraderianum",NA,"MWC","N","20090615"
"3A","1st","","commelina.spp",NA,"MWC","N","20090615"
"3A","1st","","commicarpus.pedunculosus",NA,"MWC","N","20090615"
"3A","1st","","conyza.sp",NA,"MWC","N","20090615"
"3A","1st","","corchorus.sp",NA,"MWC","N","20090615"
"3A","1st","","crotelaria.sp",NA,"MWC","N","20090615"
"3A","1st","","cyathula.orthacantha",NA,"MWC","N","20090615"
"3A","1st","","dyscoriste.radicans",NA,"MWC","N","20090615"
"3A","1st","","euphorbia.inaequilatera",NA,"MWC","N","20090615"
"3A","1st","","evolvulus.alsinoides",2,"MWC","N","20090615"
"3A","1st","","fern",NA,"MWC","N","20090615"
"3A","1st","","gutenbergia.sp",NA,"MWC","N","20090615"
"3A","1st","","hermannia.uhligii",NA,"MWC","N","20090615"
"3A","1st","","hibiscus.flavifolius",NA,"MWC","N","20090615"
"3A","1st","","hibiscus.trionum",NA,"MWC","N","20090615"
"3A","1st","","indigofera.brevicalyx",NA,"MWC","N","20090615"
"3A","1st","","indigofera.schimperi",NA,"MWC","N","20090615"
"3A","1st","","ipomea.sinensis",NA,"MWC","N","20090615"
"3A","1st","","justicia.dichipteroides",NA,"MWC","N","20090615"
"3A","1st","","k",NA,"MWC","N","20090615"
"3A","1st","","kyllinga.sp",NA,"MWC","N","20090615"
"3A","1st","","leucas.glabrata",NA,"MWC","N","20090615"
"3A","1st","","leucas.martiniscensis",NA,"MWC","N","20090615"
"3A","1st","","lily.a",NA,"MWC","N","20090615"
"3A","1st","","lily.b",NA,"MWC","N","20090615"
"3A","1st","","lippia.javanica",NA,"MWC","N","20090615"
"3A","1st","","melhania.spp.",NA,"MWC","N","20090615"
"3A","1st","","misopates.orontium",NA,"MWC","N","20090615"
"3A","1st","","mollugo.nudicaulis",NA,"MWC","N","20090615"
"3A","1st","","monechima.debile",NA,"MWC","N","20090615"
"3A","1st","","monsonia.augustifolia",NA,"MWC","N","20090615"
"3A","1st","","ocimum.sp",NA,"MWC","N","20090615"
"3A","1st","","osteospermum.vaillantii",NA,"MWC","N","20090615"
"3A","1st","","oxygonum.sinuatum",NA,"MWC","N","20090615"
"3A","1st","","pavonia.patens",NA,"MWC","N","20090615"
"3A","1st","","pelargonium.alchemilloides",NA,"MWC","N","20090615"
"3A","1st","","pentanisia.ouranogyne",NA,"MWC","N","20090615"
"3A","1st","","phyllanthus.maderaspatensis",NA,"MWC","N","20090615"
"3A","1st","","plectranthus.spp",NA,"MWC","N","20090615"
"3A","1st","","pollichia.campestris",NA,"MWC","N","20090615"
"3A","1st","","polygala..l.",NA,"MWC","N","20090615"
"3A","1st","","polygala.sphenoptera",NA,"MWC","N","20090615"
"3A","1st","","portulaca.oleracea",NA,"MWC","N","20090615"
"3A","1st","","portulaca.quadrifida",NA,"MWC","N","20090615"
"3A","1st","","pseudognaphalium..helichrysum.glumaceum.",NA,"MWC","N","20090615"
"3A","1st","","psilotrichum.schimperi",NA,"MWC","N","20090615"
"3A","1st","","rhinacanthus.ndorensis",NA,"MWC","N","20090615"
"3A","1st","","rhynchosia.holstii",NA,"MWC","N","20090615"
"3A","1st","","schkuhria.pinnata",NA,"MWC","N","20090615"
"3A","1st","","sida.2",NA,"MWC","N","20090615"
"3A","1st","","sida.cuneifolia",NA,"MWC","N","20090615"
"3A","1st","","solanum.incanum",NA,"MWC","N","20090615"
"3A","1st","","solanum.indicum",NA,"MWC","N","20090615"
"3A","1st","","tribulus.terrestris",NA,"MWC","N","20090615"
"3A","1st","","u",NA,"MWC","N","20090615"
"3A","1st","","w",NA,"MWC","N","20090615"
"3A","1st","","x_4",NA,"MWC","N","20090615"
"3A","1st","","x_5",NA,"MWC","N","20090615"
"3A","1st","","x_6",NA,"MWC","N","20090615"
"3A","1st","","x_7",NA,"MWC","N","20090615"
"3A","1st","","x_8",NA,"MWC","N","20090615"
"3C","1st","","bracharia.lacnantha",NA,"MWC","N","20090615"
"3C","1st","","lintonia.nutans",NA,"MWC","N","20090615"
"3C","1st","","pennisetum.mezianum",NA,"MWC","N","20090615"
"3C","1st","","pennisetum.straminium",NA,"MWC","N","20090615"
"3C","1st","","themeda.triandra",NA,"MWC","N","20090615"
"3C","1st","","bare",5,"MWC","N","20090615"
"3C","1st","","x_2",NA,"MWC","N","20090615"
"3C","1st","","aristida.kenyensis",NA,"MWC","N","20090615"
"3C","1st","","bothriochloa.insculpta",NA,"MWC","N","20090615"
"3C","1st","","bracharia.3",NA,"MWC","N","20090615"
"3C","1st","","bracharia.eruciformis",NA,"MWC","N","20090615"
"3C","1st","","chloris.sp",NA,"MWC","N","20090615"
"3C","1st","","cynodon.dactylon",NA,"MWC","N","20090615"
"3C","1st","","cynodon.plectostachyus",NA,"MWC","N","20090615"
"3C","1st","","cyperus...mariscus.spp",NA,"MWC","N","20090615"
"3C","1st","","digitaria.2",NA,"MWC","N","20090615"
"3C","1st","","digitaria.milanjiana",NA,"MWC","N","20090615"
"3C","1st","","dinebra.retroflexa",NA,"MWC","N","20090615"
"3C","1st","","eragrostis.tenuifolia",NA,"MWC","N","20090615"
"3C","1st","","harpachne.schimperi",NA,"MWC","N","20090615"
"3C","1st","","microchloa.kunthii",NA,"MWC","N","20090615"
"3C","1st","","panicum.astrosanguinum",NA,"MWC","N","20090615"
"3C","1st","","setaria.acromelaena..small.",NA,"MWC","N","20090615"
"3C","1st","","setaria.sphaecealata..big.",NA,"MWC","N","20090615"
"3C","1st","","sporobolus.pyramidalis",NA,"MWC","N","20090615"
"3C","1st","","tragus.berteronianus",NA,"MWC","N","20090615"
"3C","1st","","x_3",NA,"MWC","N","20090615"
"3C","1st","","acalypha.crenata",NA,"MWC","N","20090615"
"3C","1st","","aerva.lanata",NA,"MWC","N","20090615"
"3C","1st","","amaranthus.hibridus",NA,"MWC","N","20090615"
"3C","1st","","aspilia.pluriseta",NA,"MWC","N","20090615"
"3C","1st","","asterolinon.adoense..v.",NA,"MWC","N","20090615"
"3C","1st","","caralluma.acutangula",NA,"MWC","N","20090615"
"3C","1st","","chenopodium.opulifolium",NA,"MWC","N","20090615"
"3C","1st","","chenopodium.schraderianum",NA,"MWC","N","20090615"
"3C","1st","","commelina.spp",NA,"MWC","N","20090615"
"3C","1st","","commicarpus.pedunculosus",NA,"MWC","N","20090615"
"3C","1st","","conyza.sp",NA,"MWC","N","20090615"
"3C","1st","","corchorus.sp",NA,"MWC","N","20090615"
"3C","1st","","crotelaria.sp",NA,"MWC","N","20090615"
"3C","1st","","cyathula.orthacantha",NA,"MWC","N","20090615"
"3C","1st","","dyscoriste.radicans",NA,"MWC","N","20090615"
"3C","1st","","euphorbia.inaequilatera",NA,"MWC","N","20090615"
"3C","1st","","evolvulus.alsinoides",NA,"MWC","N","20090615"
"3C","1st","","fern",NA,"MWC","N","20090615"
"3C","1st","","gutenbergia.sp",NA,"MWC","N","20090615"
"3C","1st","","hermannia.uhligii",NA,"MWC","N","20090615"
"3C","1st","","hibiscus.flavifolius",NA,"MWC","N","20090615"
"3C","1st","","hibiscus.trionum",NA,"MWC","N","20090615"
"3C","1st","","indigofera.brevicalyx",NA,"MWC","N","20090615"
"3C","1st","","indigofera.schimperi",NA,"MWC","N","20090615"
"3C","1st","","ipomea.sinensis",NA,"MWC","N","20090615"
"3C","1st","","justicia.dichipteroides",NA,"MWC","N","20090615"
"3C","1st","","k",NA,"MWC","N","20090615"
"3C","1st","","kyllinga.sp",NA,"MWC","N","20090615"
"3C","1st","","leucas.glabrata",NA,"MWC","N","20090615"
"3C","1st","","leucas.martiniscensis",NA,"MWC","N","20090615"
"3C","1st","","lily.a",NA,"MWC","N","20090615"
"3C","1st","","lily.b",NA,"MWC","N","20090615"
"3C","1st","","lippia.javanica",NA,"MWC","N","20090615"
"3C","1st","","melhania.spp.",NA,"MWC","N","20090615"
"3C","1st","","misopates.orontium",NA,"MWC","N","20090615"
"3C","1st","","mollugo.nudicaulis",NA,"MWC","N","20090615"
"3C","1st","","monechima.debile",NA,"MWC","N","20090615"
"3C","1st","","monsonia.augustifolia",NA,"MWC","N","20090615"
"3C","1st","","ocimum.sp",NA,"MWC","N","20090615"
"3C","1st","","osteospermum.vaillantii",NA,"MWC","N","20090615"
"3C","1st","","oxygonum.sinuatum",NA,"MWC","N","20090615"
"3C","1st","","pavonia.patens",NA,"MWC","N","20090615"
"3C","1st","","pelargonium.alchemilloides",NA,"MWC","N","20090615"
"3C","1st","","pentanisia.ouranogyne",NA,"MWC","N","20090615"
"3C","1st","","phyllanthus.maderaspatensis",NA,"MWC","N","20090615"
"3C","1st","","plectranthus.spp",NA,"MWC","N","20090615"
"3C","1st","","pollichia.campestris",NA,"MWC","N","20090615"
"3C","1st","","polygala..l.",NA,"MWC","N","20090615"
"3C","1st","","polygala.sphenoptera",NA,"MWC","N","20090615"
"3C","1st","","portulaca.oleracea",NA,"MWC","N","20090615"
"3C","1st","","portulaca.quadrifida",NA,"MWC","N","20090615"
"3C","1st","","pseudognaphalium..helichrysum.glumaceum.",NA,"MWC","N","20090615"
"3C","1st","","psilotrichum.schimperi",NA,"MWC","N","20090615"
"3C","1st","","rhinacanthus.ndorensis",NA,"MWC","N","20090615"
"3C","1st","","rhynchosia.holstii",NA,"MWC","N","20090615"
"3C","1st","","schkuhria.pinnata",NA,"MWC","N","20090615"
"3C","1st","","sida.2",NA,"MWC","N","20090615"
"3C","1st","","sida.cuneifolia",NA,"MWC","N","20090615"
"3C","1st","","solanum.incanum",NA,"MWC","N","20090615"
"3C","1st","","solanum.indicum",NA,"MWC","N","20090615"
"3C","1st","","tribulus.terrestris",NA,"MWC","N","20090615"
"3C","1st","","u",NA,"MWC","N","20090615"
"3C","1st","","w",NA,"MWC","N","20090615"
"3C","1st","","x_4",NA,"MWC","N","20090615"
"3C","1st","","x_5",NA,"MWC","N","20090615"
"3C","1st","","x_6",NA,"MWC","N","20090615"
"3C","1st","","x_7",NA,"MWC","N","20090615"
"3C","1st","","x_8",NA,"MWC","N","20090615"
"3E","1st","","bracharia.lacnantha",NA,"MWC","N","20090615"
"3E","1st","","lintonia.nutans",NA,"MWC","N","20090615"
"3E","1st","","pennisetum.mezianum",NA,"MWC","N","20090615"
"3E","1st","","pennisetum.straminium",NA,"MWC","N","20090615"
"3E","1st","","themeda.triandra",NA,"MWC","N","20090615"
"3E","1st","","bare",6,"MWC","N","20090615"
"3E","1st","","x_2",NA,"MWC","N","20090615"
"3E","1st","","aristida.kenyensis",NA,"MWC","N","20090615"
"3E","1st","","bothriochloa.insculpta",NA,"MWC","N","20090615"
"3E","1st","","bracharia.3",NA,"MWC","N","20090615"
"3E","1st","","bracharia.eruciformis",NA,"MWC","N","20090615"
"3E","1st","","chloris.sp",NA,"MWC","N","20090615"
"3E","1st","","cynodon.dactylon",NA,"MWC","N","20090615"
"3E","1st","","cynodon.plectostachyus",NA,"MWC","N","20090615"
"3E","1st","","cyperus...mariscus.spp",NA,"MWC","N","20090615"
"3E","1st","","digitaria.2",NA,"MWC","N","20090615"
"3E","1st","","digitaria.milanjiana",NA,"MWC","N","20090615"
"3E","1st","","dinebra.retroflexa",NA,"MWC","N","20090615"
"3E","1st","","eragrostis.tenuifolia",NA,"MWC","N","20090615"
"3E","1st","","harpachne.schimperi",NA,"MWC","N","20090615"
"3E","1st","","microchloa.kunthii",NA,"MWC","N","20090615"
"3E","1st","","panicum.astrosanguinum",NA,"MWC","N","20090615"
"3E","1st","","setaria.acromelaena..small.",NA,"MWC","N","20090615"
"3E","1st","","setaria.sphaecealata..big.",NA,"MWC","N","20090615"
"3E","1st","","sporobolus.pyramidalis",NA,"MWC","N","20090615"
"3E","1st","","tragus.berteronianus",NA,"MWC","N","20090615"
"3E","1st","","x_3",NA,"MWC","N","20090615"
"3E","1st","","acalypha.crenata",NA,"MWC","N","20090615"
"3E","1st","","aerva.lanata",NA,"MWC","N","20090615"
"3E","1st","","amaranthus.hibridus",NA,"MWC","N","20090615"
"3E","1st","","aspilia.pluriseta",NA,"MWC","N","20090615"
"3E","1st","","asterolinon.adoense..v.",NA,"MWC","N","20090615"
"3E","1st","","caralluma.acutangula",NA,"MWC","N","20090615"
"3E","1st","","chenopodium.opulifolium",NA,"MWC","N","20090615"
"3E","1st","","chenopodium.schraderianum",NA,"MWC","N","20090615"
"3E","1st","","commelina.spp",NA,"MWC","N","20090615"
"3E","1st","","commicarpus.pedunculosus",NA,"MWC","N","20090615"
"3E","1st","","conyza.sp",NA,"MWC","N","20090615"
"3E","1st","","corchorus.sp",NA,"MWC","N","20090615"
"3E","1st","","crotelaria.sp",NA,"MWC","N","20090615"
"3E","1st","","cyathula.orthacantha",NA,"MWC","N","20090615"
"3E","1st","","dyscoriste.radicans",NA,"MWC","N","20090615"
"3E","1st","","euphorbia.inaequilatera",NA,"MWC","N","20090615"
"3E","1st","","evolvulus.alsinoides",NA,"MWC","N","20090615"
"3E","1st","","fern",NA,"MWC","N","20090615"
"3E","1st","","gutenbergia.sp",NA,"MWC","N","20090615"
"3E","1st","","hermannia.uhligii",NA,"MWC","N","20090615"
"3E","1st","","hibiscus.flavifolius",NA,"MWC","N","20090615"
"3E","1st","","hibiscus.trionum",NA,"MWC","N","20090615"
"3E","1st","","indigofera.brevicalyx",NA,"MWC","N","20090615"
"3E","1st","","indigofera.schimperi",NA,"MWC","N","20090615"
"3E","1st","","ipomea.sinensis",NA,"MWC","N","20090615"
"3E","1st","","justicia.dichipteroides",NA,"MWC","N","20090615"
"3E","1st","","k",NA,"MWC","N","20090615"
"3E","1st","","kyllinga.sp",NA,"MWC","N","20090615"
"3E","1st","","leucas.glabrata",NA,"MWC","N","20090615"
"3E","1st","","leucas.martiniscensis",NA,"MWC","N","20090615"
"3E","1st","","lily.a",NA,"MWC","N","20090615"
"3E","1st","","lily.b",NA,"MWC","N","20090615"
"3E","1st","","lippia.javanica",NA,"MWC","N","20090615"
"3E","1st","","melhania.spp.",NA,"MWC","N","20090615"
"3E","1st","","misopates.orontium",NA,"MWC","N","20090615"
"3E","1st","","mollugo.nudicaulis",NA,"MWC","N","20090615"
"3E","1st","","monechima.debile",NA,"MWC","N","20090615"
"3E","1st","","monsonia.augustifolia",NA,"MWC","N","20090615"
"3E","1st","","ocimum.sp",NA,"MWC","N","20090615"
"3E","1st","","osteospermum.vaillantii",NA,"MWC","N","20090615"
"3E","1st","","oxygonum.sinuatum",NA,"MWC","N","20090615"
"3E","1st","","pavonia.patens",NA,"MWC","N","20090615"
"3E","1st","","pelargonium.alchemilloides",NA,"MWC","N","20090615"
"3E","1st","","pentanisia.ouranogyne",NA,"MWC","N","20090615"
"3E","1st","","phyllanthus.maderaspatensis",NA,"MWC","N","20090615"
"3E","1st","","plectranthus.spp",NA,"MWC","N","20090615"
"3E","1st","","pollichia.campestris",NA,"MWC","N","20090615"
"3E","1st","","polygala..l.",NA,"MWC","N","20090615"
"3E","1st","","polygala.sphenoptera",NA,"MWC","N","20090615"
"3E","1st","","portulaca.oleracea",NA,"MWC","N","20090615"
"3E","1st","","portulaca.quadrifida",NA,"MWC","N","20090615"
"3E","1st","","pseudognaphalium..helichrysum.glumaceum.",NA,"MWC","N","20090615"
"3E","1st","","psilotrichum.schimperi",NA,"MWC","N","20090615"
"3E","1st","","rhinacanthus.ndorensis",NA,"MWC","N","20090615"
"3E","1st","","rhynchosia.holstii",NA,"MWC","N","20090615"
"3E","1st","","schkuhria.pinnata",NA,"MWC","N","20090615"
"3E","1st","","sida.2",NA,"MWC","N","20090615"
"3E","1st","","sida.cuneifolia",NA,"MWC","N","20090615"
"3E","1st","","solanum.incanum",NA,"MWC","N","20090615"
"3E","1st","","solanum.indicum",NA,"MWC","N","20090615"
"3E","1st","","tribulus.terrestris",NA,"MWC","N","20090615"
"3E","1st","","u",NA,"MWC","N","20090615"
"3E","1st","","w",NA,"MWC","N","20090615"
"3E","1st","","x_4",NA,"MWC","N","20090615"
"3E","1st","","x_5",NA,"MWC","N","20090615"
"3E","1st","","x_6",NA,"MWC","N","20090615"
"3E","1st","","x_7",NA,"MWC","N","20090615"
"3E","1st","","x_8",NA,"MWC","N","20090615"
"3G","1st","","bracharia.lacnantha",NA,"MWC","N","20090615"
"3G","1st","","lintonia.nutans",NA,"MWC","N","20090615"
"3G","1st","","pennisetum.mezianum",NA,"MWC","N","20090615"
"3G","1st","","pennisetum.straminium",NA,"MWC","N","20090615"
"3G","1st","","themeda.triandra",NA,"MWC","N","20090615"
"3G","1st","","bare",3,"MWC","N","20090615"
"3G","1st","","x_2",NA,"MWC","N","20090615"
"3G","1st","","aristida.kenyensis",NA,"MWC","N","20090615"
"3G","1st","","bothriochloa.insculpta",NA,"MWC","N","20090615"
"3G","1st","","bracharia.3",NA,"MWC","N","20090615"
"3G","1st","","bracharia.eruciformis",NA,"MWC","N","20090615"
"3G","1st","","chloris.sp",NA,"MWC","N","20090615"
"3G","1st","","cynodon.dactylon",NA,"MWC","N","20090615"
"3G","1st","","cynodon.plectostachyus",NA,"MWC","N","20090615"
"3G","1st","","cyperus...mariscus.spp",NA,"MWC","N","20090615"
"3G","1st","","digitaria.2",NA,"MWC","N","20090615"
"3G","1st","","digitaria.milanjiana",NA,"MWC","N","20090615"
"3G","1st","","dinebra.retroflexa",NA,"MWC","N","20090615"
"3G","1st","","eragrostis.tenuifolia",NA,"MWC","N","20090615"
"3G","1st","","harpachne.schimperi",NA,"MWC","N","20090615"
"3G","1st","","microchloa.kunthii",NA,"MWC","N","20090615"
"3G","1st","","panicum.astrosanguinum",NA,"MWC","N","20090615"
"3G","1st","","setaria.acromelaena..small.",NA,"MWC","N","20090615"
"3G","1st","","setaria.sphaecealata..big.",NA,"MWC","N","20090615"
"3G","1st","","sporobolus.pyramidalis",NA,"MWC","N","20090615"
"3G","1st","","tragus.berteronianus",NA,"MWC","N","20090615"
"3G","1st","","x_3",NA,"MWC","N","20090615"
"3G","1st","","acalypha.crenata",NA,"MWC","N","20090615"
"3G","1st","","aerva.lanata",NA,"MWC","N","20090615"
"3G","1st","","amaranthus.hibridus",NA,"MWC","N","20090615"
"3G","1st","","aspilia.pluriseta",NA,"MWC","N","20090615"
"3G","1st","","asterolinon.adoense..v.",NA,"MWC","N","20090615"
"3G","1st","","caralluma.acutangula",NA,"MWC","N","20090615"
"3G","1st","","chenopodium.opulifolium",NA,"MWC","N","20090615"
"3G","1st","","chenopodium.schraderianum",NA,"MWC","N","20090615"
"3G","1st","","commelina.spp",NA,"MWC","N","20090615"
"3G","1st","","commicarpus.pedunculosus",NA,"MWC","N","20090615"
"3G","1st","","conyza.sp",NA,"MWC","N","20090615"
"3G","1st","","corchorus.sp",NA,"MWC","N","20090615"
"3G","1st","","crotelaria.sp",NA,"MWC","N","20090615"
"3G","1st","","cyathula.orthacantha",NA,"MWC","N","20090615"
"3G","1st","","dyscoriste.radicans",NA,"MWC","N","20090615"
"3G","1st","","euphorbia.inaequilatera",NA,"MWC","N","20090615"
"3G","1st","","evolvulus.alsinoides",1,"MWC","N","20090615"
"3G","1st","","fern",NA,"MWC","N","20090615"
"3G","1st","","gutenbergia.sp",NA,"MWC","N","20090615"
"3G","1st","","hermannia.uhligii",NA,"MWC","N","20090615"
"3G","1st","","hibiscus.flavifolius",NA,"MWC","N","20090615"
"3G","1st","","hibiscus.trionum",NA,"MWC","N","20090615"
"3G","1st","","indigofera.brevicalyx",NA,"MWC","N","20090615"
"3G","1st","","indigofera.schimperi",NA,"MWC","N","20090615"
"3G","1st","","ipomea.sinensis",NA,"MWC","N","20090615"
"3G","1st","","justicia.dichipteroides",NA,"MWC","N","20090615"
"3G","1st","","k",NA,"MWC","N","20090615"
"3G","1st","","kyllinga.sp",NA,"MWC","N","20090615"
"3G","1st","","leucas.glabrata",NA,"MWC","N","20090615"
"3G","1st","","leucas.martiniscensis",NA,"MWC","N","20090615"
"3G","1st","","lily.a",NA,"MWC","N","20090615"
"3G","1st","","lily.b",NA,"MWC","N","20090615"
"3G","1st","","lippia.javanica",NA,"MWC","N","20090615"
"3G","1st","","melhania.spp.",NA,"MWC","N","20090615"
"3G","1st","","misopates.orontium",NA,"MWC","N","20090615"
"3G","1st","","mollugo.nudicaulis",NA,"MWC","N","20090615"
"3G","1st","","monechima.debile",NA,"MWC","N","20090615"
"3G","1st","","monsonia.augustifolia",NA,"MWC","N","20090615"
"3G","1st","","ocimum.sp",NA,"MWC","N","20090615"
"3G","1st","","osteospermum.vaillantii",NA,"MWC","N","20090615"
"3G","1st","","oxygonum.sinuatum",NA,"MWC","N","20090615"
"3G","1st","","pavonia.patens",NA,"MWC","N","20090615"
"3G","1st","","pelargonium.alchemilloides",NA,"MWC","N","20090615"
"3G","1st","","pentanisia.ouranogyne",NA,"MWC","N","20090615"
"3G","1st","","phyllanthus.maderaspatensis",NA,"MWC","N","20090615"
"3G","1st","","plectranthus.spp",NA,"MWC","N","20090615"
"3G","1st","","pollichia.campestris",NA,"MWC","N","20090615"
"3G","1st","","polygala..l.",NA,"MWC","N","20090615"
"3G","1st","","polygala.sphenoptera",NA,"MWC","N","20090615"
"3G","1st","","portulaca.oleracea",NA,"MWC","N","20090615"
"3G","1st","","portulaca.quadrifida",NA,"MWC","N","20090615"
"3G","1st","","pseudognaphalium..helichrysum.glumaceum.",NA,"MWC","N","20090615"
"3G","1st","","psilotrichum.schimperi",NA,"MWC","N","20090615"
"3G","1st","","rhinacanthus.ndorensis",NA,"MWC","N","20090615"
"3G","1st","","rhynchosia.holstii",NA,"MWC","N","20090615"
"3G","1st","","schkuhria.pinnata",NA,"MWC","N","20090615"
"3G","1st","","sida.2",NA,"MWC","N","20090615"
"3G","1st","","sida.cuneifolia",NA,"MWC","N","20090615"
"3G","1st","","solanum.incanum",NA,"MWC","N","20090615"
"3G","1st","","solanum.indicum",NA,"MWC","N","20090615"
"3G","1st","","tribulus.terrestris",NA,"MWC","N","20090615"
"3G","1st","","u",NA,"MWC","N","20090615"
"3G","1st","","w",NA,"MWC","N","20090615"
"3G","1st","","x_4",NA,"MWC","N","20090615"
"3G","1st","","x_5",NA,"MWC","N","20090615"
"3G","1st","","x_6",NA,"MWC","N","20090615"
"3G","1st","","x_7",NA,"MWC","N","20090615"
"3G","1st","","x_8",NA,"MWC","N","20090615"
"3I","1st","","bracharia.lacnantha",NA,"MWC","N","20090615"
"3I","1st","","lintonia.nutans",NA,"MWC","N","20090615"
"3I","1st","","pennisetum.mezianum",NA,"MWC","N","20090615"
"3I","1st","","pennisetum.straminium",NA,"MWC","N","20090615"
"3I","1st","","themeda.triandra",NA,"MWC","N","20090615"
"3I","1st","","bare",4,"MWC","N","20090615"
"3I","1st","","x_2",NA,"MWC","N","20090615"
"3I","1st","","aristida.kenyensis",NA,"MWC","N","20090615"
"3I","1st","","bothriochloa.insculpta",NA,"MWC","N","20090615"
"3I","1st","","bracharia.3",NA,"MWC","N","20090615"
"3I","1st","","bracharia.eruciformis",NA,"MWC","N","20090615"
"3I","1st","","chloris.sp",NA,"MWC","N","20090615"
"3I","1st","","cynodon.dactylon",NA,"MWC","N","20090615"
"3I","1st","","cynodon.plectostachyus",NA,"MWC","N","20090615"
"3I","1st","","cyperus...mariscus.spp",NA,"MWC","N","20090615"
"3I","1st","","digitaria.2",NA,"MWC","N","20090615"
"3I","1st","","digitaria.milanjiana",NA,"MWC","N","20090615"
"3I","1st","","dinebra.retroflexa",NA,"MWC","N","20090615"
"3I","1st","","eragrostis.tenuifolia",NA,"MWC","N","20090615"
"3I","1st","","harpachne.schimperi",NA,"MWC","N","20090615"
"3I","1st","","microchloa.kunthii",NA,"MWC","N","20090615"
"3I","1st","","panicum.astrosanguinum",NA,"MWC","N","20090615"
"3I","1st","","setaria.acromelaena..small.",NA,"MWC","N","20090615"
"3I","1st","","setaria.sphaecealata..big.",NA,"MWC","N","20090615"
"3I","1st","","sporobolus.pyramidalis",NA,"MWC","N","20090615"
"3I","1st","","tragus.berteronianus",NA,"MWC","N","20090615"
"3I","1st","","x_3",NA,"MWC","N","20090615"
"3I","1st","","acalypha.crenata",NA,"MWC","N","20090615"
"3I","1st","","aerva.lanata",NA,"MWC","N","20090615"
"3I","1st","","amaranthus.hibridus",NA,"MWC","N","20090615"
"3I","1st","","aspilia.pluriseta",NA,"MWC","N","20090615"
"3I","1st","","asterolinon.adoense..v.",NA,"MWC","N","20090615"
"3I","1st","","caralluma.acutangula",NA,"MWC","N","20090615"
"3I","1st","","chenopodium.opulifolium",NA,"MWC","N","20090615"
"3I","1st","","chenopodium.schraderianum",NA,"MWC","N","20090615"
"3I","1st","","commelina.spp",NA,"MWC","N","20090615"
"3I","1st","","commicarpus.pedunculosus",NA,"MWC","N","20090615"
"3I","1st","","conyza.sp",NA,"MWC","N","20090615"
"3I","1st","","corchorus.sp",NA,"MWC","N","20090615"
"3I","1st","","crotelaria.sp",NA,"MWC","N","20090615"
"3I","1st","","cyathula.orthacantha",NA,"MWC","N","20090615"
"3I","1st","","dyscoriste.radicans",NA,"MWC","N","20090615"
"3I","1st","","euphorbia.inaequilatera",NA,"MWC","N","20090615"
"3I","1st","","evolvulus.alsinoides",NA,"MWC","N","20090615"
"3I","1st","","fern",NA,"MWC","N","20090615"
"3I","1st","","gutenbergia.sp",NA,"MWC","N","20090615"
"3I","1st","","hermannia.uhligii",NA,"MWC","N","20090615"
"3I","1st","","hibiscus.flavifolius",NA,"MWC","N","20090615"
"3I","1st","","hibiscus.trionum",NA,"MWC","N","20090615"
"3I","1st","","indigofera.brevicalyx",NA,"MWC","N","20090615"
"3I","1st","","indigofera.schimperi",NA,"MWC","N","20090615"
"3I","1st","","ipomea.sinensis",NA,"MWC","N","20090615"
"3I","1st","","justicia.dichipteroides",NA,"MWC","N","20090615"
"3I","1st","","k",NA,"MWC","N","20090615"
"3I","1st","","kyllinga.sp",NA,"MWC","N","20090615"
"3I","1st","","leucas.glabrata",NA,"MWC","N","20090615"
"3I","1st","","leucas.martiniscensis",NA,"MWC","N","20090615"
"3I","1st","","lily.a",NA,"MWC","N","20090615"
"3I","1st","","lily.b",NA,"MWC","N","20090615"
"3I","1st","","lippia.javanica",NA,"MWC","N","20090615"
"3I","1st","","melhania.spp.",NA,"MWC","N","20090615"
"3I","1st","","misopates.orontium",NA,"MWC","N","20090615"
"3I","1st","","mollugo.nudicaulis",NA,"MWC","N","20090615"
"3I","1st","","monechima.debile",NA,"MWC","N","20090615"
"3I","1st","","monsonia.augustifolia",NA,"MWC","N","20090615"
"3I","1st","","ocimum.sp",NA,"MWC","N","20090615"
"3I","1st","","osteospermum.vaillantii",NA,"MWC","N","20090615"
"3I","1st","","oxygonum.sinuatum",NA,"MWC","N","20090615"
"3I","1st","","pavonia.patens",NA,"MWC","N","20090615"
"3I","1st","","pelargonium.alchemilloides",NA,"MWC","N","20090615"
"3I","1st","","pentanisia.ouranogyne",NA,"MWC","N","20090615"
"3I","1st","","phyllanthus.maderaspatensis",NA,"MWC","N","20090615"
"3I","1st","","plectranthus.spp",NA,"MWC","N","20090615"
"3I","1st","","pollichia.campestris",NA,"MWC","N","20090615"
"3I","1st","","polygala..l.",NA,"MWC","N","20090615"
"3I","1st","","polygala.sphenoptera",NA,"MWC","N","20090615"
"3I","1st","","portulaca.oleracea",NA,"MWC","N","20090615"
"3I","1st","","portulaca.quadrifida",NA,"MWC","N","20090615"
"3I","1st","","pseudognaphalium..helichrysum.glumaceum.",NA,"MWC","N","20090615"
"3I","1st","","psilotrichum.schimperi",NA,"MWC","N","20090615"
"3I","1st","","rhinacanthus.ndorensis",NA,"MWC","N","20090615"
"3I","1st","","rhynchosia.holstii",NA,"MWC","N","20090615"
"3I","1st","","schkuhria.pinnata",NA,"MWC","N","20090615"
"3I","1st","","sida.2",NA,"MWC","N","20090615"
"3I","1st","","sida.cuneifolia",NA,"MWC","N","20090615"
"3I","1st","","solanum.incanum",NA,"MWC","N","20090615"
"3I","1st","","solanum.indicum",NA,"MWC","N","20090615"
"3I","1st","","tribulus.terrestris",NA,"MWC","N","20090615"
"3I","1st","","u",NA,"MWC","N","20090615"
"3I","1st","","w",NA,"MWC","N","20090615"
"3I","1st","","x_4",NA,"MWC","N","20090615"
"3I","1st","","x_5",NA,"MWC","N","20090615"
"3I","1st","","x_6",NA,"MWC","N","20090615"
"3I","1st","","x_7",NA,"MWC","N","20090615"
"3I","1st","","x_8",NA,"MWC","N","20090615"
"4J","1st","","bracharia.lacnantha",NA,"MWC","N","20090615"
"4J","1st","","lintonia.nutans",NA,"MWC","N","20090615"
"4J","1st","","pennisetum.mezianum",NA,"MWC","N","20090615"
"4J","1st","","pennisetum.straminium",3,"MWC","N","20090615"
"4J","1st","","themeda.triandra",5,"MWC","N","20090615"
"4J","1st","","bare",2,"MWC","N","20090615"
"4J","1st","","x_2",NA,"MWC","N","20090615"
"4J","1st","","aristida.kenyensis",NA,"MWC","N","20090615"
"4J","1st","","bothriochloa.insculpta",NA,"MWC","N","20090615"
"4J","1st","","bracharia.3",NA,"MWC","N","20090615"
"4J","1st","","bracharia.eruciformis",NA,"MWC","N","20090615"
"4J","1st","","chloris.sp",NA,"MWC","N","20090615"
"4J","1st","","cynodon.dactylon",NA,"MWC","N","20090615"
"4J","1st","","cynodon.plectostachyus",NA,"MWC","N","20090615"
"4J","1st","","cyperus...mariscus.spp",NA,"MWC","N","20090615"
"4J","1st","","digitaria.2",NA,"MWC","N","20090615"
"4J","1st","","digitaria.milanjiana",NA,"MWC","N","20090615"
"4J","1st","","dinebra.retroflexa",NA,"MWC","N","20090615"
"4J","1st","","eragrostis.tenuifolia",NA,"MWC","N","20090615"
"4J","1st","","harpachne.schimperi",NA,"MWC","N","20090615"
"4J","1st","","microchloa.kunthii",NA,"MWC","N","20090615"
"4J","1st","","panicum.astrosanguinum",NA,"MWC","N","20090615"
"4J","1st","","setaria.acromelaena..small.",NA,"MWC","N","20090615"
"4J","1st","","setaria.sphaecealata..big.",NA,"MWC","N","20090615"
"4J","1st","","sporobolus.pyramidalis",NA,"MWC","N","20090615"
"4J","1st","","tragus.berteronianus",NA,"MWC","N","20090615"
"4J","1st","","x_3",NA,"MWC","N","20090615"
"4J","1st","","acalypha.crenata",NA,"MWC","N","20090615"
"4J","1st","","aerva.lanata",NA,"MWC","N","20090615"
"4J","1st","","amaranthus.hibridus",NA,"MWC","N","20090615"
"4J","1st","","aspilia.pluriseta",NA,"MWC","N","20090615"
"4J","1st","","asterolinon.adoense..v.",NA,"MWC","N","20090615"
"4J","1st","","caralluma.acutangula",NA,"MWC","N","20090615"
"4J","1st","","chenopodium.opulifolium",NA,"MWC","N","20090615"
"4J","1st","","chenopodium.schraderianum",NA,"MWC","N","20090615"
"4J","1st","","commelina.spp",NA,"MWC","N","20090615"
"4J","1st","","commicarpus.pedunculosus",NA,"MWC","N","20090615"
"4J","1st","","conyza.sp",NA,"MWC","N","20090615"
"4J","1st","","corchorus.sp",NA,"MWC","N","20090615"
"4J","1st","","crotelaria.sp",NA,"MWC","N","20090615"
"4J","1st","","cyathula.orthacantha",NA,"MWC","N","20090615"
"4J","1st","","dyscoriste.radicans",NA,"MWC","N","20090615"
"4J","1st","","euphorbia.inaequilatera",NA,"MWC","N","20090615"
"4J","1st","","evolvulus.alsinoides",NA,"MWC","N","20090615"
"4J","1st","","fern",NA,"MWC","N","20090615"
"4J","1st","","gutenbergia.sp",NA,"MWC","N","20090615"
"4J","1st","","hermannia.uhligii",NA,"MWC","N","20090615"
"4J","1st","","hibiscus.flavifolius",NA,"MWC","N","20090615"
"4J","1st","","hibiscus.trionum",NA,"MWC","N","20090615"
"4J","1st","","indigofera.brevicalyx",NA,"MWC","N","20090615"
"4J","1st","","indigofera.schimperi",NA,"MWC","N","20090615"
"4J","1st","","ipomea.sinensis",NA,"MWC","N","20090615"
"4J","1st","","justicia.dichipteroides",NA,"MWC","N","20090615"
"4J","1st","","k",NA,"MWC","N","20090615"
"4J","1st","","kyllinga.sp",NA,"MWC","N","20090615"
"4J","1st","","leucas.glabrata",NA,"MWC","N","20090615"
"4J","1st","","leucas.martiniscensis",NA,"MWC","N","20090615"
"4J","1st","","lily.a",NA,"MWC","N","20090615"
"4J","1st","","lily.b",NA,"MWC","N","20090615"
"4J","1st","","lippia.javanica",NA,"MWC","N","20090615"
"4J","1st","","melhania.spp.",NA,"MWC","N","20090615"
"4J","1st","","misopates.orontium",NA,"MWC","N","20090615"
"4J","1st","","mollugo.nudicaulis",NA,"MWC","N","20090615"
"4J","1st","","monechima.debile",NA,"MWC","N","20090615"
"4J","1st","","monsonia.augustifolia",NA,"MWC","N","20090615"
"4J","1st","","ocimum.sp",NA,"MWC","N","20090615"
"4J","1st","","osteospermum.vaillantii",NA,"MWC","N","20090615"
"4J","1st","","oxygonum.sinuatum",NA,"MWC","N","20090615"
"4J","1st","","pavonia.patens",NA,"MWC","N","20090615"
"4J","1st","","pelargonium.alchemilloides",NA,"MWC","N","20090615"
"4J","1st","","pentanisia.ouranogyne",NA,"MWC","N","20090615"
"4J","1st","","phyllanthus.maderaspatensis",NA,"MWC","N","20090615"
"4J","1st","","plectranthus.spp",NA,"MWC","N","20090615"
"4J","1st","","pollichia.campestris",NA,"MWC","N","20090615"
"4J","1st","","polygala..l.",NA,"MWC","N","20090615"
"4J","1st","","polygala.sphenoptera",NA,"MWC","N","20090615"
"4J","1st","","portulaca.oleracea",NA,"MWC","N","20090615"
"4J","1st","","portulaca.quadrifida",NA,"MWC","N","20090615"
"4J","1st","","pseudognaphalium..helichrysum.glumaceum.",NA,"MWC","N","20090615"
"4J","1st","","psilotrichum.schimperi",NA,"MWC","N","20090615"
"4J","1st","","rhinacanthus.ndorensis",NA,"MWC","N","20090615"
"4J","1st","","rhynchosia.holstii",NA,"MWC","N","20090615"
"4J","1st","","schkuhria.pinnata",NA,"MWC","N","20090615"
"4J","1st","","sida.2",NA,"MWC","N","20090615"
"4J","1st","","sida.cuneifolia",NA,"MWC","N","20090615"
"4J","1st","","solanum.incanum",NA,"MWC","N","20090615"
"4J","1st","","solanum.indicum",NA,"MWC","N","20090615"
"4J","1st","","tribulus.terrestris",NA,"MWC","N","20090615"
"4J","1st","","u",NA,"MWC","N","20090615"
"4J","1st","","w",NA,"MWC","N","20090615"
"4J","1st","","x_4",NA,"MWC","N","20090615"
"4J","1st","","x_5",NA,"MWC","N","20090615"
"4J","1st","","x_6",NA,"MWC","N","20090615"
"4J","1st","","x_7",NA,"MWC","N","20090615"
"4J","1st","","x_8",NA,"MWC","N","20090615"
"4H","1st","","bracharia.lacnantha",2,"MWC","N","20090615"
"4H","1st","","lintonia.nutans",NA,"MWC","N","20090615"
"4H","1st","","pennisetum.mezianum",NA,"MWC","N","20090615"
"4H","1st","","pennisetum.straminium",6,"MWC","N","20090615"
"4H","1st","","themeda.triandra",NA,"MWC","N","20090615"
"4H","1st","","bare",2,"MWC","N","20090615"
"4H","1st","","x_2",NA,"MWC","N","20090615"
"4H","1st","","aristida.kenyensis",NA,"MWC","N","20090615"
"4H","1st","","bothriochloa.insculpta",NA,"MWC","N","20090615"
"4H","1st","","bracharia.3",NA,"MWC","N","20090615"
"4H","1st","","bracharia.eruciformis",NA,"MWC","N","20090615"
"4H","1st","","chloris.sp",NA,"MWC","N","20090615"
"4H","1st","","cynodon.dactylon",NA,"MWC","N","20090615"
"4H","1st","","cynodon.plectostachyus",NA,"MWC","N","20090615"
"4H","1st","","cyperus...mariscus.spp",NA,"MWC","N","20090615"
"4H","1st","","digitaria.2",NA,"MWC","N","20090615"
"4H","1st","","digitaria.milanjiana",NA,"MWC","N","20090615"
"4H","1st","","dinebra.retroflexa",NA,"MWC","N","20090615"
"4H","1st","","eragrostis.tenuifolia",NA,"MWC","N","20090615"
"4H","1st","","harpachne.schimperi",NA,"MWC","N","20090615"
"4H","1st","","microchloa.kunthii",NA,"MWC","N","20090615"
"4H","1st","","panicum.astrosanguinum",NA,"MWC","N","20090615"
"4H","1st","","setaria.acromelaena..small.",NA,"MWC","N","20090615"
"4H","1st","","setaria.sphaecealata..big.",NA,"MWC","N","20090615"
"4H","1st","","sporobolus.pyramidalis",NA,"MWC","N","20090615"
"4H","1st","","tragus.berteronianus",NA,"MWC","N","20090615"
"4H","1st","","x_3",NA,"MWC","N","20090615"
"4H","1st","","acalypha.crenata",NA,"MWC","N","20090615"
"4H","1st","","aerva.lanata",NA,"MWC","N","20090615"
"4H","1st","","amaranthus.hibridus",NA,"MWC","N","20090615"
"4H","1st","","aspilia.pluriseta",NA,"MWC","N","20090615"
"4H","1st","","asterolinon.adoense..v.",NA,"MWC","N","20090615"
"4H","1st","","caralluma.acutangula",NA,"MWC","N","20090615"
"4H","1st","","chenopodium.opulifolium",NA,"MWC","N","20090615"
"4H","1st","","chenopodium.schraderianum",NA,"MWC","N","20090615"
"4H","1st","","commelina.spp",NA,"MWC","N","20090615"
"4H","1st","","commicarpus.pedunculosus",NA,"MWC","N","20090615"
"4H","1st","","conyza.sp",NA,"MWC","N","20090615"
"4H","1st","","corchorus.sp",NA,"MWC","N","20090615"
"4H","1st","","crotelaria.sp",NA,"MWC","N","20090615"
"4H","1st","","cyathula.orthacantha",NA,"MWC","N","20090615"
"4H","1st","","dyscoriste.radicans",NA,"MWC","N","20090615"
"4H","1st","","euphorbia.inaequilatera",NA,"MWC","N","20090615"
"4H","1st","","evolvulus.alsinoides",NA,"MWC","N","20090615"
"4H","1st","","fern",NA,"MWC","N","20090615"
"4H","1st","","gutenbergia.sp",NA,"MWC","N","20090615"
"4H","1st","","hermannia.uhligii",NA,"MWC","N","20090615"
"4H","1st","","hibiscus.flavifolius",NA,"MWC","N","20090615"
"4H","1st","","hibiscus.trionum",NA,"MWC","N","20090615"
"4H","1st","","indigofera.brevicalyx",NA,"MWC","N","20090615"
"4H","1st","","indigofera.schimperi",NA,"MWC","N","20090615"
"4H","1st","","ipomea.sinensis",NA,"MWC","N","20090615"
"4H","1st","","justicia.dichipteroides",NA,"MWC","N","20090615"
"4H","1st","","k",NA,"MWC","N","20090615"
"4H","1st","","kyllinga.sp",NA,"MWC","N","20090615"
"4H","1st","","leucas.glabrata",NA,"MWC","N","20090615"
"4H","1st","","leucas.martiniscensis",NA,"MWC","N","20090615"
"4H","1st","","lily.a",NA,"MWC","N","20090615"
"4H","1st","","lily.b",NA,"MWC","N","20090615"
"4H","1st","","lippia.javanica",NA,"MWC","N","20090615"
"4H","1st","","melhania.spp.",NA,"MWC","N","20090615"
"4H","1st","","misopates.orontium",NA,"MWC","N","20090615"
"4H","1st","","mollugo.nudicaulis",NA,"MWC","N","20090615"
"4H","1st","","monechima.debile",NA,"MWC","N","20090615"
"4H","1st","","monsonia.augustifolia",NA,"MWC","N","20090615"
"4H","1st","","ocimum.sp",NA,"MWC","N","20090615"
"4H","1st","","osteospermum.vaillantii",NA,"MWC","N","20090615"
"4H","1st","","oxygonum.sinuatum",NA,"MWC","N","20090615"
"4H","1st","","pavonia.patens",NA,"MWC","N","20090615"
"4H","1st","","pelargonium.alchemilloides",NA,"MWC","N","20090615"
"4H","1st","","pentanisia.ouranogyne",NA,"MWC","N","20090615"
"4H","1st","","phyllanthus.maderaspatensis",NA,"MWC","N","20090615"
"4H","1st","","plectranthus.spp",NA,"MWC","N","20090615"
"4H","1st","","pollichia.campestris",NA,"MWC","N","20090615"
"4H","1st","","polygala..l.",NA,"MWC","N","20090615"
"4H","1st","","polygala.sphenoptera",NA,"MWC","N","20090615"
"4H","1st","","portulaca.oleracea",NA,"MWC","N","20090615"
"4H","1st","","portulaca.quadrifida",NA,"MWC","N","20090615"
"4H","1st","","pseudognaphalium..helichrysum.glumaceum.",NA,"MWC","N","20090615"
"4H","1st","","psilotrichum.schimperi",NA,"MWC","N","20090615"
"4H","1st","","rhinacanthus.ndorensis",NA,"MWC","N","20090615"
"4H","1st","","rhynchosia.holstii",NA,"MWC","N","20090615"
"4H","1st","","schkuhria.pinnata",NA,"MWC","N","20090615"
"4H","1st","","sida.2",NA,"MWC","N","20090615"
"4H","1st","","sida.cuneifolia",NA,"MWC","N","20090615"
"4H","1st","","solanum.incanum",NA,"MWC","N","20090615"
"4H","1st","","solanum.indicum",NA,"MWC","N","20090615"
"4H","1st","","tribulus.terrestris",NA,"MWC","N","20090615"
"4H","1st","","u",NA,"MWC","N","20090615"
"4H","1st","","w",NA,"MWC","N","20090615"
"4H","1st","","x_4",NA,"MWC","N","20090615"
"4H","1st","","x_5",NA,"MWC","N","20090615"
"4H","1st","","x_6",NA,"MWC","N","20090615"
"4H","1st","","x_7",NA,"MWC","N","20090615"
"4H","1st","","x_8",NA,"MWC","N","20090615"
"4F","1st","","bracharia.lacnantha",NA,"MWC","N","20090615"
"4F","1st","","lintonia.nutans",NA,"MWC","N","20090615"
"4F","1st","","pennisetum.mezianum",NA,"MWC","N","20090615"
"4F","1st","","pennisetum.straminium",NA,"MWC","N","20090615"
"4F","1st","","themeda.triandra",8,"MWC","N","20090615"
"4F","1st","","bare",2,"MWC","N","20090615"
"4F","1st","","x_2",NA,"MWC","N","20090615"
"4F","1st","","aristida.kenyensis",NA,"MWC","N","20090615"
"4F","1st","","bothriochloa.insculpta",NA,"MWC","N","20090615"
"4F","1st","","bracharia.3",NA,"MWC","N","20090615"
"4F","1st","","bracharia.eruciformis",NA,"MWC","N","20090615"
"4F","1st","","chloris.sp",NA,"MWC","N","20090615"
"4F","1st","","cynodon.dactylon",NA,"MWC","N","20090615"
"4F","1st","","cynodon.plectostachyus",NA,"MWC","N","20090615"
"4F","1st","","cyperus...mariscus.spp",NA,"MWC","N","20090615"
"4F","1st","","digitaria.2",NA,"MWC","N","20090615"
"4F","1st","","digitaria.milanjiana",NA,"MWC","N","20090615"
"4F","1st","","dinebra.retroflexa",NA,"MWC","N","20090615"
"4F","1st","","eragrostis.tenuifolia",NA,"MWC","N","20090615"
"4F","1st","","harpachne.schimperi",NA,"MWC","N","20090615"
"4F","1st","","microchloa.kunthii",NA,"MWC","N","20090615"
"4F","1st","","panicum.astrosanguinum",NA,"MWC","N","20090615"
"4F","1st","","setaria.acromelaena..small.",NA,"MWC","N","20090615"
"4F","1st","","setaria.sphaecealata..big.",NA,"MWC","N","20090615"
"4F","1st","","sporobolus.pyramidalis",NA,"MWC","N","20090615"
"4F","1st","","tragus.berteronianus",NA,"MWC","N","20090615"
"4F","1st","","x_3",NA,"MWC","N","20090615"
"4F","1st","","acalypha.crenata",NA,"MWC","N","20090615"
"4F","1st","","aerva.lanata",NA,"MWC","N","20090615"
"4F","1st","","amaranthus.hibridus",NA,"MWC","N","20090615"
"4F","1st","","aspilia.pluriseta",NA,"MWC","N","20090615"
"4F","1st","","asterolinon.adoense..v.",NA,"MWC","N","20090615"
"4F","1st","","caralluma.acutangula",NA,"MWC","N","20090615"
"4F","1st","","chenopodium.opulifolium",NA,"MWC","N","20090615"
"4F","1st","","chenopodium.schraderianum",NA,"MWC","N","20090615"
"4F","1st","","commelina.spp",NA,"MWC","N","20090615"
"4F","1st","","commicarpus.pedunculosus",NA,"MWC","N","20090615"
"4F","1st","","conyza.sp",NA,"MWC","N","20090615"
"4F","1st","","corchorus.sp",NA,"MWC","N","20090615"
"4F","1st","","crotelaria.sp",NA,"MWC","N","20090615"
"4F","1st","","cyathula.orthacantha",NA,"MWC","N","20090615"
"4F","1st","","dyscoriste.radicans",NA,"MWC","N","20090615"
"4F","1st","","euphorbia.inaequilatera",NA,"MWC","N","20090615"
"4F","1st","","evolvulus.alsinoides",NA,"MWC","N","20090615"
"4F","1st","","fern",NA,"MWC","N","20090615"
"4F","1st","","gutenbergia.sp",NA,"MWC","N","20090615"
"4F","1st","","hermannia.uhligii",NA,"MWC","N","20090615"
"4F","1st","","hibiscus.flavifolius",NA,"MWC","N","20090615"
"4F","1st","","hibiscus.trionum",NA,"MWC","N","20090615"
"4F","1st","","indigofera.brevicalyx",NA,"MWC","N","20090615"
"4F","1st","","indigofera.schimperi",NA,"MWC","N","20090615"
"4F","1st","","ipomea.sinensis",NA,"MWC","N","20090615"
"4F","1st","","justicia.dichipteroides",NA,"MWC","N","20090615"
"4F","1st","","k",NA,"MWC","N","20090615"
"4F","1st","","kyllinga.sp",NA,"MWC","N","20090615"
"4F","1st","","leucas.glabrata",NA,"MWC","N","20090615"
"4F","1st","","leucas.martiniscensis",NA,"MWC","N","20090615"
"4F","1st","","lily.a",NA,"MWC","N","20090615"
"4F","1st","","lily.b",NA,"MWC","N","20090615"
"4F","1st","","lippia.javanica",NA,"MWC","N","20090615"
"4F","1st","","melhania.spp.",NA,"MWC","N","20090615"
"4F","1st","","misopates.orontium",NA,"MWC","N","20090615"
"4F","1st","","mollugo.nudicaulis",NA,"MWC","N","20090615"
"4F","1st","","monechima.debile",NA,"MWC","N","20090615"
"4F","1st","","monsonia.augustifolia",NA,"MWC","N","20090615"
"4F","1st","","ocimum.sp",NA,"MWC","N","20090615"
"4F","1st","","osteospermum.vaillantii",NA,"MWC","N","20090615"
"4F","1st","","oxygonum.sinuatum",NA,"MWC","N","20090615"
"4F","1st","","pavonia.patens",NA,"MWC","N","20090615"
"4F","1st","","pelargonium.alchemilloides",NA,"MWC","N","20090615"
"4F","1st","","pentanisia.ouranogyne",NA,"MWC","N","20090615"
"4F","1st","","phyllanthus.maderaspatensis",NA,"MWC","N","20090615"
"4F","1st","","plectranthus.spp",NA,"MWC","N","20090615"
"4F","1st","","pollichia.campestris",NA,"MWC","N","20090615"
"4F","1st","","polygala..l.",NA,"MWC","N","20090615"
"4F","1st","","polygala.sphenoptera",NA,"MWC","N","20090615"
"4F","1st","","portulaca.oleracea",NA,"MWC","N","20090615"
"4F","1st","","portulaca.quadrifida",NA,"MWC","N","20090615"
"4F","1st","","pseudognaphalium..helichrysum.glumaceum.",NA,"MWC","N","20090615"
"4F","1st","","psilotrichum.schimperi",NA,"MWC","N","20090615"
"4F","1st","","rhinacanthus.ndorensis",NA,"MWC","N","20090615"
"4F","1st","","rhynchosia.holstii",NA,"MWC","N","20090615"
"4F","1st","","schkuhria.pinnata",NA,"MWC","N","20090615"
"4F","1st","","sida.2",NA,"MWC","N","20090615"
"4F","1st","","sida.cuneifolia",NA,"MWC","N","20090615"
"4F","1st","","solanum.incanum",NA,"MWC","N","20090615"
"4F","1st","","solanum.indicum",NA,"MWC","N","20090615"
"4F","1st","","tribulus.terrestris",NA,"MWC","N","20090615"
"4F","1st","","u",NA,"MWC","N","20090615"
"4F","1st","","w",NA,"MWC","N","20090615"
"4F","1st","","x_4",NA,"MWC","N","20090615"
"4F","1st","","x_5",NA,"MWC","N","20090615"
"4F","1st","","x_6",NA,"MWC","N","20090615"
"4F","1st","","x_7",NA,"MWC","N","20090615"
"4F","1st","","x_8",NA,"MWC","N","20090615"
"4D","1st","","bracharia.lacnantha",NA,"MWC","N","20090615"
"4D","1st","","lintonia.nutans",NA,"MWC","N","20090615"
"4D","1st","","pennisetum.mezianum",NA,"MWC","N","20090615"
"4D","1st","","pennisetum.straminium",NA,"MWC","N","20090615"
"4D","1st","","themeda.triandra",3,"MWC","N","20090615"
"4D","1st","","bare",6,"MWC","N","20090615"
"4D","1st","","x_2",NA,"MWC","N","20090615"
"4D","1st","","aristida.kenyensis",NA,"MWC","N","20090615"
"4D","1st","","bothriochloa.insculpta",NA,"MWC","N","20090615"
"4D","1st","","bracharia.3",NA,"MWC","N","20090615"
"4D","1st","","bracharia.eruciformis",NA,"MWC","N","20090615"
"4D","1st","","chloris.sp",NA,"MWC","N","20090615"
"4D","1st","","cynodon.dactylon",NA,"MWC","N","20090615"
"4D","1st","","cynodon.plectostachyus",NA,"MWC","N","20090615"
"4D","1st","","cyperus...mariscus.spp",NA,"MWC","N","20090615"
"4D","1st","","digitaria.2",NA,"MWC","N","20090615"
"4D","1st","","digitaria.milanjiana",NA,"MWC","N","20090615"
"4D","1st","","dinebra.retroflexa",NA,"MWC","N","20090615"
"4D","1st","","eragrostis.tenuifolia",NA,"MWC","N","20090615"
"4D","1st","","harpachne.schimperi",NA,"MWC","N","20090615"
"4D","1st","","microchloa.kunthii",NA,"MWC","N","20090615"
"4D","1st","","panicum.astrosanguinum",NA,"MWC","N","20090615"
"4D","1st","","setaria.acromelaena..small.",NA,"MWC","N","20090615"
"4D","1st","","setaria.sphaecealata..big.",1,"MWC","N","20090615"
"4D","1st","","sporobolus.pyramidalis",NA,"MWC","N","20090615"
"4D","1st","","tragus.berteronianus",NA,"MWC","N","20090615"
"4D","1st","","x_3",NA,"MWC","N","20090615"
"4D","1st","","acalypha.crenata",NA,"MWC","N","20090615"
"4D","1st","","aerva.lanata",NA,"MWC","N","20090615"
"4D","1st","","amaranthus.hibridus",NA,"MWC","N","20090615"
"4D","1st","","aspilia.pluriseta",NA,"MWC","N","20090615"
"4D","1st","","asterolinon.adoense..v.",NA,"MWC","N","20090615"
"4D","1st","","caralluma.acutangula",NA,"MWC","N","20090615"
"4D","1st","","chenopodium.opulifolium",NA,"MWC","N","20090615"
"4D","1st","","chenopodium.schraderianum",NA,"MWC","N","20090615"
"4D","1st","","commelina.spp",NA,"MWC","N","20090615"
"4D","1st","","commicarpus.pedunculosus",NA,"MWC","N","20090615"
"4D","1st","","conyza.sp",NA,"MWC","N","20090615"
"4D","1st","","corchorus.sp",NA,"MWC","N","20090615"
"4D","1st","","crotelaria.sp",NA,"MWC","N","20090615"
"4D","1st","","cyathula.orthacantha",NA,"MWC","N","20090615"
"4D","1st","","dyscoriste.radicans",NA,"MWC","N","20090615"
"4D","1st","","euphorbia.inaequilatera",NA,"MWC","N","20090615"
"4D","1st","","evolvulus.alsinoides",NA,"MWC","N","20090615"
"4D","1st","","fern",NA,"MWC","N","20090615"
"4D","1st","","gutenbergia.sp",NA,"MWC","N","20090615"
"4D","1st","","hermannia.uhligii",NA,"MWC","N","20090615"
"4D","1st","","hibiscus.flavifolius",NA,"MWC","N","20090615"
"4D","1st","","hibiscus.trionum",NA,"MWC","N","20090615"
"4D","1st","","indigofera.brevicalyx",NA,"MWC","N","20090615"
"4D","1st","","indigofera.schimperi",NA,"MWC","N","20090615"
"4D","1st","","ipomea.sinensis",NA,"MWC","N","20090615"
"4D","1st","","justicia.dichipteroides",NA,"MWC","N","20090615"
"4D","1st","","k",NA,"MWC","N","20090615"
"4D","1st","","kyllinga.sp",NA,"MWC","N","20090615"
"4D","1st","","leucas.glabrata",NA,"MWC","N","20090615"
"4D","1st","","leucas.martiniscensis",NA,"MWC","N","20090615"
"4D","1st","","lily.a",NA,"MWC","N","20090615"
"4D","1st","","lily.b",NA,"MWC","N","20090615"
"4D","1st","","lippia.javanica",NA,"MWC","N","20090615"
"4D","1st","","melhania.spp.",NA,"MWC","N","20090615"
"4D","1st","","misopates.orontium",NA,"MWC","N","20090615"
"4D","1st","","mollugo.nudicaulis",NA,"MWC","N","20090615"
"4D","1st","","monechima.debile",NA,"MWC","N","20090615"
"4D","1st","","monsonia.augustifolia",NA,"MWC","N","20090615"
"4D","1st","","ocimum.sp",NA,"MWC","N","20090615"
"4D","1st","","osteospermum.vaillantii",NA,"MWC","N","20090615"
"4D","1st","","oxygonum.sinuatum",NA,"MWC","N","20090615"
"4D","1st","","pavonia.patens",NA,"MWC","N","20090615"
"4D","1st","","pelargonium.alchemilloides",NA,"MWC","N","20090615"
"4D","1st","","pentanisia.ouranogyne",NA,"MWC","N","20090615"
"4D","1st","","phyllanthus.maderaspatensis",NA,"MWC","N","20090615"
"4D","1st","","plectranthus.spp",NA,"MWC","N","20090615"
"4D","1st","","pollichia.campestris",NA,"MWC","N","20090615"
"4D","1st","","polygala..l.",NA,"MWC","N","20090615"
"4D","1st","","polygala.sphenoptera",NA,"MWC","N","20090615"
"4D","1st","","portulaca.oleracea",NA,"MWC","N","20090615"
"4D","1st","","portulaca.quadrifida",NA,"MWC","N","20090615"
"4D","1st","","pseudognaphalium..helichrysum.glumaceum.",NA,"MWC","N","20090615"
"4D","1st","","psilotrichum.schimperi",NA,"MWC","N","20090615"
"4D","1st","","rhinacanthus.ndorensis",NA,"MWC","N","20090615"
"4D","1st","","rhynchosia.holstii",NA,"MWC","N","20090615"
"4D","1st","","schkuhria.pinnata",NA,"MWC","N","20090615"
"4D","1st","","sida.2",NA,"MWC","N","20090615"
"4D","1st","","sida.cuneifolia",NA,"MWC","N","20090615"
"4D","1st","","solanum.incanum",NA,"MWC","N","20090615"
"4D","1st","","solanum.indicum",NA,"MWC","N","20090615"
"4D","1st","","tribulus.terrestris",NA,"MWC","N","20090615"
"4D","1st","","u",NA,"MWC","N","20090615"
"4D","1st","","w",NA,"MWC","N","20090615"
"4D","1st","","x_4",NA,"MWC","N","20090615"
"4D","1st","","x_5",NA,"MWC","N","20090615"
"4D","1st","","x_6",NA,"MWC","N","20090615"
"4D","1st","","x_7",NA,"MWC","N","20090615"
"4D","1st","","x_8",NA,"MWC","N","20090615"
"4B","1st","","bracharia.lacnantha",3,"MWC","N","20090615"
"4B","1st","","lintonia.nutans",NA,"MWC","N","20090615"
"4B","1st","","pennisetum.mezianum",NA,"MWC","N","20090615"
"4B","1st","","pennisetum.straminium",NA,"MWC","N","20090615"
"4B","1st","","themeda.triandra",5,"MWC","N","20090615"
"4B","1st","","bare",4,"MWC","N","20090615"
"4B","1st","","x_2",NA,"MWC","N","20090615"
"4B","1st","","aristida.kenyensis",NA,"MWC","N","20090615"
"4B","1st","","bothriochloa.insculpta",NA,"MWC","N","20090615"
"4B","1st","","bracharia.3",NA,"MWC","N","20090615"
"4B","1st","","bracharia.eruciformis",NA,"MWC","N","20090615"
"4B","1st","","chloris.sp",NA,"MWC","N","20090615"
"4B","1st","","cynodon.dactylon",NA,"MWC","N","20090615"
"4B","1st","","cynodon.plectostachyus",NA,"MWC","N","20090615"
"4B","1st","","cyperus...mariscus.spp",NA,"MWC","N","20090615"
"4B","1st","","digitaria.2",NA,"MWC","N","20090615"
"4B","1st","","digitaria.milanjiana",NA,"MWC","N","20090615"
"4B","1st","","dinebra.retroflexa",NA,"MWC","N","20090615"
"4B","1st","","eragrostis.tenuifolia",NA,"MWC","N","20090615"
"4B","1st","","harpachne.schimperi",NA,"MWC","N","20090615"
"4B","1st","","microchloa.kunthii",NA,"MWC","N","20090615"
"4B","1st","","panicum.astrosanguinum",NA,"MWC","N","20090615"
"4B","1st","","setaria.acromelaena..small.",NA,"MWC","N","20090615"
"4B","1st","","setaria.sphaecealata..big.",NA,"MWC","N","20090615"
"4B","1st","","sporobolus.pyramidalis",NA,"MWC","N","20090615"
"4B","1st","","tragus.berteronianus",NA,"MWC","N","20090615"
"4B","1st","","x_3",NA,"MWC","N","20090615"
"4B","1st","","acalypha.crenata",NA,"MWC","N","20090615"
"4B","1st","","aerva.lanata",NA,"MWC","N","20090615"
"4B","1st","","amaranthus.hibridus",NA,"MWC","N","20090615"
"4B","1st","","aspilia.pluriseta",NA,"MWC","N","20090615"
"4B","1st","","asterolinon.adoense..v.",NA,"MWC","N","20090615"
"4B","1st","","caralluma.acutangula",NA,"MWC","N","20090615"
"4B","1st","","chenopodium.opulifolium",NA,"MWC","N","20090615"
"4B","1st","","chenopodium.schraderianum",NA,"MWC","N","20090615"
"4B","1st","","commelina.spp",NA,"MWC","N","20090615"
"4B","1st","","commicarpus.pedunculosus",NA,"MWC","N","20090615"
"4B","1st","","conyza.sp",NA,"MWC","N","20090615"
"4B","1st","","corchorus.sp",NA,"MWC","N","20090615"
"4B","1st","","crotelaria.sp",NA,"MWC","N","20090615"
"4B","1st","","cyathula.orthacantha",NA,"MWC","N","20090615"
"4B","1st","","dyscoriste.radicans",NA,"MWC","N","20090615"
"4B","1st","","euphorbia.inaequilatera",NA,"MWC","N","20090615"
"4B","1st","","evolvulus.alsinoides",NA,"MWC","N","20090615"
"4B","1st","","fern",NA,"MWC","N","20090615"
"4B","1st","","gutenbergia.sp",NA,"MWC","N","20090615"
"4B","1st","","hermannia.uhligii",NA,"MWC","N","20090615"
"4B","1st","","hibiscus.flavifolius",NA,"MWC","N","20090615"
"4B","1st","","hibiscus.trionum",NA,"MWC","N","20090615"
"4B","1st","","indigofera.brevicalyx",NA,"MWC","N","20090615"
"4B","1st","","indigofera.schimperi",NA,"MWC","N","20090615"
"4B","1st","","ipomea.sinensis",NA,"MWC","N","20090615"
"4B","1st","","justicia.dichipteroides",NA,"MWC","N","20090615"
"4B","1st","","k",NA,"MWC","N","20090615"
"4B","1st","","kyllinga.sp",NA,"MWC","N","20090615"
"4B","1st","","leucas.glabrata",NA,"MWC","N","20090615"
"4B","1st","","leucas.martiniscensis",NA,"MWC","N","20090615"
"4B","1st","","lily.a",NA,"MWC","N","20090615"
"4B","1st","","lily.b",NA,"MWC","N","20090615"
"4B","1st","","lippia.javanica",NA,"MWC","N","20090615"
"4B","1st","","melhania.spp.",NA,"MWC","N","20090615"
"4B","1st","","misopates.orontium",NA,"MWC","N","20090615"
"4B","1st","","mollugo.nudicaulis",NA,"MWC","N","20090615"
"4B","1st","","monechima.debile",NA,"MWC","N","20090615"
"4B","1st","","monsonia.augustifolia",NA,"MWC","N","20090615"
"4B","1st","","ocimum.sp",NA,"MWC","N","20090615"
"4B","1st","","osteospermum.vaillantii",NA,"MWC","N","20090615"
"4B","1st","","oxygonum.sinuatum",NA,"MWC","N","20090615"
"4B","1st","","pavonia.patens",NA,"MWC","N","20090615"
"4B","1st","","pelargonium.alchemilloides",NA,"MWC","N","20090615"
"4B","1st","","pentanisia.ouranogyne",NA,"MWC","N","20090615"
"4B","1st","","phyllanthus.maderaspatensis",NA,"MWC","N","20090615"
"4B","1st","","plectranthus.spp",NA,"MWC","N","20090615"
"4B","1st","","pollichia.campestris",NA,"MWC","N","20090615"
"4B","1st","","polygala..l.",NA,"MWC","N","20090615"
"4B","1st","","polygala.sphenoptera",NA,"MWC","N","20090615"
"4B","1st","","portulaca.oleracea",NA,"MWC","N","20090615"
"4B","1st","","portulaca.quadrifida",NA,"MWC","N","20090615"
"4B","1st","","pseudognaphalium..helichrysum.glumaceum.",NA,"MWC","N","20090615"
"4B","1st","","psilotrichum.schimperi",NA,"MWC","N","20090615"
"4B","1st","","rhinacanthus.ndorensis",NA,"MWC","N","20090615"
"4B","1st","","rhynchosia.holstii",NA,"MWC","N","20090615"
"4B","1st","","schkuhria.pinnata",NA,"MWC","N","20090615"
"4B","1st","","sida.2",NA,"MWC","N","20090615"
"4B","1st","","sida.cuneifolia",NA,"MWC","N","20090615"
"4B","1st","","solanum.incanum",NA,"MWC","N","20090615"
"4B","1st","","solanum.indicum",NA,"MWC","N","20090615"
"4B","1st","","tribulus.terrestris",NA,"MWC","N","20090615"
"4B","1st","","u",NA,"MWC","N","20090615"
"4B","1st","","w",NA,"MWC","N","20090615"
"4B","1st","","x_4",NA,"MWC","N","20090615"
"4B","1st","","x_5",NA,"MWC","N","20090615"
"4B","1st","","x_6",NA,"MWC","N","20090615"
"4B","1st","","x_7",NA,"MWC","N","20090615"
"4B","1st","","x_8",NA,"MWC","N","20090615"
"5A","1st","","bracharia.lacnantha",NA,"MWC","N","20090615"
"5A","1st","","lintonia.nutans",NA,"MWC","N","20090615"
"5A","1st","","pennisetum.mezianum",NA,"MWC","N","20090615"
"5A","1st","","pennisetum.straminium",NA,"MWC","N","20090615"
"5A","1st","","themeda.triandra",NA,"MWC","N","20090615"
"5A","1st","","bare",6,"MWC","N","20090615"
"5A","1st","","x_2",NA,"MWC","N","20090615"
"5A","1st","","aristida.kenyensis",NA,"MWC","N","20090615"
"5A","1st","","bothriochloa.insculpta",NA,"MWC","N","20090615"
"5A","1st","","bracharia.3",NA,"MWC","N","20090615"
"5A","1st","","bracharia.eruciformis",NA,"MWC","N","20090615"
"5A","1st","","chloris.sp",NA,"MWC","N","20090615"
"5A","1st","","cynodon.dactylon",NA,"MWC","N","20090615"
"5A","1st","","cynodon.plectostachyus",NA,"MWC","N","20090615"
"5A","1st","","cyperus...mariscus.spp",NA,"MWC","N","20090615"
"5A","1st","","digitaria.2",NA,"MWC","N","20090615"
"5A","1st","","digitaria.milanjiana",NA,"MWC","N","20090615"
"5A","1st","","dinebra.retroflexa",NA,"MWC","N","20090615"
"5A","1st","","eragrostis.tenuifolia",NA,"MWC","N","20090615"
"5A","1st","","harpachne.schimperi",NA,"MWC","N","20090615"
"5A","1st","","microchloa.kunthii",NA,"MWC","N","20090615"
"5A","1st","","panicum.astrosanguinum",NA,"MWC","N","20090615"
"5A","1st","","setaria.acromelaena..small.",NA,"MWC","N","20090615"
"5A","1st","","setaria.sphaecealata..big.",NA,"MWC","N","20090615"
"5A","1st","","sporobolus.pyramidalis",NA,"MWC","N","20090615"
"5A","1st","","tragus.berteronianus",NA,"MWC","N","20090615"
"5A","1st","","x_3",NA,"MWC","N","20090615"
"5A","1st","","acalypha.crenata",NA,"MWC","N","20090615"
"5A","1st","","aerva.lanata",NA,"MWC","N","20090615"
"5A","1st","","amaranthus.hibridus",NA,"MWC","N","20090615"
"5A","1st","","aspilia.pluriseta",NA,"MWC","N","20090615"
"5A","1st","","asterolinon.adoense..v.",NA,"MWC","N","20090615"
"5A","1st","","caralluma.acutangula",NA,"MWC","N","20090615"
"5A","1st","","chenopodium.opulifolium",NA,"MWC","N","20090615"
"5A","1st","","chenopodium.schraderianum",NA,"MWC","N","20090615"
"5A","1st","","commelina.spp",NA,"MWC","N","20090615"
"5A","1st","","commicarpus.pedunculosus",NA,"MWC","N","20090615"
"5A","1st","","conyza.sp",NA,"MWC","N","20090615"
"5A","1st","","corchorus.sp",NA,"MWC","N","20090615"
"5A","1st","","crotelaria.sp",NA,"MWC","N","20090615"
"5A","1st","","cyathula.orthacantha",NA,"MWC","N","20090615"
"5A","1st","","dyscoriste.radicans",NA,"MWC","N","20090615"
"5A","1st","","euphorbia.inaequilatera",NA,"MWC","N","20090615"
"5A","1st","","evolvulus.alsinoides",NA,"MWC","N","20090615"
"5A","1st","","fern",NA,"MWC","N","20090615"
"5A","1st","","gutenbergia.sp",NA,"MWC","N","20090615"
"5A","1st","","hermannia.uhligii",NA,"MWC","N","20090615"
"5A","1st","","hibiscus.flavifolius",NA,"MWC","N","20090615"
"5A","1st","","hibiscus.trionum",NA,"MWC","N","20090615"
"5A","1st","","indigofera.brevicalyx",NA,"MWC","N","20090615"
"5A","1st","","indigofera.schimperi",NA,"MWC","N","20090615"
"5A","1st","","ipomea.sinensis",NA,"MWC","N","20090615"
"5A","1st","","justicia.dichipteroides",NA,"MWC","N","20090615"
"5A","1st","","k",NA,"MWC","N","20090615"
"5A","1st","","kyllinga.sp",NA,"MWC","N","20090615"
"5A","1st","","leucas.glabrata",NA,"MWC","N","20090615"
"5A","1st","","leucas.martiniscensis",NA,"MWC","N","20090615"
"5A","1st","","lily.a",NA,"MWC","N","20090615"
"5A","1st","","lily.b",NA,"MWC","N","20090615"
"5A","1st","","lippia.javanica",NA,"MWC","N","20090615"
"5A","1st","","melhania.spp.",NA,"MWC","N","20090615"
"5A","1st","","misopates.orontium",NA,"MWC","N","20090615"
"5A","1st","","mollugo.nudicaulis",NA,"MWC","N","20090615"
"5A","1st","","monechima.debile",NA,"MWC","N","20090615"
"5A","1st","","monsonia.augustifolia",NA,"MWC","N","20090615"
"5A","1st","","ocimum.sp",NA,"MWC","N","20090615"
"5A","1st","","osteospermum.vaillantii",NA,"MWC","N","20090615"
"5A","1st","","oxygonum.sinuatum",NA,"MWC","N","20090615"
"5A","1st","","pavonia.patens",NA,"MWC","N","20090615"
"5A","1st","","pelargonium.alchemilloides",NA,"MWC","N","20090615"
"5A","1st","","pentanisia.ouranogyne",NA,"MWC","N","20090615"
"5A","1st","","phyllanthus.maderaspatensis",NA,"MWC","N","20090615"
"5A","1st","","plectranthus.spp",NA,"MWC","N","20090615"
"5A","1st","","pollichia.campestris",NA,"MWC","N","20090615"
"5A","1st","","polygala..l.",NA,"MWC","N","20090615"
"5A","1st","","polygala.sphenoptera",NA,"MWC","N","20090615"
"5A","1st","","portulaca.oleracea",NA,"MWC","N","20090615"
"5A","1st","","portulaca.quadrifida",NA,"MWC","N","20090615"
"5A","1st","","pseudognaphalium..helichrysum.glumaceum.",NA,"MWC","N","20090615"
"5A","1st","","psilotrichum.schimperi",NA,"MWC","N","20090615"
"5A","1st","","rhinacanthus.ndorensis",NA,"MWC","N","20090615"
"5A","1st","","rhynchosia.holstii",NA,"MWC","N","20090615"
"5A","1st","","schkuhria.pinnata",NA,"MWC","N","20090615"
"5A","1st","","sida.2",NA,"MWC","N","20090615"
"5A","1st","","sida.cuneifolia",NA,"MWC","N","20090615"
"5A","1st","","solanum.incanum",NA,"MWC","N","20090615"
"5A","1st","","solanum.indicum",NA,"MWC","N","20090615"
"5A","1st","","tribulus.terrestris",NA,"MWC","N","20090615"
"5A","1st","","u",NA,"MWC","N","20090615"
"5A","1st","","w",NA,"MWC","N","20090615"
"5A","1st","","x_4",NA,"MWC","N","20090615"
"5A","1st","","x_5",NA,"MWC","N","20090615"
"5A","1st","","x_6",NA,"MWC","N","20090615"
"5A","1st","","x_7",NA,"MWC","N","20090615"
"5A","1st","","x_8",NA,"MWC","N","20090615"
"5C","1st","","bracharia.lacnantha",NA,"MWC","N","20090615"
"5C","1st","","lintonia.nutans",NA,"MWC","N","20090615"
"5C","1st","","pennisetum.mezianum",NA,"MWC","N","20090615"
"5C","1st","","pennisetum.straminium",NA,"MWC","N","20090615"
"5C","1st","","themeda.triandra",NA,"MWC","N","20090615"
"5C","1st","","bare",6,"MWC","N","20090615"
"5C","1st","","x_2",NA,"MWC","N","20090615"
"5C","1st","","aristida.kenyensis",NA,"MWC","N","20090615"
"5C","1st","","bothriochloa.insculpta",NA,"MWC","N","20090615"
"5C","1st","","bracharia.3",NA,"MWC","N","20090615"
"5C","1st","","bracharia.eruciformis",NA,"MWC","N","20090615"
"5C","1st","","chloris.sp",NA,"MWC","N","20090615"
"5C","1st","","cynodon.dactylon",NA,"MWC","N","20090615"
"5C","1st","","cynodon.plectostachyus",NA,"MWC","N","20090615"
"5C","1st","","cyperus...mariscus.spp",NA,"MWC","N","20090615"
"5C","1st","","digitaria.2",NA,"MWC","N","20090615"
"5C","1st","","digitaria.milanjiana",NA,"MWC","N","20090615"
"5C","1st","","dinebra.retroflexa",NA,"MWC","N","20090615"
"5C","1st","","eragrostis.tenuifolia",NA,"MWC","N","20090615"
"5C","1st","","harpachne.schimperi",NA,"MWC","N","20090615"
"5C","1st","","microchloa.kunthii",NA,"MWC","N","20090615"
"5C","1st","","panicum.astrosanguinum",NA,"MWC","N","20090615"
"5C","1st","","setaria.acromelaena..small.",NA,"MWC","N","20090615"
"5C","1st","","setaria.sphaecealata..big.",NA,"MWC","N","20090615"
"5C","1st","","sporobolus.pyramidalis",NA,"MWC","N","20090615"
"5C","1st","","tragus.berteronianus",NA,"MWC","N","20090615"
"5C","1st","","x_3",NA,"MWC","N","20090615"
"5C","1st","","acalypha.crenata",NA,"MWC","N","20090615"
"5C","1st","","aerva.lanata",NA,"MWC","N","20090615"
"5C","1st","","amaranthus.hibridus",NA,"MWC","N","20090615"
"5C","1st","","aspilia.pluriseta",NA,"MWC","N","20090615"
"5C","1st","","asterolinon.adoense..v.",NA,"MWC","N","20090615"
"5C","1st","","caralluma.acutangula",NA,"MWC","N","20090615"
"5C","1st","","chenopodium.opulifolium",NA,"MWC","N","20090615"
"5C","1st","","chenopodium.schraderianum",NA,"MWC","N","20090615"
"5C","1st","","commelina.spp",NA,"MWC","N","20090615"
"5C","1st","","commicarpus.pedunculosus",NA,"MWC","N","20090615"
"5C","1st","","conyza.sp",NA,"MWC","N","20090615"
"5C","1st","","corchorus.sp",NA,"MWC","N","20090615"
"5C","1st","","crotelaria.sp",NA,"MWC","N","20090615"
"5C","1st","","cyathula.orthacantha",NA,"MWC","N","20090615"
"5C","1st","","dyscoriste.radicans",NA,"MWC","N","20090615"
"5C","1st","","euphorbia.inaequilatera",NA,"MWC","N","20090615"
"5C","1st","","evolvulus.alsinoides",NA,"MWC","N","20090615"
"5C","1st","","fern",NA,"MWC","N","20090615"
"5C","1st","","gutenbergia.sp",NA,"MWC","N","20090615"
"5C","1st","","hermannia.uhligii",NA,"MWC","N","20090615"
"5C","1st","","hibiscus.flavifolius",NA,"MWC","N","20090615"
"5C","1st","","hibiscus.trionum",NA,"MWC","N","20090615"
"5C","1st","","indigofera.brevicalyx",NA,"MWC","N","20090615"
"5C","1st","","indigofera.schimperi",2,"MWC","N","20090615"
"5C","1st","","ipomea.sinensis",NA,"MWC","N","20090615"
"5C","1st","","justicia.dichipteroides",NA,"MWC","N","20090615"
"5C","1st","","k",NA,"MWC","N","20090615"
"5C","1st","","kyllinga.sp",NA,"MWC","N","20090615"
"5C","1st","","leucas.glabrata",NA,"MWC","N","20090615"
"5C","1st","","leucas.martiniscensis",NA,"MWC","N","20090615"
"5C","1st","","lily.a",NA,"MWC","N","20090615"
"5C","1st","","lily.b",NA,"MWC","N","20090615"
"5C","1st","","lippia.javanica",NA,"MWC","N","20090615"
"5C","1st","","melhania.spp.",NA,"MWC","N","20090615"
"5C","1st","","misopates.orontium",NA,"MWC","N","20090615"
"5C","1st","","mollugo.nudicaulis",NA,"MWC","N","20090615"
"5C","1st","","monechima.debile",NA,"MWC","N","20090615"
"5C","1st","","monsonia.augustifolia",NA,"MWC","N","20090615"
"5C","1st","","ocimum.sp",NA,"MWC","N","20090615"
"5C","1st","","osteospermum.vaillantii",NA,"MWC","N","20090615"
"5C","1st","","oxygonum.sinuatum",NA,"MWC","N","20090615"
"5C","1st","","pavonia.patens",NA,"MWC","N","20090615"
"5C","1st","","pelargonium.alchemilloides",NA,"MWC","N","20090615"
"5C","1st","","pentanisia.ouranogyne",NA,"MWC","N","20090615"
"5C","1st","","phyllanthus.maderaspatensis",NA,"MWC","N","20090615"
"5C","1st","","plectranthus.spp",NA,"MWC","N","20090615"
"5C","1st","","pollichia.campestris",NA,"MWC","N","20090615"
"5C","1st","","polygala..l.",NA,"MWC","N","20090615"
"5C","1st","","polygala.sphenoptera",NA,"MWC","N","20090615"
"5C","1st","","portulaca.oleracea",NA,"MWC","N","20090615"
"5C","1st","","portulaca.quadrifida",NA,"MWC","N","20090615"
"5C","1st","","pseudognaphalium..helichrysum.glumaceum.",NA,"MWC","N","20090615"
"5C","1st","","psilotrichum.schimperi",NA,"MWC","N","20090615"
"5C","1st","","rhinacanthus.ndorensis",NA,"MWC","N","20090615"
"5C","1st","","rhynchosia.holstii",NA,"MWC","N","20090615"
"5C","1st","","schkuhria.pinnata",NA,"MWC","N","20090615"
"5C","1st","","sida.2",NA,"MWC","N","20090615"
"5C","1st","","sida.cuneifolia",NA,"MWC","N","20090615"
"5C","1st","","solanum.incanum",NA,"MWC","N","20090615"
"5C","1st","","solanum.indicum",NA,"MWC","N","20090615"
"5C","1st","","tribulus.terrestris",NA,"MWC","N","20090615"
"5C","1st","","u",NA,"MWC","N","20090615"
"5C","1st","","w",NA,"MWC","N","20090615"
"5C","1st","","x_4",NA,"MWC","N","20090615"
"5C","1st","","x_5",NA,"MWC","N","20090615"
"5C","1st","","x_6",NA,"MWC","N","20090615"
"5C","1st","","x_7",NA,"MWC","N","20090615"
"5C","1st","","x_8",NA,"MWC","N","20090615"
"5E","1st","","bracharia.lacnantha",NA,"MWC","N","20090615"
"5E","1st","","lintonia.nutans",NA,"MWC","N","20090615"
"5E","1st","","pennisetum.mezianum",NA,"MWC","N","20090615"
"5E","1st","","pennisetum.straminium",NA,"MWC","N","20090615"
"5E","1st","","themeda.triandra",NA,"MWC","N","20090615"
"5E","1st","","bare",4,"MWC","N","20090615"
"5E","1st","","x_2",NA,"MWC","N","20090615"
"5E","1st","","aristida.kenyensis",NA,"MWC","N","20090615"
"5E","1st","","bothriochloa.insculpta",NA,"MWC","N","20090615"
"5E","1st","","bracharia.3",NA,"MWC","N","20090615"
"5E","1st","","bracharia.eruciformis",NA,"MWC","N","20090615"
"5E","1st","","chloris.sp",NA,"MWC","N","20090615"
"5E","1st","","cynodon.dactylon",NA,"MWC","N","20090615"
"5E","1st","","cynodon.plectostachyus",NA,"MWC","N","20090615"
"5E","1st","","cyperus...mariscus.spp",NA,"MWC","N","20090615"
"5E","1st","","digitaria.2",NA,"MWC","N","20090615"
"5E","1st","","digitaria.milanjiana",NA,"MWC","N","20090615"
"5E","1st","","dinebra.retroflexa",NA,"MWC","N","20090615"
"5E","1st","","eragrostis.tenuifolia",NA,"MWC","N","20090615"
"5E","1st","","harpachne.schimperi",NA,"MWC","N","20090615"
"5E","1st","","microchloa.kunthii",NA,"MWC","N","20090615"
"5E","1st","","panicum.astrosanguinum",NA,"MWC","N","20090615"
"5E","1st","","setaria.acromelaena..small.",NA,"MWC","N","20090615"
"5E","1st","","setaria.sphaecealata..big.",NA,"MWC","N","20090615"
"5E","1st","","sporobolus.pyramidalis",NA,"MWC","N","20090615"
"5E","1st","","tragus.berteronianus",NA,"MWC","N","20090615"
"5E","1st","","x_3",NA,"MWC","N","20090615"
"5E","1st","","acalypha.crenata",NA,"MWC","N","20090615"
"5E","1st","","aerva.lanata",NA,"MWC","N","20090615"
"5E","1st","","amaranthus.hibridus",NA,"MWC","N","20090615"
"5E","1st","","aspilia.pluriseta",NA,"MWC","N","20090615"
"5E","1st","","asterolinon.adoense..v.",NA,"MWC","N","20090615"
"5E","1st","","caralluma.acutangula",NA,"MWC","N","20090615"
"5E","1st","","chenopodium.opulifolium",NA,"MWC","N","20090615"
"5E","1st","","chenopodium.schraderianum",NA,"MWC","N","20090615"
"5E","1st","","commelina.spp",NA,"MWC","N","20090615"
"5E","1st","","commicarpus.pedunculosus",NA,"MWC","N","20090615"
"5E","1st","","conyza.sp",NA,"MWC","N","20090615"
"5E","1st","","corchorus.sp",NA,"MWC","N","20090615"
"5E","1st","","crotelaria.sp",NA,"MWC","N","20090615"
"5E","1st","","cyathula.orthacantha",NA,"MWC","N","20090615"
"5E","1st","","dyscoriste.radicans",NA,"MWC","N","20090615"
"5E","1st","","euphorbia.inaequilatera",NA,"MWC","N","20090615"
"5E","1st","","evolvulus.alsinoides",NA,"MWC","N","20090615"
"5E","1st","","fern",NA,"MWC","N","20090615"
"5E","1st","","gutenbergia.sp",NA,"MWC","N","20090615"
"5E","1st","","hermannia.uhligii",NA,"MWC","N","20090615"
"5E","1st","","hibiscus.flavifolius",NA,"MWC","N","20090615"
"5E","1st","","hibiscus.trionum",NA,"MWC","N","20090615"
"5E","1st","","indigofera.brevicalyx",NA,"MWC","N","20090615"
"5E","1st","","indigofera.schimperi",NA,"MWC","N","20090615"
"5E","1st","","ipomea.sinensis",NA,"MWC","N","20090615"
"5E","1st","","justicia.dichipteroides",NA,"MWC","N","20090615"
"5E","1st","","k",NA,"MWC","N","20090615"
"5E","1st","","kyllinga.sp",NA,"MWC","N","20090615"
"5E","1st","","leucas.glabrata",NA,"MWC","N","20090615"
"5E","1st","","leucas.martiniscensis",NA,"MWC","N","20090615"
"5E","1st","","lily.a",NA,"MWC","N","20090615"
"5E","1st","","lily.b",NA,"MWC","N","20090615"
"5E","1st","","lippia.javanica",NA,"MWC","N","20090615"
"5E","1st","","melhania.spp.",NA,"MWC","N","20090615"
"5E","1st","","misopates.orontium",NA,"MWC","N","20090615"
"5E","1st","","mollugo.nudicaulis",NA,"MWC","N","20090615"
"5E","1st","","monechima.debile",NA,"MWC","N","20090615"
"5E","1st","","monsonia.augustifolia",NA,"MWC","N","20090615"
"5E","1st","","ocimum.sp",NA,"MWC","N","20090615"
"5E","1st","","osteospermum.vaillantii",NA,"MWC","N","20090615"
"5E","1st","","oxygonum.sinuatum",NA,"MWC","N","20090615"
"5E","1st","","pavonia.patens",NA,"MWC","N","20090615"
"5E","1st","","pelargonium.alchemilloides",NA,"MWC","N","20090615"
"5E","1st","","pentanisia.ouranogyne",NA,"MWC","N","20090615"
"5E","1st","","phyllanthus.maderaspatensis",NA,"MWC","N","20090615"
"5E","1st","","plectranthus.spp",NA,"MWC","N","20090615"
"5E","1st","","pollichia.campestris",NA,"MWC","N","20090615"
"5E","1st","","polygala..l.",NA,"MWC","N","20090615"
"5E","1st","","polygala.sphenoptera",NA,"MWC","N","20090615"
"5E","1st","","portulaca.oleracea",NA,"MWC","N","20090615"
"5E","1st","","portulaca.quadrifida",NA,"MWC","N","20090615"
"5E","1st","","pseudognaphalium..helichrysum.glumaceum.",NA,"MWC","N","20090615"
"5E","1st","","psilotrichum.schimperi",NA,"MWC","N","20090615"
"5E","1st","","rhinacanthus.ndorensis",NA,"MWC","N","20090615"
"5E","1st","","rhynchosia.holstii",NA,"MWC","N","20090615"
"5E","1st","","schkuhria.pinnata",NA,"MWC","N","20090615"
"5E","1st","","sida.2",NA,"MWC","N","20090615"
"5E","1st","","sida.cuneifolia",NA,"MWC","N","20090615"
"5E","1st","","solanum.incanum",NA,"MWC","N","20090615"
"5E","1st","","solanum.indicum",NA,"MWC","N","20090615"
"5E","1st","","tribulus.terrestris",NA,"MWC","N","20090615"
"5E","1st","","u",NA,"MWC","N","20090615"
"5E","1st","","w",NA,"MWC","N","20090615"
"5E","1st","","x_4",NA,"MWC","N","20090615"
"5E","1st","","x_5",NA,"MWC","N","20090615"
"5E","1st","","x_6",NA,"MWC","N","20090615"
"5E","1st","","x_7",NA,"MWC","N","20090615"
"5E","1st","","x_8",NA,"MWC","N","20090615"
"5G","1st","","bracharia.lacnantha",NA,"MWC","N","20090615"
"5G","1st","","lintonia.nutans",NA,"MWC","N","20090615"
"5G","1st","","pennisetum.mezianum",NA,"MWC","N","20090615"
"5G","1st","","pennisetum.straminium",NA,"MWC","N","20090615"
"5G","1st","","themeda.triandra",NA,"MWC","N","20090615"
"5G","1st","","bare",5,"MWC","N","20090615"
"5G","1st","","x_2",NA,"MWC","N","20090615"
"5G","1st","","aristida.kenyensis",NA,"MWC","N","20090615"
"5G","1st","","bothriochloa.insculpta",1,"MWC","N","20090615"
"5G","1st","","bracharia.3",NA,"MWC","N","20090615"
"5G","1st","","bracharia.eruciformis",1,"MWC","N","20090615"
"5G","1st","","chloris.sp",NA,"MWC","N","20090615"
"5G","1st","","cynodon.dactylon",NA,"MWC","N","20090615"
"5G","1st","","cynodon.plectostachyus",NA,"MWC","N","20090615"
"5G","1st","","cyperus...mariscus.spp",NA,"MWC","N","20090615"
"5G","1st","","digitaria.2",NA,"MWC","N","20090615"
"5G","1st","","digitaria.milanjiana",NA,"MWC","N","20090615"
"5G","1st","","dinebra.retroflexa",NA,"MWC","N","20090615"
"5G","1st","","eragrostis.tenuifolia",NA,"MWC","N","20090615"
"5G","1st","","harpachne.schimperi",NA,"MWC","N","20090615"
"5G","1st","","microchloa.kunthii",NA,"MWC","N","20090615"
"5G","1st","","panicum.astrosanguinum",NA,"MWC","N","20090615"
"5G","1st","","setaria.acromelaena..small.",NA,"MWC","N","20090615"
"5G","1st","","setaria.sphaecealata..big.",NA,"MWC","N","20090615"
"5G","1st","","sporobolus.pyramidalis",NA,"MWC","N","20090615"
"5G","1st","","tragus.berteronianus",NA,"MWC","N","20090615"
"5G","1st","","x_3",NA,"MWC","N","20090615"
"5G","1st","","acalypha.crenata",NA,"MWC","N","20090615"
"5G","1st","","aerva.lanata",NA,"MWC","N","20090615"
"5G","1st","","amaranthus.hibridus",NA,"MWC","N","20090615"
"5G","1st","","aspilia.pluriseta",NA,"MWC","N","20090615"
"5G","1st","","asterolinon.adoense..v.",NA,"MWC","N","20090615"
"5G","1st","","caralluma.acutangula",NA,"MWC","N","20090615"
"5G","1st","","chenopodium.opulifolium",NA,"MWC","N","20090615"
"5G","1st","","chenopodium.schraderianum",NA,"MWC","N","20090615"
"5G","1st","","commelina.spp",NA,"MWC","N","20090615"
"5G","1st","","commicarpus.pedunculosus",NA,"MWC","N","20090615"
"5G","1st","","conyza.sp",NA,"MWC","N","20090615"
"5G","1st","","corchorus.sp",NA,"MWC","N","20090615"
"5G","1st","","crotelaria.sp",NA,"MWC","N","20090615"
"5G","1st","","cyathula.orthacantha",NA,"MWC","N","20090615"
"5G","1st","","dyscoriste.radicans",NA,"MWC","N","20090615"
"5G","1st","","euphorbia.inaequilatera",NA,"MWC","N","20090615"
"5G","1st","","evolvulus.alsinoides",NA,"MWC","N","20090615"
"5G","1st","","fern",NA,"MWC","N","20090615"
"5G","1st","","gutenbergia.sp",NA,"MWC","N","20090615"
"5G","1st","","hermannia.uhligii",NA,"MWC","N","20090615"
"5G","1st","","hibiscus.flavifolius",NA,"MWC","N","20090615"
"5G","1st","","hibiscus.trionum",NA,"MWC","N","20090615"
"5G","1st","","indigofera.brevicalyx",NA,"MWC","N","20090615"
"5G","1st","","indigofera.schimperi",NA,"MWC","N","20090615"
"5G","1st","","ipomea.sinensis",NA,"MWC","N","20090615"
"5G","1st","","justicia.dichipteroides",NA,"MWC","N","20090615"
"5G","1st","","k",NA,"MWC","N","20090615"
"5G","1st","","kyllinga.sp",NA,"MWC","N","20090615"
"5G","1st","","leucas.glabrata",1,"MWC","N","20090615"
"5G","1st","","leucas.martiniscensis",NA,"MWC","N","20090615"
"5G","1st","","lily.a",NA,"MWC","N","20090615"
"5G","1st","","lily.b",NA,"MWC","N","20090615"
"5G","1st","","lippia.javanica",NA,"MWC","N","20090615"
"5G","1st","","melhania.spp.",NA,"MWC","N","20090615"
"5G","1st","","misopates.orontium",NA,"MWC","N","20090615"
"5G","1st","","mollugo.nudicaulis",NA,"MWC","N","20090615"
"5G","1st","","monechima.debile",NA,"MWC","N","20090615"
"5G","1st","","monsonia.augustifolia",NA,"MWC","N","20090615"
"5G","1st","","ocimum.sp",NA,"MWC","N","20090615"
"5G","1st","","osteospermum.vaillantii",NA,"MWC","N","20090615"
"5G","1st","","oxygonum.sinuatum",NA,"MWC","N","20090615"
"5G","1st","","pavonia.patens",NA,"MWC","N","20090615"
"5G","1st","","pelargonium.alchemilloides",NA,"MWC","N","20090615"
"5G","1st","","pentanisia.ouranogyne",NA,"MWC","N","20090615"
"5G","1st","","phyllanthus.maderaspatensis",NA,"MWC","N","20090615"
"5G","1st","","plectranthus.spp",NA,"MWC","N","20090615"
"5G","1st","","pollichia.campestris",NA,"MWC","N","20090615"
"5G","1st","","polygala..l.",NA,"MWC","N","20090615"
"5G","1st","","polygala.sphenoptera",NA,"MWC","N","20090615"
"5G","1st","","portulaca.oleracea",NA,"MWC","N","20090615"
"5G","1st","","portulaca.quadrifida",NA,"MWC","N","20090615"
"5G","1st","","pseudognaphalium..helichrysum.glumaceum.",NA,"MWC","N","20090615"
"5G","1st","","psilotrichum.schimperi",NA,"MWC","N","20090615"
"5G","1st","","rhinacanthus.ndorensis",1,"MWC","N","20090615"
"5G","1st","","rhynchosia.holstii",NA,"MWC","N","20090615"
"5G","1st","","schkuhria.pinnata",NA,"MWC","N","20090615"
"5G","1st","","sida.2",NA,"MWC","N","20090615"
"5G","1st","","sida.cuneifolia",NA,"MWC","N","20090615"
"5G","1st","","solanum.incanum",NA,"MWC","N","20090615"
"5G","1st","","solanum.indicum",NA,"MWC","N","20090615"
"5G","1st","","tribulus.terrestris",NA,"MWC","N","20090615"
"5G","1st","","u",NA,"MWC","N","20090615"
"5G","1st","","w",NA,"MWC","N","20090615"
"5G","1st","","x_4",NA,"MWC","N","20090615"
"5G","1st","","x_5",NA,"MWC","N","20090615"
"5G","1st","","x_6",NA,"MWC","N","20090615"
"5G","1st","","x_7",NA,"MWC","N","20090615"
"5G","1st","","x_8",NA,"MWC","N","20090615"
"5I","1st","","bracharia.lacnantha",NA,"MWC","N","20090615"
"5I","1st","","lintonia.nutans",NA,"MWC","N","20090615"
"5I","1st","","pennisetum.mezianum",NA,"MWC","N","20090615"
"5I","1st","","pennisetum.straminium",NA,"MWC","N","20090615"
"5I","1st","","themeda.triandra",NA,"MWC","N","20090615"
"5I","1st","","bare",NA,"MWC","N","20090615"
"5I","1st","","x_2",NA,"MWC","N","20090615"
"5I","1st","","aristida.kenyensis",NA,"MWC","N","20090615"
"5I","1st","","bothriochloa.insculpta",NA,"MWC","N","20090615"
"5I","1st","","bracharia.3",NA,"MWC","N","20090615"
"5I","1st","","bracharia.eruciformis",NA,"MWC","N","20090615"
"5I","1st","","chloris.sp",NA,"MWC","N","20090615"
"5I","1st","","cynodon.dactylon",NA,"MWC","N","20090615"
"5I","1st","","cynodon.plectostachyus",NA,"MWC","N","20090615"
"5I","1st","","cyperus...mariscus.spp",NA,"MWC","N","20090615"
"5I","1st","","digitaria.2",NA,"MWC","N","20090615"
"5I","1st","","digitaria.milanjiana",NA,"MWC","N","20090615"
"5I","1st","","dinebra.retroflexa",NA,"MWC","N","20090615"
"5I","1st","","eragrostis.tenuifolia",NA,"MWC","N","20090615"
"5I","1st","","harpachne.schimperi",NA,"MWC","N","20090615"
"5I","1st","","microchloa.kunthii",NA,"MWC","N","20090615"
"5I","1st","","panicum.astrosanguinum",NA,"MWC","N","20090615"
"5I","1st","","setaria.acromelaena..small.",NA,"MWC","N","20090615"
"5I","1st","","setaria.sphaecealata..big.",NA,"MWC","N","20090615"
"5I","1st","","sporobolus.pyramidalis",NA,"MWC","N","20090615"
"5I","1st","","tragus.berteronianus",NA,"MWC","N","20090615"
"5I","1st","","x_3",NA,"MWC","N","20090615"
"5I","1st","","acalypha.crenata",NA,"MWC","N","20090615"
"5I","1st","","aerva.lanata",NA,"MWC","N","20090615"
"5I","1st","","amaranthus.hibridus",NA,"MWC","N","20090615"
"5I","1st","","aspilia.pluriseta",NA,"MWC","N","20090615"
"5I","1st","","asterolinon.adoense..v.",NA,"MWC","N","20090615"
"5I","1st","","caralluma.acutangula",NA,"MWC","N","20090615"
"5I","1st","","chenopodium.opulifolium",NA,"MWC","N","20090615"
"5I","1st","","chenopodium.schraderianum",NA,"MWC","N","20090615"
"5I","1st","","commelina.spp",NA,"MWC","N","20090615"
"5I","1st","","commicarpus.pedunculosus",NA,"MWC","N","20090615"
"5I","1st","","conyza.sp",NA,"MWC","N","20090615"
"5I","1st","","corchorus.sp",NA,"MWC","N","20090615"
"5I","1st","","crotelaria.sp",NA,"MWC","N","20090615"
"5I","1st","","cyathula.orthacantha",NA,"MWC","N","20090615"
"5I","1st","","dyscoriste.radicans",NA,"MWC","N","20090615"
"5I","1st","","euphorbia.inaequilatera",NA,"MWC","N","20090615"
"5I","1st","","evolvulus.alsinoides",NA,"MWC","N","20090615"
"5I","1st","","fern",NA,"MWC","N","20090615"
"5I","1st","","gutenbergia.sp",NA,"MWC","N","20090615"
"5I","1st","","hermannia.uhligii",NA,"MWC","N","20090615"
"5I","1st","","hibiscus.flavifolius",NA,"MWC","N","20090615"
"5I","1st","","hibiscus.trionum",NA,"MWC","N","20090615"
"5I","1st","","indigofera.brevicalyx",NA,"MWC","N","20090615"
"5I","1st","","indigofera.schimperi",NA,"MWC","N","20090615"
"5I","1st","","ipomea.sinensis",NA,"MWC","N","20090615"
"5I","1st","","justicia.dichipteroides",NA,"MWC","N","20090615"
"5I","1st","","k",NA,"MWC","N","20090615"
"5I","1st","","kyllinga.sp",NA,"MWC","N","20090615"
"5I","1st","","leucas.glabrata",NA,"MWC","N","20090615"
"5I","1st","","leucas.martiniscensis",NA,"MWC","N","20090615"
"5I","1st","","lily.a",NA,"MWC","N","20090615"
"5I","1st","","lily.b",NA,"MWC","N","20090615"
"5I","1st","","lippia.javanica",NA,"MWC","N","20090615"
"5I","1st","","melhania.spp.",NA,"MWC","N","20090615"
"5I","1st","","misopates.orontium",NA,"MWC","N","20090615"
"5I","1st","","mollugo.nudicaulis",NA,"MWC","N","20090615"
"5I","1st","","monechima.debile",1,"MWC","N","20090615"
"5I","1st","","monsonia.augustifolia",NA,"MWC","N","20090615"
"5I","1st","","ocimum.sp",NA,"MWC","N","20090615"
"5I","1st","","osteospermum.vaillantii",NA,"MWC","N","20090615"
"5I","1st","","oxygonum.sinuatum",NA,"MWC","N","20090615"
"5I","1st","","pavonia.patens",NA,"MWC","N","20090615"
"5I","1st","","pelargonium.alchemilloides",NA,"MWC","N","20090615"
"5I","1st","","pentanisia.ouranogyne",NA,"MWC","N","20090615"
"5I","1st","","phyllanthus.maderaspatensis",NA,"MWC","N","20090615"
"5I","1st","","plectranthus.spp",NA,"MWC","N","20090615"
"5I","1st","","pollichia.campestris",NA,"MWC","N","20090615"
"5I","1st","","polygala..l.",NA,"MWC","N","20090615"
"5I","1st","","polygala.sphenoptera",NA,"MWC","N","20090615"
"5I","1st","","portulaca.oleracea",NA,"MWC","N","20090615"
"5I","1st","","portulaca.quadrifida",NA,"MWC","N","20090615"
"5I","1st","","pseudognaphalium..helichrysum.glumaceum.",NA,"MWC","N","20090615"
"5I","1st","","psilotrichum.schimperi",NA,"MWC","N","20090615"
"5I","1st","","rhinacanthus.ndorensis",NA,"MWC","N","20090615"
"5I","1st","","rhynchosia.holstii",NA,"MWC","N","20090615"
"5I","1st","","schkuhria.pinnata",NA,"MWC","N","20090615"
"5I","1st","","sida.2",NA,"MWC","N","20090615"
"5I","1st","","sida.cuneifolia",NA,"MWC","N","20090615"
"5I","1st","","solanum.incanum",NA,"MWC","N","20090615"
"5I","1st","","solanum.indicum",NA,"MWC","N","20090615"
"5I","1st","","tribulus.terrestris",NA,"MWC","N","20090615"
"5I","1st","","u",NA,"MWC","N","20090615"
"5I","1st","","w",NA,"MWC","N","20090615"
"5I","1st","","x_4",NA,"MWC","N","20090615"
"5I","1st","","x_5",NA,"MWC","N","20090615"
"5I","1st","","x_6",NA,"MWC","N","20090615"
"5I","1st","","x_7",NA,"MWC","N","20090615"
"5I","1st","","x_8",NA,"MWC","N","20090615"
"6J","1st","","bracharia.lacnantha",NA,"MWC","N","20090615"
"6J","1st","","lintonia.nutans",4,"MWC","N","20090615"
"6J","1st","","pennisetum.mezianum",NA,"MWC","N","20090615"
"6J","1st","","pennisetum.straminium",4,"MWC","N","20090615"
"6J","1st","","themeda.triandra",NA,"MWC","N","20090615"
"6J","1st","","bare",3,"MWC","N","20090615"
"6J","1st","","x_2",NA,"MWC","N","20090615"
"6J","1st","","aristida.kenyensis",NA,"MWC","N","20090615"
"6J","1st","","bothriochloa.insculpta",NA,"MWC","N","20090615"
"6J","1st","","bracharia.3",NA,"MWC","N","20090615"
"6J","1st","","bracharia.eruciformis",NA,"MWC","N","20090615"
"6J","1st","","chloris.sp",NA,"MWC","N","20090615"
"6J","1st","","cynodon.dactylon",NA,"MWC","N","20090615"
"6J","1st","","cynodon.plectostachyus",NA,"MWC","N","20090615"
"6J","1st","","cyperus...mariscus.spp",NA,"MWC","N","20090615"
"6J","1st","","digitaria.2",NA,"MWC","N","20090615"
"6J","1st","","digitaria.milanjiana",NA,"MWC","N","20090615"
"6J","1st","","dinebra.retroflexa",NA,"MWC","N","20090615"
"6J","1st","","eragrostis.tenuifolia",NA,"MWC","N","20090615"
"6J","1st","","harpachne.schimperi",NA,"MWC","N","20090615"
"6J","1st","","microchloa.kunthii",NA,"MWC","N","20090615"
"6J","1st","","panicum.astrosanguinum",NA,"MWC","N","20090615"
"6J","1st","","setaria.acromelaena..small.",NA,"MWC","N","20090615"
"6J","1st","","setaria.sphaecealata..big.",NA,"MWC","N","20090615"
"6J","1st","","sporobolus.pyramidalis",NA,"MWC","N","20090615"
"6J","1st","","tragus.berteronianus",NA,"MWC","N","20090615"
"6J","1st","","x_3",NA,"MWC","N","20090615"
"6J","1st","","acalypha.crenata",NA,"MWC","N","20090615"
"6J","1st","","aerva.lanata",NA,"MWC","N","20090615"
"6J","1st","","amaranthus.hibridus",NA,"MWC","N","20090615"
"6J","1st","","aspilia.pluriseta",NA,"MWC","N","20090615"
"6J","1st","","asterolinon.adoense..v.",NA,"MWC","N","20090615"
"6J","1st","","caralluma.acutangula",NA,"MWC","N","20090615"
"6J","1st","","chenopodium.opulifolium",NA,"MWC","N","20090615"
"6J","1st","","chenopodium.schraderianum",NA,"MWC","N","20090615"
"6J","1st","","commelina.spp",NA,"MWC","N","20090615"
"6J","1st","","commicarpus.pedunculosus",NA,"MWC","N","20090615"
"6J","1st","","conyza.sp",NA,"MWC","N","20090615"
"6J","1st","","corchorus.sp",NA,"MWC","N","20090615"
"6J","1st","","crotelaria.sp",NA,"MWC","N","20090615"
"6J","1st","","cyathula.orthacantha",NA,"MWC","N","20090615"
"6J","1st","","dyscoriste.radicans",NA,"MWC","N","20090615"
"6J","1st","","euphorbia.inaequilatera",NA,"MWC","N","20090615"
"6J","1st","","evolvulus.alsinoides",NA,"MWC","N","20090615"
"6J","1st","","fern",NA,"MWC","N","20090615"
"6J","1st","","gutenbergia.sp",NA,"MWC","N","20090615"
"6J","1st","","hermannia.uhligii",NA,"MWC","N","20090615"
"6J","1st","","hibiscus.flavifolius",NA,"MWC","N","20090615"
"6J","1st","","hibiscus.trionum",NA,"MWC","N","20090615"
"6J","1st","","indigofera.brevicalyx",NA,"MWC","N","20090615"
"6J","1st","","indigofera.schimperi",NA,"MWC","N","20090615"
"6J","1st","","ipomea.sinensis",NA,"MWC","N","20090615"
"6J","1st","","justicia.dichipteroides",NA,"MWC","N","20090615"
"6J","1st","","k",NA,"MWC","N","20090615"
"6J","1st","","kyllinga.sp",NA,"MWC","N","20090615"
"6J","1st","","leucas.glabrata",NA,"MWC","N","20090615"
"6J","1st","","leucas.martiniscensis",NA,"MWC","N","20090615"
"6J","1st","","lily.a",NA,"MWC","N","20090615"
"6J","1st","","lily.b",NA,"MWC","N","20090615"
"6J","1st","","lippia.javanica",NA,"MWC","N","20090615"
"6J","1st","","melhania.spp.",NA,"MWC","N","20090615"
"6J","1st","","misopates.orontium",NA,"MWC","N","20090615"
"6J","1st","","mollugo.nudicaulis",NA,"MWC","N","20090615"
"6J","1st","","monechima.debile",NA,"MWC","N","20090615"
"6J","1st","","monsonia.augustifolia",NA,"MWC","N","20090615"
"6J","1st","","ocimum.sp",NA,"MWC","N","20090615"
"6J","1st","","osteospermum.vaillantii",NA,"MWC","N","20090615"
"6J","1st","","oxygonum.sinuatum",NA,"MWC","N","20090615"
"6J","1st","","pavonia.patens",NA,"MWC","N","20090615"
"6J","1st","","pelargonium.alchemilloides",NA,"MWC","N","20090615"
"6J","1st","","pentanisia.ouranogyne",NA,"MWC","N","20090615"
"6J","1st","","phyllanthus.maderaspatensis",NA,"MWC","N","20090615"
"6J","1st","","plectranthus.spp",NA,"MWC","N","20090615"
"6J","1st","","pollichia.campestris",NA,"MWC","N","20090615"
"6J","1st","","polygala..l.",NA,"MWC","N","20090615"
"6J","1st","","polygala.sphenoptera",NA,"MWC","N","20090615"
"6J","1st","","portulaca.oleracea",NA,"MWC","N","20090615"
"6J","1st","","portulaca.quadrifida",NA,"MWC","N","20090615"
"6J","1st","","pseudognaphalium..helichrysum.glumaceum.",NA,"MWC","N","20090615"
"6J","1st","","psilotrichum.schimperi",NA,"MWC","N","20090615"
"6J","1st","","rhinacanthus.ndorensis",NA,"MWC","N","20090615"
"6J","1st","","rhynchosia.holstii",NA,"MWC","N","20090615"
"6J","1st","","schkuhria.pinnata",NA,"MWC","N","20090615"
"6J","1st","","sida.2",NA,"MWC","N","20090615"
"6J","1st","","sida.cuneifolia",NA,"MWC","N","20090615"
"6J","1st","","solanum.incanum",NA,"MWC","N","20090615"
"6J","1st","","solanum.indicum",NA,"MWC","N","20090615"
"6J","1st","","tribulus.terrestris",NA,"MWC","N","20090615"
"6J","1st","","u",NA,"MWC","N","20090615"
"6J","1st","","w",NA,"MWC","N","20090615"
"6J","1st","","x_4",NA,"MWC","N","20090615"
"6J","1st","","x_5",NA,"MWC","N","20090615"
"6J","1st","","x_6",NA,"MWC","N","20090615"
"6J","1st","","x_7",NA,"MWC","N","20090615"
"6J","1st","","x_8",NA,"MWC","N","20090615"
"6J","All","Lvs","bracharia.lacnantha",NA,"MWC","N","20090615"
"6J","All","Lvs","lintonia.nutans",3,"MWC","N","20090615"
"6J","All","Lvs","pennisetum.mezianum",NA,"MWC","N","20090615"
"6J","All","Lvs","pennisetum.straminium",2,"MWC","N","20090615"
"6J","All","Lvs","themeda.triandra",NA,"MWC","N","20090615"
"6J","All","Lvs","bare",NA,"MWC","N","20090615"
"6J","All","Lvs","x_2",NA,"MWC","N","20090615"
"6J","All","Lvs","aristida.kenyensis",NA,"MWC","N","20090615"
"6J","All","Lvs","bothriochloa.insculpta",NA,"MWC","N","20090615"
"6J","All","Lvs","bracharia.3",NA,"MWC","N","20090615"
"6J","All","Lvs","bracharia.eruciformis",NA,"MWC","N","20090615"
"6J","All","Lvs","chloris.sp",NA,"MWC","N","20090615"
"6J","All","Lvs","cynodon.dactylon",NA,"MWC","N","20090615"
"6J","All","Lvs","cynodon.plectostachyus",NA,"MWC","N","20090615"
"6J","All","Lvs","cyperus...mariscus.spp",NA,"MWC","N","20090615"
"6J","All","Lvs","digitaria.2",NA,"MWC","N","20090615"
"6J","All","Lvs","digitaria.milanjiana",NA,"MWC","N","20090615"
"6J","All","Lvs","dinebra.retroflexa",NA,"MWC","N","20090615"
"6J","All","Lvs","eragrostis.tenuifolia",NA,"MWC","N","20090615"
"6J","All","Lvs","harpachne.schimperi",NA,"MWC","N","20090615"
"6J","All","Lvs","microchloa.kunthii",NA,"MWC","N","20090615"
"6J","All","Lvs","panicum.astrosanguinum",NA,"MWC","N","20090615"
"6J","All","Lvs","setaria.acromelaena..small.",NA,"MWC","N","20090615"
"6J","All","Lvs","setaria.sphaecealata..big.",NA,"MWC","N","20090615"
"6J","All","Lvs","sporobolus.pyramidalis",NA,"MWC","N","20090615"
"6J","All","Lvs","tragus.berteronianus",NA,"MWC","N","20090615"
"6J","All","Lvs","x_3",NA,"MWC","N","20090615"
"6J","All","Lvs","acalypha.crenata",NA,"MWC","N","20090615"
"6J","All","Lvs","aerva.lanata",NA,"MWC","N","20090615"
"6J","All","Lvs","amaranthus.hibridus",NA,"MWC","N","20090615"
"6J","All","Lvs","aspilia.pluriseta",NA,"MWC","N","20090615"
"6J","All","Lvs","asterolinon.adoense..v.",NA,"MWC","N","20090615"
"6J","All","Lvs","caralluma.acutangula",NA,"MWC","N","20090615"
"6J","All","Lvs","chenopodium.opulifolium",NA,"MWC","N","20090615"
"6J","All","Lvs","chenopodium.schraderianum",NA,"MWC","N","20090615"
"6J","All","Lvs","commelina.spp",NA,"MWC","N","20090615"
"6J","All","Lvs","commicarpus.pedunculosus",NA,"MWC","N","20090615"
"6J","All","Lvs","conyza.sp",NA,"MWC","N","20090615"
"6J","All","Lvs","corchorus.sp",NA,"MWC","N","20090615"
"6J","All","Lvs","crotelaria.sp",NA,"MWC","N","20090615"
"6J","All","Lvs","cyathula.orthacantha",NA,"MWC","N","20090615"
"6J","All","Lvs","dyscoriste.radicans",NA,"MWC","N","20090615"
"6J","All","Lvs","euphorbia.inaequilatera",NA,"MWC","N","20090615"
"6J","All","Lvs","evolvulus.alsinoides",NA,"MWC","N","20090615"
"6J","All","Lvs","fern",NA,"MWC","N","20090615"
"6J","All","Lvs","gutenbergia.sp",NA,"MWC","N","20090615"
"6J","All","Lvs","hermannia.uhligii",NA,"MWC","N","20090615"
"6J","All","Lvs","hibiscus.flavifolius",NA,"MWC","N","20090615"
"6J","All","Lvs","hibiscus.trionum",NA,"MWC","N","20090615"
"6J","All","Lvs","indigofera.brevicalyx",NA,"MWC","N","20090615"
"6J","All","Lvs","indigofera.schimperi",NA,"MWC","N","20090615"
"6J","All","Lvs","ipomea.sinensis",NA,"MWC","N","20090615"
"6J","All","Lvs","justicia.dichipteroides",NA,"MWC","N","20090615"
"6J","All","Lvs","k",NA,"MWC","N","20090615"
"6J","All","Lvs","kyllinga.sp",NA,"MWC","N","20090615"
"6J","All","Lvs","leucas.glabrata",NA,"MWC","N","20090615"
"6J","All","Lvs","leucas.martiniscensis",NA,"MWC","N","20090615"
"6J","All","Lvs","lily.a",NA,"MWC","N","20090615"
"6J","All","Lvs","lily.b",NA,"MWC","N","20090615"
"6J","All","Lvs","lippia.javanica",NA,"MWC","N","20090615"
"6J","All","Lvs","melhania.spp.",NA,"MWC","N","20090615"
"6J","All","Lvs","misopates.orontium",NA,"MWC","N","20090615"
"6J","All","Lvs","mollugo.nudicaulis",NA,"MWC","N","20090615"
"6J","All","Lvs","monechima.debile",NA,"MWC","N","20090615"
"6J","All","Lvs","monsonia.augustifolia",NA,"MWC","N","20090615"
"6J","All","Lvs","ocimum.sp",NA,"MWC","N","20090615"
"6J","All","Lvs","osteospermum.vaillantii",NA,"MWC","N","20090615"
"6J","All","Lvs","oxygonum.sinuatum",NA,"MWC","N","20090615"
"6J","All","Lvs","pavonia.patens",NA,"MWC","N","20090615"
"6J","All","Lvs","pelargonium.alchemilloides",NA,"MWC","N","20090615"
"6J","All","Lvs","pentanisia.ouranogyne",NA,"MWC","N","20090615"
"6J","All","Lvs","phyllanthus.maderaspatensis",NA,"MWC","N","20090615"
"6J","All","Lvs","plectranthus.spp",NA,"MWC","N","20090615"
"6J","All","Lvs","pollichia.campestris",NA,"MWC","N","20090615"
"6J","All","Lvs","polygala..l.",NA,"MWC","N","20090615"
"6J","All","Lvs","polygala.sphenoptera",NA,"MWC","N","20090615"
"6J","All","Lvs","portulaca.oleracea",NA,"MWC","N","20090615"
"6J","All","Lvs","portulaca.quadrifida",NA,"MWC","N","20090615"
"6J","All","Lvs","pseudognaphalium..helichrysum.glumaceum.",NA,"MWC","N","20090615"
"6J","All","Lvs","psilotrichum.schimperi",NA,"MWC","N","20090615"
"6J","All","Lvs","rhinacanthus.ndorensis",NA,"MWC","N","20090615"
"6J","All","Lvs","rhynchosia.holstii",NA,"MWC","N","20090615"
"6J","All","Lvs","schkuhria.pinnata",NA,"MWC","N","20090615"
"6J","All","Lvs","sida.2",NA,"MWC","N","20090615"
"6J","All","Lvs","sida.cuneifolia",NA,"MWC","N","20090615"
"6J","All","Lvs","solanum.incanum",NA,"MWC","N","20090615"
"6J","All","Lvs","solanum.indicum",NA,"MWC","N","20090615"
"6J","All","Lvs","tribulus.terrestris",NA,"MWC","N","20090615"
"6J","All","Lvs","u",NA,"MWC","N","20090615"
"6J","All","Lvs","w",NA,"MWC","N","20090615"
"6J","All","Lvs","x_4",NA,"MWC","N","20090615"
"6J","All","Lvs","x_5",NA,"MWC","N","20090615"
"6J","All","Lvs","x_6",NA,"MWC","N","20090615"
"6J","All","Lvs","x_7",NA,"MWC","N","20090615"
"6J","All","Lvs","x_8",NA,"MWC","N","20090615"
"6J","All","Stm","bracharia.lacnantha",NA,"MWC","N","20090615"
"6J","All","Stm","lintonia.nutans",4,"MWC","N","20090615"
"6J","All","Stm","pennisetum.mezianum",NA,"MWC","N","20090615"
"6J","All","Stm","pennisetum.straminium",5,"MWC","N","20090615"
"6J","All","Stm","themeda.triandra",NA,"MWC","N","20090615"
"6J","All","Stm","bare",NA,"MWC","N","20090615"
"6J","All","Stm","x_2",NA,"MWC","N","20090615"
"6J","All","Stm","aristida.kenyensis",NA,"MWC","N","20090615"
"6J","All","Stm","bothriochloa.insculpta",NA,"MWC","N","20090615"
"6J","All","Stm","bracharia.3",NA,"MWC","N","20090615"
"6J","All","Stm","bracharia.eruciformis",NA,"MWC","N","20090615"
"6J","All","Stm","chloris.sp",NA,"MWC","N","20090615"
"6J","All","Stm","cynodon.dactylon",NA,"MWC","N","20090615"
"6J","All","Stm","cynodon.plectostachyus",NA,"MWC","N","20090615"
"6J","All","Stm","cyperus...mariscus.spp",NA,"MWC","N","20090615"
"6J","All","Stm","digitaria.2",NA,"MWC","N","20090615"
"6J","All","Stm","digitaria.milanjiana",NA,"MWC","N","20090615"
"6J","All","Stm","dinebra.retroflexa",NA,"MWC","N","20090615"
"6J","All","Stm","eragrostis.tenuifolia",NA,"MWC","N","20090615"
"6J","All","Stm","harpachne.schimperi",NA,"MWC","N","20090615"
"6J","All","Stm","microchloa.kunthii",NA,"MWC","N","20090615"
"6J","All","Stm","panicum.astrosanguinum",NA,"MWC","N","20090615"
"6J","All","Stm","setaria.acromelaena..small.",NA,"MWC","N","20090615"
"6J","All","Stm","setaria.sphaecealata..big.",NA,"MWC","N","20090615"
"6J","All","Stm","sporobolus.pyramidalis",NA,"MWC","N","20090615"
"6J","All","Stm","tragus.berteronianus",NA,"MWC","N","20090615"
"6J","All","Stm","x_3",NA,"MWC","N","20090615"
"6J","All","Stm","acalypha.crenata",NA,"MWC","N","20090615"
"6J","All","Stm","aerva.lanata",NA,"MWC","N","20090615"
"6J","All","Stm","amaranthus.hibridus",NA,"MWC","N","20090615"
"6J","All","Stm","aspilia.pluriseta",NA,"MWC","N","20090615"
"6J","All","Stm","asterolinon.adoense..v.",NA,"MWC","N","20090615"
"6J","All","Stm","caralluma.acutangula",NA,"MWC","N","20090615"
"6J","All","Stm","chenopodium.opulifolium",NA,"MWC","N","20090615"
"6J","All","Stm","chenopodium.schraderianum",NA,"MWC","N","20090615"
"6J","All","Stm","commelina.spp",NA,"MWC","N","20090615"
"6J","All","Stm","commicarpus.pedunculosus",NA,"MWC","N","20090615"
"6J","All","Stm","conyza.sp",NA,"MWC","N","20090615"
"6J","All","Stm","corchorus.sp",NA,"MWC","N","20090615"
"6J","All","Stm","crotelaria.sp",NA,"MWC","N","20090615"
"6J","All","Stm","cyathula.orthacantha",NA,"MWC","N","20090615"
"6J","All","Stm","dyscoriste.radicans",NA,"MWC","N","20090615"
"6J","All","Stm","euphorbia.inaequilatera",NA,"MWC","N","20090615"
"6J","All","Stm","evolvulus.alsinoides",NA,"MWC","N","20090615"
"6J","All","Stm","fern",NA,"MWC","N","20090615"
"6J","All","Stm","gutenbergia.sp",NA,"MWC","N","20090615"
"6J","All","Stm","hermannia.uhligii",NA,"MWC","N","20090615"
"6J","All","Stm","hibiscus.flavifolius",NA,"MWC","N","20090615"
"6J","All","Stm","hibiscus.trionum",NA,"MWC","N","20090615"
"6J","All","Stm","indigofera.brevicalyx",NA,"MWC","N","20090615"
"6J","All","Stm","indigofera.schimperi",NA,"MWC","N","20090615"
"6J","All","Stm","ipomea.sinensis",NA,"MWC","N","20090615"
"6J","All","Stm","justicia.dichipteroides",NA,"MWC","N","20090615"
"6J","All","Stm","k",NA,"MWC","N","20090615"
"6J","All","Stm","kyllinga.sp",NA,"MWC","N","20090615"
"6J","All","Stm","leucas.glabrata",NA,"MWC","N","20090615"
"6J","All","Stm","leucas.martiniscensis",NA,"MWC","N","20090615"
"6J","All","Stm","lily.a",NA,"MWC","N","20090615"
"6J","All","Stm","lily.b",NA,"MWC","N","20090615"
"6J","All","Stm","lippia.javanica",NA,"MWC","N","20090615"
"6J","All","Stm","melhania.spp.",NA,"MWC","N","20090615"
"6J","All","Stm","misopates.orontium",NA,"MWC","N","20090615"
"6J","All","Stm","mollugo.nudicaulis",NA,"MWC","N","20090615"
"6J","All","Stm","monechima.debile",NA,"MWC","N","20090615"
"6J","All","Stm","monsonia.augustifolia",NA,"MWC","N","20090615"
"6J","All","Stm","ocimum.sp",NA,"MWC","N","20090615"
"6J","All","Stm","osteospermum.vaillantii",NA,"MWC","N","20090615"
"6J","All","Stm","oxygonum.sinuatum",NA,"MWC","N","20090615"
"6J","All","Stm","pavonia.patens",NA,"MWC","N","20090615"
"6J","All","Stm","pelargonium.alchemilloides",NA,"MWC","N","20090615"
"6J","All","Stm","pentanisia.ouranogyne",NA,"MWC","N","20090615"
"6J","All","Stm","phyllanthus.maderaspatensis",NA,"MWC","N","20090615"
"6J","All","Stm","plectranthus.spp",NA,"MWC","N","20090615"
"6J","All","Stm","pollichia.campestris",NA,"MWC","N","20090615"
"6J","All","Stm","polygala..l.",NA,"MWC","N","20090615"
"6J","All","Stm","polygala.sphenoptera",NA,"MWC","N","20090615"
"6J","All","Stm","portulaca.oleracea",NA,"MWC","N","20090615"
"6J","All","Stm","portulaca.quadrifida",NA,"MWC","N","20090615"
"6J","All","Stm","pseudognaphalium..helichrysum.glumaceum.",NA,"MWC","N","20090615"
"6J","All","Stm","psilotrichum.schimperi",NA,"MWC","N","20090615"
"6J","All","Stm","rhinacanthus.ndorensis",NA,"MWC","N","20090615"
"6J","All","Stm","rhynchosia.holstii",NA,"MWC","N","20090615"
"6J","All","Stm","schkuhria.pinnata",NA,"MWC","N","20090615"
"6J","All","Stm","sida.2",NA,"MWC","N","20090615"
"6J","All","Stm","sida.cuneifolia",NA,"MWC","N","20090615"
"6J","All","Stm","solanum.incanum",NA,"MWC","N","20090615"
"6J","All","Stm","solanum.indicum",NA,"MWC","N","20090615"
"6J","All","Stm","tribulus.terrestris",NA,"MWC","N","20090615"
"6J","All","Stm","u",NA,"MWC","N","20090615"
"6J","All","Stm","w",NA,"MWC","N","20090615"
"6J","All","Stm","x_4",NA,"MWC","N","20090615"
"6J","All","Stm","x_5",NA,"MWC","N","20090615"
"6J","All","Stm","x_6",NA,"MWC","N","20090615"
"6J","All","Stm","x_7",NA,"MWC","N","20090615"
"6J","All","Stm","x_8",NA,"MWC","N","20090615"
"6H","1st","","bracharia.lacnantha",NA,"MWC","N","20090615"
"6H","1st","","lintonia.nutans",3,"MWC","N","20090615"
"6H","1st","","pennisetum.mezianum",NA,"MWC","N","20090615"
"6H","1st","","pennisetum.straminium",1,"MWC","N","20090615"
"6H","1st","","themeda.triandra",NA,"MWC","N","20090615"
"6H","1st","","bare",7,"MWC","N","20090615"
"6H","1st","","x_2",NA,"MWC","N","20090615"
"6H","1st","","aristida.kenyensis",NA,"MWC","N","20090615"
"6H","1st","","bothriochloa.insculpta",NA,"MWC","N","20090615"
"6H","1st","","bracharia.3",NA,"MWC","N","20090615"
"6H","1st","","bracharia.eruciformis",NA,"MWC","N","20090615"
"6H","1st","","chloris.sp",NA,"MWC","N","20090615"
"6H","1st","","cynodon.dactylon",NA,"MWC","N","20090615"
"6H","1st","","cynodon.plectostachyus",NA,"MWC","N","20090615"
"6H","1st","","cyperus...mariscus.spp",NA,"MWC","N","20090615"
"6H","1st","","digitaria.2",NA,"MWC","N","20090615"
"6H","1st","","digitaria.milanjiana",NA,"MWC","N","20090615"
"6H","1st","","dinebra.retroflexa",NA,"MWC","N","20090615"
"6H","1st","","eragrostis.tenuifolia",NA,"MWC","N","20090615"
"6H","1st","","harpachne.schimperi",NA,"MWC","N","20090615"
"6H","1st","","microchloa.kunthii",NA,"MWC","N","20090615"
"6H","1st","","panicum.astrosanguinum",NA,"MWC","N","20090615"
"6H","1st","","setaria.acromelaena..small.",NA,"MWC","N","20090615"
"6H","1st","","setaria.sphaecealata..big.",NA,"MWC","N","20090615"
"6H","1st","","sporobolus.pyramidalis",NA,"MWC","N","20090615"
"6H","1st","","tragus.berteronianus",NA,"MWC","N","20090615"
"6H","1st","","x_3",NA,"MWC","N","20090615"
"6H","1st","","acalypha.crenata",NA,"MWC","N","20090615"
"6H","1st","","aerva.lanata",NA,"MWC","N","20090615"
"6H","1st","","amaranthus.hibridus",NA,"MWC","N","20090615"
"6H","1st","","aspilia.pluriseta",NA,"MWC","N","20090615"
"6H","1st","","asterolinon.adoense..v.",NA,"MWC","N","20090615"
"6H","1st","","caralluma.acutangula",NA,"MWC","N","20090615"
"6H","1st","","chenopodium.opulifolium",NA,"MWC","N","20090615"
"6H","1st","","chenopodium.schraderianum",NA,"MWC","N","20090615"
"6H","1st","","commelina.spp",NA,"MWC","N","20090615"
"6H","1st","","commicarpus.pedunculosus",NA,"MWC","N","20090615"
"6H","1st","","conyza.sp",NA,"MWC","N","20090615"
"6H","1st","","corchorus.sp",NA,"MWC","N","20090615"
"6H","1st","","crotelaria.sp",NA,"MWC","N","20090615"
"6H","1st","","cyathula.orthacantha",NA,"MWC","N","20090615"
"6H","1st","","dyscoriste.radicans",NA,"MWC","N","20090615"
"6H","1st","","euphorbia.inaequilatera",NA,"MWC","N","20090615"
"6H","1st","","evolvulus.alsinoides",NA,"MWC","N","20090615"
"6H","1st","","fern",NA,"MWC","N","20090615"
"6H","1st","","gutenbergia.sp",NA,"MWC","N","20090615"
"6H","1st","","hermannia.uhligii",NA,"MWC","N","20090615"
"6H","1st","","hibiscus.flavifolius",NA,"MWC","N","20090615"
"6H","1st","","hibiscus.trionum",NA,"MWC","N","20090615"
"6H","1st","","indigofera.brevicalyx",NA,"MWC","N","20090615"
"6H","1st","","indigofera.schimperi",NA,"MWC","N","20090615"
"6H","1st","","ipomea.sinensis",NA,"MWC","N","20090615"
"6H","1st","","justicia.dichipteroides",NA,"MWC","N","20090615"
"6H","1st","","k",NA,"MWC","N","20090615"
"6H","1st","","kyllinga.sp",NA,"MWC","N","20090615"
"6H","1st","","leucas.glabrata",NA,"MWC","N","20090615"
"6H","1st","","leucas.martiniscensis",NA,"MWC","N","20090615"
"6H","1st","","lily.a",NA,"MWC","N","20090615"
"6H","1st","","lily.b",NA,"MWC","N","20090615"
"6H","1st","","lippia.javanica",NA,"MWC","N","20090615"
"6H","1st","","melhania.spp.",NA,"MWC","N","20090615"
"6H","1st","","misopates.orontium",NA,"MWC","N","20090615"
"6H","1st","","mollugo.nudicaulis",NA,"MWC","N","20090615"
"6H","1st","","monechima.debile",NA,"MWC","N","20090615"
"6H","1st","","monsonia.augustifolia",NA,"MWC","N","20090615"
"6H","1st","","ocimum.sp",NA,"MWC","N","20090615"
"6H","1st","","osteospermum.vaillantii",NA,"MWC","N","20090615"
"6H","1st","","oxygonum.sinuatum",NA,"MWC","N","20090615"
"6H","1st","","pavonia.patens",NA,"MWC","N","20090615"
"6H","1st","","pelargonium.alchemilloides",NA,"MWC","N","20090615"
"6H","1st","","pentanisia.ouranogyne",NA,"MWC","N","20090615"
"6H","1st","","phyllanthus.maderaspatensis",NA,"MWC","N","20090615"
"6H","1st","","plectranthus.spp",NA,"MWC","N","20090615"
"6H","1st","","pollichia.campestris",NA,"MWC","N","20090615"
"6H","1st","","polygala..l.",NA,"MWC","N","20090615"
"6H","1st","","polygala.sphenoptera",NA,"MWC","N","20090615"
"6H","1st","","portulaca.oleracea",NA,"MWC","N","20090615"
"6H","1st","","portulaca.quadrifida",NA,"MWC","N","20090615"
"6H","1st","","pseudognaphalium..helichrysum.glumaceum.",NA,"MWC","N","20090615"
"6H","1st","","psilotrichum.schimperi",NA,"MWC","N","20090615"
"6H","1st","","rhinacanthus.ndorensis",NA,"MWC","N","20090615"
"6H","1st","","rhynchosia.holstii",NA,"MWC","N","20090615"
"6H","1st","","schkuhria.pinnata",NA,"MWC","N","20090615"
"6H","1st","","sida.2",NA,"MWC","N","20090615"
"6H","1st","","sida.cuneifolia",NA,"MWC","N","20090615"
"6H","1st","","solanum.incanum",NA,"MWC","N","20090615"
"6H","1st","","solanum.indicum",NA,"MWC","N","20090615"
"6H","1st","","tribulus.terrestris",NA,"MWC","N","20090615"
"6H","1st","","u",NA,"MWC","N","20090615"
"6H","1st","","w",NA,"MWC","N","20090615"
"6H","1st","","x_4",NA,"MWC","N","20090615"
"6H","1st","","x_5",NA,"MWC","N","20090615"
"6H","1st","","x_6",NA,"MWC","N","20090615"
"6H","1st","","x_7",NA,"MWC","N","20090615"
"6H","1st","","x_8",NA,"MWC","N","20090615"
"6H","All","Lvs","bracharia.lacnantha",NA,"MWC","N","20090615"
"6H","All","Lvs","lintonia.nutans",5,"MWC","N","20090615"
"6H","All","Lvs","pennisetum.mezianum",NA,"MWC","N","20090615"
"6H","All","Lvs","pennisetum.straminium",NA,"MWC","N","20090615"
"6H","All","Lvs","themeda.triandra",NA,"MWC","N","20090615"
"6H","All","Lvs","bare",NA,"MWC","N","20090615"
"6H","All","Lvs","x_2",NA,"MWC","N","20090615"
"6H","All","Lvs","aristida.kenyensis",NA,"MWC","N","20090615"
"6H","All","Lvs","bothriochloa.insculpta",NA,"MWC","N","20090615"
"6H","All","Lvs","bracharia.3",NA,"MWC","N","20090615"
"6H","All","Lvs","bracharia.eruciformis",NA,"MWC","N","20090615"
"6H","All","Lvs","chloris.sp",NA,"MWC","N","20090615"
"6H","All","Lvs","cynodon.dactylon",NA,"MWC","N","20090615"
"6H","All","Lvs","cynodon.plectostachyus",NA,"MWC","N","20090615"
"6H","All","Lvs","cyperus...mariscus.spp",NA,"MWC","N","20090615"
"6H","All","Lvs","digitaria.2",NA,"MWC","N","20090615"
"6H","All","Lvs","digitaria.milanjiana",NA,"MWC","N","20090615"
"6H","All","Lvs","dinebra.retroflexa",NA,"MWC","N","20090615"
"6H","All","Lvs","eragrostis.tenuifolia",NA,"MWC","N","20090615"
"6H","All","Lvs","harpachne.schimperi",NA,"MWC","N","20090615"
"6H","All","Lvs","microchloa.kunthii",NA,"MWC","N","20090615"
"6H","All","Lvs","panicum.astrosanguinum",NA,"MWC","N","20090615"
"6H","All","Lvs","setaria.acromelaena..small.",NA,"MWC","N","20090615"
"6H","All","Lvs","setaria.sphaecealata..big.",NA,"MWC","N","20090615"
"6H","All","Lvs","sporobolus.pyramidalis",NA,"MWC","N","20090615"
"6H","All","Lvs","tragus.berteronianus",NA,"MWC","N","20090615"
"6H","All","Lvs","x_3",NA,"MWC","N","20090615"
"6H","All","Lvs","acalypha.crenata",NA,"MWC","N","20090615"
"6H","All","Lvs","aerva.lanata",NA,"MWC","N","20090615"
"6H","All","Lvs","amaranthus.hibridus",NA,"MWC","N","20090615"
"6H","All","Lvs","aspilia.pluriseta",NA,"MWC","N","20090615"
"6H","All","Lvs","asterolinon.adoense..v.",NA,"MWC","N","20090615"
"6H","All","Lvs","caralluma.acutangula",NA,"MWC","N","20090615"
"6H","All","Lvs","chenopodium.opulifolium",NA,"MWC","N","20090615"
"6H","All","Lvs","chenopodium.schraderianum",NA,"MWC","N","20090615"
"6H","All","Lvs","commelina.spp",NA,"MWC","N","20090615"
"6H","All","Lvs","commicarpus.pedunculosus",NA,"MWC","N","20090615"
"6H","All","Lvs","conyza.sp",NA,"MWC","N","20090615"
"6H","All","Lvs","corchorus.sp",NA,"MWC","N","20090615"
"6H","All","Lvs","crotelaria.sp",NA,"MWC","N","20090615"
"6H","All","Lvs","cyathula.orthacantha",NA,"MWC","N","20090615"
"6H","All","Lvs","dyscoriste.radicans",NA,"MWC","N","20090615"
"6H","All","Lvs","euphorbia.inaequilatera",NA,"MWC","N","20090615"
"6H","All","Lvs","evolvulus.alsinoides",NA,"MWC","N","20090615"
"6H","All","Lvs","fern",NA,"MWC","N","20090615"
"6H","All","Lvs","gutenbergia.sp",NA,"MWC","N","20090615"
"6H","All","Lvs","hermannia.uhligii",NA,"MWC","N","20090615"
"6H","All","Lvs","hibiscus.flavifolius",NA,"MWC","N","20090615"
"6H","All","Lvs","hibiscus.trionum",NA,"MWC","N","20090615"
"6H","All","Lvs","indigofera.brevicalyx",NA,"MWC","N","20090615"
"6H","All","Lvs","indigofera.schimperi",NA,"MWC","N","20090615"
"6H","All","Lvs","ipomea.sinensis",NA,"MWC","N","20090615"
"6H","All","Lvs","justicia.dichipteroides",NA,"MWC","N","20090615"
"6H","All","Lvs","k",NA,"MWC","N","20090615"
"6H","All","Lvs","kyllinga.sp",NA,"MWC","N","20090615"
"6H","All","Lvs","leucas.glabrata",NA,"MWC","N","20090615"
"6H","All","Lvs","leucas.martiniscensis",NA,"MWC","N","20090615"
"6H","All","Lvs","lily.a",NA,"MWC","N","20090615"
"6H","All","Lvs","lily.b",NA,"MWC","N","20090615"
"6H","All","Lvs","lippia.javanica",NA,"MWC","N","20090615"
"6H","All","Lvs","melhania.spp.",NA,"MWC","N","20090615"
"6H","All","Lvs","misopates.orontium",NA,"MWC","N","20090615"
"6H","All","Lvs","mollugo.nudicaulis",NA,"MWC","N","20090615"
"6H","All","Lvs","monechima.debile",NA,"MWC","N","20090615"
"6H","All","Lvs","monsonia.augustifolia",NA,"MWC","N","20090615"
"6H","All","Lvs","ocimum.sp",NA,"MWC","N","20090615"
"6H","All","Lvs","osteospermum.vaillantii",NA,"MWC","N","20090615"
"6H","All","Lvs","oxygonum.sinuatum",NA,"MWC","N","20090615"
"6H","All","Lvs","pavonia.patens",NA,"MWC","N","20090615"
"6H","All","Lvs","pelargonium.alchemilloides",NA,"MWC","N","20090615"
"6H","All","Lvs","pentanisia.ouranogyne",NA,"MWC","N","20090615"
"6H","All","Lvs","phyllanthus.maderaspatensis",NA,"MWC","N","20090615"
"6H","All","Lvs","plectranthus.spp",NA,"MWC","N","20090615"
"6H","All","Lvs","pollichia.campestris",NA,"MWC","N","20090615"
"6H","All","Lvs","polygala..l.",NA,"MWC","N","20090615"
"6H","All","Lvs","polygala.sphenoptera",NA,"MWC","N","20090615"
"6H","All","Lvs","portulaca.oleracea",NA,"MWC","N","20090615"
"6H","All","Lvs","portulaca.quadrifida",NA,"MWC","N","20090615"
"6H","All","Lvs","pseudognaphalium..helichrysum.glumaceum.",NA,"MWC","N","20090615"
"6H","All","Lvs","psilotrichum.schimperi",NA,"MWC","N","20090615"
"6H","All","Lvs","rhinacanthus.ndorensis",NA,"MWC","N","20090615"
"6H","All","Lvs","rhynchosia.holstii",NA,"MWC","N","20090615"
"6H","All","Lvs","schkuhria.pinnata",NA,"MWC","N","20090615"
"6H","All","Lvs","sida.2",NA,"MWC","N","20090615"
"6H","All","Lvs","sida.cuneifolia",NA,"MWC","N","20090615"
"6H","All","Lvs","solanum.incanum",NA,"MWC","N","20090615"
"6H","All","Lvs","solanum.indicum",NA,"MWC","N","20090615"
"6H","All","Lvs","tribulus.terrestris",NA,"MWC","N","20090615"
"6H","All","Lvs","u",NA,"MWC","N","20090615"
"6H","All","Lvs","w",NA,"MWC","N","20090615"
"6H","All","Lvs","x_4",NA,"MWC","N","20090615"
"6H","All","Lvs","x_5",NA,"MWC","N","20090615"
"6H","All","Lvs","x_6",NA,"MWC","N","20090615"
"6H","All","Lvs","x_7",NA,"MWC","N","20090615"
"6H","All","Lvs","x_8",NA,"MWC","N","20090615"
"6H","All","Stm","bracharia.lacnantha",NA,"MWC","N","20090615"
"6H","All","Stm","lintonia.nutans",5,"MWC","N","20090615"
"6H","All","Stm","pennisetum.mezianum",NA,"MWC","N","20090615"
"6H","All","Stm","pennisetum.straminium",2,"MWC","N","20090615"
"6H","All","Stm","themeda.triandra",NA,"MWC","N","20090615"
"6H","All","Stm","bare",NA,"MWC","N","20090615"
"6H","All","Stm","x_2",NA,"MWC","N","20090615"
"6H","All","Stm","aristida.kenyensis",NA,"MWC","N","20090615"
"6H","All","Stm","bothriochloa.insculpta",NA,"MWC","N","20090615"
"6H","All","Stm","bracharia.3",NA,"MWC","N","20090615"
"6H","All","Stm","bracharia.eruciformis",NA,"MWC","N","20090615"
"6H","All","Stm","chloris.sp",NA,"MWC","N","20090615"
"6H","All","Stm","cynodon.dactylon",NA,"MWC","N","20090615"
"6H","All","Stm","cynodon.plectostachyus",NA,"MWC","N","20090615"
"6H","All","Stm","cyperus...mariscus.spp",NA,"MWC","N","20090615"
"6H","All","Stm","digitaria.2",NA,"MWC","N","20090615"
"6H","All","Stm","digitaria.milanjiana",NA,"MWC","N","20090615"
"6H","All","Stm","dinebra.retroflexa",NA,"MWC","N","20090615"
"6H","All","Stm","eragrostis.tenuifolia",NA,"MWC","N","20090615"
"6H","All","Stm","harpachne.schimperi",NA,"MWC","N","20090615"
"6H","All","Stm","microchloa.kunthii",NA,"MWC","N","20090615"
"6H","All","Stm","panicum.astrosanguinum",NA,"MWC","N","20090615"
"6H","All","Stm","setaria.acromelaena..small.",NA,"MWC","N","20090615"
"6H","All","Stm","setaria.sphaecealata..big.",NA,"MWC","N","20090615"
"6H","All","Stm","sporobolus.pyramidalis",NA,"MWC","N","20090615"
"6H","All","Stm","tragus.berteronianus",NA,"MWC","N","20090615"
"6H","All","Stm","x_3",NA,"MWC","N","20090615"
"6H","All","Stm","acalypha.crenata",NA,"MWC","N","20090615"
"6H","All","Stm","aerva.lanata",NA,"MWC","N","20090615"
"6H","All","Stm","amaranthus.hibridus",NA,"MWC","N","20090615"
"6H","All","Stm","aspilia.pluriseta",NA,"MWC","N","20090615"
"6H","All","Stm","asterolinon.adoense..v.",NA,"MWC","N","20090615"
"6H","All","Stm","caralluma.acutangula",NA,"MWC","N","20090615"
"6H","All","Stm","chenopodium.opulifolium",NA,"MWC","N","20090615"
"6H","All","Stm","chenopodium.schraderianum",NA,"MWC","N","20090615"
"6H","All","Stm","commelina.spp",NA,"MWC","N","20090615"
"6H","All","Stm","commicarpus.pedunculosus",NA,"MWC","N","20090615"
"6H","All","Stm","conyza.sp",NA,"MWC","N","20090615"
"6H","All","Stm","corchorus.sp",NA,"MWC","N","20090615"
"6H","All","Stm","crotelaria.sp",NA,"MWC","N","20090615"
"6H","All","Stm","cyathula.orthacantha",NA,"MWC","N","20090615"
"6H","All","Stm","dyscoriste.radicans",NA,"MWC","N","20090615"
"6H","All","Stm","euphorbia.inaequilatera",NA,"MWC","N","20090615"
"6H","All","Stm","evolvulus.alsinoides",NA,"MWC","N","20090615"
"6H","All","Stm","fern",NA,"MWC","N","20090615"
"6H","All","Stm","gutenbergia.sp",NA,"MWC","N","20090615"
"6H","All","Stm","hermannia.uhligii",NA,"MWC","N","20090615"
"6H","All","Stm","hibiscus.flavifolius",NA,"MWC","N","20090615"
"6H","All","Stm","hibiscus.trionum",NA,"MWC","N","20090615"
"6H","All","Stm","indigofera.brevicalyx",NA,"MWC","N","20090615"
"6H","All","Stm","indigofera.schimperi",NA,"MWC","N","20090615"
"6H","All","Stm","ipomea.sinensis",NA,"MWC","N","20090615"
"6H","All","Stm","justicia.dichipteroides",NA,"MWC","N","20090615"
"6H","All","Stm","k",NA,"MWC","N","20090615"
"6H","All","Stm","kyllinga.sp",NA,"MWC","N","20090615"
"6H","All","Stm","leucas.glabrata",NA,"MWC","N","20090615"
"6H","All","Stm","leucas.martiniscensis",NA,"MWC","N","20090615"
"6H","All","Stm","lily.a",NA,"MWC","N","20090615"
"6H","All","Stm","lily.b",NA,"MWC","N","20090615"
"6H","All","Stm","lippia.javanica",NA,"MWC","N","20090615"
"6H","All","Stm","melhania.spp.",NA,"MWC","N","20090615"
"6H","All","Stm","misopates.orontium",NA,"MWC","N","20090615"
"6H","All","Stm","mollugo.nudicaulis",NA,"MWC","N","20090615"
"6H","All","Stm","monechima.debile",NA,"MWC","N","20090615"
"6H","All","Stm","monsonia.augustifolia",NA,"MWC","N","20090615"
"6H","All","Stm","ocimum.sp",NA,"MWC","N","20090615"
"6H","All","Stm","osteospermum.vaillantii",NA,"MWC","N","20090615"
"6H","All","Stm","oxygonum.sinuatum",NA,"MWC","N","20090615"
"6H","All","Stm","pavonia.patens",NA,"MWC","N","20090615"
"6H","All","Stm","pelargonium.alchemilloides",NA,"MWC","N","20090615"
"6H","All","Stm","pentanisia.ouranogyne",NA,"MWC","N","20090615"
"6H","All","Stm","phyllanthus.maderaspatensis",NA,"MWC","N","20090615"
"6H","All","Stm","plectranthus.spp",NA,"MWC","N","20090615"
"6H","All","Stm","pollichia.campestris",NA,"MWC","N","20090615"
"6H","All","Stm","polygala..l.",NA,"MWC","N","20090615"
"6H","All","Stm","polygala.sphenoptera",NA,"MWC","N","20090615"
"6H","All","Stm","portulaca.oleracea",NA,"MWC","N","20090615"
"6H","All","Stm","portulaca.quadrifida",NA,"MWC","N","20090615"
"6H","All","Stm","pseudognaphalium..helichrysum.glumaceum.",NA,"MWC","N","20090615"
"6H","All","Stm","psilotrichum.schimperi",NA,"MWC","N","20090615"
"6H","All","Stm","rhinacanthus.ndorensis",NA,"MWC","N","20090615"
"6H","All","Stm","rhynchosia.holstii",NA,"MWC","N","20090615"
"6H","All","Stm","schkuhria.pinnata",NA,"MWC","N","20090615"
"6H","All","Stm","sida.2",NA,"MWC","N","20090615"
"6H","All","Stm","sida.cuneifolia",NA,"MWC","N","20090615"
"6H","All","Stm","solanum.incanum",NA,"MWC","N","20090615"
"6H","All","Stm","solanum.indicum",NA,"MWC","N","20090615"
"6H","All","Stm","tribulus.terrestris",NA,"MWC","N","20090615"
"6H","All","Stm","u",NA,"MWC","N","20090615"
"6H","All","Stm","w",NA,"MWC","N","20090615"
"6H","All","Stm","x_4",NA,"MWC","N","20090615"
"6H","All","Stm","x_5",NA,"MWC","N","20090615"
"6H","All","Stm","x_6",NA,"MWC","N","20090615"
"6H","All","Stm","x_7",NA,"MWC","N","20090615"
"6H","All","Stm","x_8",NA,"MWC","N","20090615"
"6F","1st","","bracharia.lacnantha",NA,"MWC","N","20090615"
"6F","1st","","lintonia.nutans",NA,"MWC","N","20090615"
"6F","1st","","pennisetum.mezianum",2,"MWC","N","20090615"
"6F","1st","","pennisetum.straminium",7,"MWC","N","20090615"
"6F","1st","","themeda.triandra",5,"MWC","N","20090615"
"6F","1st","","bare",NA,"MWC","N","20090615"
"6F","1st","","x_2",NA,"MWC","N","20090615"
"6F","1st","","aristida.kenyensis",NA,"MWC","N","20090615"
"6F","1st","","bothriochloa.insculpta",NA,"MWC","N","20090615"
"6F","1st","","bracharia.3",NA,"MWC","N","20090615"
"6F","1st","","bracharia.eruciformis",NA,"MWC","N","20090615"
"6F","1st","","chloris.sp",NA,"MWC","N","20090615"
"6F","1st","","cynodon.dactylon",NA,"MWC","N","20090615"
"6F","1st","","cynodon.plectostachyus",NA,"MWC","N","20090615"
"6F","1st","","cyperus...mariscus.spp",NA,"MWC","N","20090615"
"6F","1st","","digitaria.2",NA,"MWC","N","20090615"
"6F","1st","","digitaria.milanjiana",NA,"MWC","N","20090615"
"6F","1st","","dinebra.retroflexa",NA,"MWC","N","20090615"
"6F","1st","","eragrostis.tenuifolia",NA,"MWC","N","20090615"
"6F","1st","","harpachne.schimperi",NA,"MWC","N","20090615"
"6F","1st","","microchloa.kunthii",NA,"MWC","N","20090615"
"6F","1st","","panicum.astrosanguinum",NA,"MWC","N","20090615"
"6F","1st","","setaria.acromelaena..small.",NA,"MWC","N","20090615"
"6F","1st","","setaria.sphaecealata..big.",NA,"MWC","N","20090615"
"6F","1st","","sporobolus.pyramidalis",NA,"MWC","N","20090615"
"6F","1st","","tragus.berteronianus",NA,"MWC","N","20090615"
"6F","1st","","x_3",NA,"MWC","N","20090615"
"6F","1st","","acalypha.crenata",NA,"MWC","N","20090615"
"6F","1st","","aerva.lanata",NA,"MWC","N","20090615"
"6F","1st","","amaranthus.hibridus",NA,"MWC","N","20090615"
"6F","1st","","aspilia.pluriseta",NA,"MWC","N","20090615"
"6F","1st","","asterolinon.adoense..v.",NA,"MWC","N","20090615"
"6F","1st","","caralluma.acutangula",NA,"MWC","N","20090615"
"6F","1st","","chenopodium.opulifolium",NA,"MWC","N","20090615"
"6F","1st","","chenopodium.schraderianum",NA,"MWC","N","20090615"
"6F","1st","","commelina.spp",NA,"MWC","N","20090615"
"6F","1st","","commicarpus.pedunculosus",NA,"MWC","N","20090615"
"6F","1st","","conyza.sp",NA,"MWC","N","20090615"
"6F","1st","","corchorus.sp",NA,"MWC","N","20090615"
"6F","1st","","crotelaria.sp",NA,"MWC","N","20090615"
"6F","1st","","cyathula.orthacantha",NA,"MWC","N","20090615"
"6F","1st","","dyscoriste.radicans",NA,"MWC","N","20090615"
"6F","1st","","euphorbia.inaequilatera",NA,"MWC","N","20090615"
"6F","1st","","evolvulus.alsinoides",NA,"MWC","N","20090615"
"6F","1st","","fern",NA,"MWC","N","20090615"
"6F","1st","","gutenbergia.sp",NA,"MWC","N","20090615"
"6F","1st","","hermannia.uhligii",NA,"MWC","N","20090615"
"6F","1st","","hibiscus.flavifolius",NA,"MWC","N","20090615"
"6F","1st","","hibiscus.trionum",NA,"MWC","N","20090615"
"6F","1st","","indigofera.brevicalyx",NA,"MWC","N","20090615"
"6F","1st","","indigofera.schimperi",NA,"MWC","N","20090615"
"6F","1st","","ipomea.sinensis",NA,"MWC","N","20090615"
"6F","1st","","justicia.dichipteroides",NA,"MWC","N","20090615"
"6F","1st","","k",NA,"MWC","N","20090615"
"6F","1st","","kyllinga.sp",NA,"MWC","N","20090615"
"6F","1st","","leucas.glabrata",NA,"MWC","N","20090615"
"6F","1st","","leucas.martiniscensis",NA,"MWC","N","20090615"
"6F","1st","","lily.a",NA,"MWC","N","20090615"
"6F","1st","","lily.b",NA,"MWC","N","20090615"
"6F","1st","","lippia.javanica",NA,"MWC","N","20090615"
"6F","1st","","melhania.spp.",NA,"MWC","N","20090615"
"6F","1st","","misopates.orontium",NA,"MWC","N","20090615"
"6F","1st","","mollugo.nudicaulis",NA,"MWC","N","20090615"
"6F","1st","","monechima.debile",NA,"MWC","N","20090615"
"6F","1st","","monsonia.augustifolia",NA,"MWC","N","20090615"
"6F","1st","","ocimum.sp",NA,"MWC","N","20090615"
"6F","1st","","osteospermum.vaillantii",NA,"MWC","N","20090615"
"6F","1st","","oxygonum.sinuatum",NA,"MWC","N","20090615"
"6F","1st","","pavonia.patens",NA,"MWC","N","20090615"
"6F","1st","","pelargonium.alchemilloides",NA,"MWC","N","20090615"
"6F","1st","","pentanisia.ouranogyne",NA,"MWC","N","20090615"
"6F","1st","","phyllanthus.maderaspatensis",NA,"MWC","N","20090615"
"6F","1st","","plectranthus.spp",NA,"MWC","N","20090615"
"6F","1st","","pollichia.campestris",NA,"MWC","N","20090615"
"6F","1st","","polygala..l.",NA,"MWC","N","20090615"
"6F","1st","","polygala.sphenoptera",NA,"MWC","N","20090615"
"6F","1st","","portulaca.oleracea",NA,"MWC","N","20090615"
"6F","1st","","portulaca.quadrifida",NA,"MWC","N","20090615"
"6F","1st","","pseudognaphalium..helichrysum.glumaceum.",NA,"MWC","N","20090615"
"6F","1st","","psilotrichum.schimperi",NA,"MWC","N","20090615"
"6F","1st","","rhinacanthus.ndorensis",NA,"MWC","N","20090615"
"6F","1st","","rhynchosia.holstii",NA,"MWC","N","20090615"
"6F","1st","","schkuhria.pinnata",NA,"MWC","N","20090615"
"6F","1st","","sida.2",NA,"MWC","N","20090615"
"6F","1st","","sida.cuneifolia",NA,"MWC","N","20090615"
"6F","1st","","solanum.incanum",NA,"MWC","N","20090615"
"6F","1st","","solanum.indicum",NA,"MWC","N","20090615"
"6F","1st","","tribulus.terrestris",NA,"MWC","N","20090615"
"6F","1st","","u",NA,"MWC","N","20090615"
"6F","1st","","w",NA,"MWC","N","20090615"
"6F","1st","","x_4",NA,"MWC","N","20090615"
"6F","1st","","x_5",NA,"MWC","N","20090615"
"6F","1st","","x_6",NA,"MWC","N","20090615"
"6F","1st","","x_7",NA,"MWC","N","20090615"
"6F","1st","","x_8",NA,"MWC","N","20090615"
"6F","All","Lvs","bracharia.lacnantha",NA,"MWC","N","20090615"
"6F","All","Lvs","lintonia.nutans",NA,"MWC","N","20090615"
"6F","All","Lvs","pennisetum.mezianum",2,"MWC","N","20090615"
"6F","All","Lvs","pennisetum.straminium",8,"MWC","N","20090615"
"6F","All","Lvs","themeda.triandra",11,"MWC","N","20090615"
"6F","All","Lvs","bare",NA,"MWC","N","20090615"
"6F","All","Lvs","x_2",NA,"MWC","N","20090615"
"6F","All","Lvs","aristida.kenyensis",NA,"MWC","N","20090615"
"6F","All","Lvs","bothriochloa.insculpta",NA,"MWC","N","20090615"
"6F","All","Lvs","bracharia.3",NA,"MWC","N","20090615"
"6F","All","Lvs","bracharia.eruciformis",NA,"MWC","N","20090615"
"6F","All","Lvs","chloris.sp",NA,"MWC","N","20090615"
"6F","All","Lvs","cynodon.dactylon",NA,"MWC","N","20090615"
"6F","All","Lvs","cynodon.plectostachyus",NA,"MWC","N","20090615"
"6F","All","Lvs","cyperus...mariscus.spp",NA,"MWC","N","20090615"
"6F","All","Lvs","digitaria.2",NA,"MWC","N","20090615"
"6F","All","Lvs","digitaria.milanjiana",NA,"MWC","N","20090615"
"6F","All","Lvs","dinebra.retroflexa",NA,"MWC","N","20090615"
"6F","All","Lvs","eragrostis.tenuifolia",NA,"MWC","N","20090615"
"6F","All","Lvs","harpachne.schimperi",NA,"MWC","N","20090615"
"6F","All","Lvs","microchloa.kunthii",NA,"MWC","N","20090615"
"6F","All","Lvs","panicum.astrosanguinum",NA,"MWC","N","20090615"
"6F","All","Lvs","setaria.acromelaena..small.",NA,"MWC","N","20090615"
"6F","All","Lvs","setaria.sphaecealata..big.",NA,"MWC","N","20090615"
"6F","All","Lvs","sporobolus.pyramidalis",NA,"MWC","N","20090615"
"6F","All","Lvs","tragus.berteronianus",NA,"MWC","N","20090615"
"6F","All","Lvs","x_3",NA,"MWC","N","20090615"
"6F","All","Lvs","acalypha.crenata",NA,"MWC","N","20090615"
"6F","All","Lvs","aerva.lanata",NA,"MWC","N","20090615"
"6F","All","Lvs","amaranthus.hibridus",NA,"MWC","N","20090615"
"6F","All","Lvs","aspilia.pluriseta",NA,"MWC","N","20090615"
"6F","All","Lvs","asterolinon.adoense..v.",NA,"MWC","N","20090615"
"6F","All","Lvs","caralluma.acutangula",NA,"MWC","N","20090615"
"6F","All","Lvs","chenopodium.opulifolium",NA,"MWC","N","20090615"
"6F","All","Lvs","chenopodium.schraderianum",NA,"MWC","N","20090615"
"6F","All","Lvs","commelina.spp",NA,"MWC","N","20090615"
"6F","All","Lvs","commicarpus.pedunculosus",NA,"MWC","N","20090615"
"6F","All","Lvs","conyza.sp",NA,"MWC","N","20090615"
"6F","All","Lvs","corchorus.sp",NA,"MWC","N","20090615"
"6F","All","Lvs","crotelaria.sp",NA,"MWC","N","20090615"
"6F","All","Lvs","cyathula.orthacantha",NA,"MWC","N","20090615"
"6F","All","Lvs","dyscoriste.radicans",NA,"MWC","N","20090615"
"6F","All","Lvs","euphorbia.inaequilatera",NA,"MWC","N","20090615"
"6F","All","Lvs","evolvulus.alsinoides",NA,"MWC","N","20090615"
"6F","All","Lvs","fern",NA,"MWC","N","20090615"
"6F","All","Lvs","gutenbergia.sp",NA,"MWC","N","20090615"
"6F","All","Lvs","hermannia.uhligii",NA,"MWC","N","20090615"
"6F","All","Lvs","hibiscus.flavifolius",NA,"MWC","N","20090615"
"6F","All","Lvs","hibiscus.trionum",NA,"MWC","N","20090615"
"6F","All","Lvs","indigofera.brevicalyx",NA,"MWC","N","20090615"
"6F","All","Lvs","indigofera.schimperi",NA,"MWC","N","20090615"
"6F","All","Lvs","ipomea.sinensis",NA,"MWC","N","20090615"
"6F","All","Lvs","justicia.dichipteroides",NA,"MWC","N","20090615"
"6F","All","Lvs","k",NA,"MWC","N","20090615"
"6F","All","Lvs","kyllinga.sp",NA,"MWC","N","20090615"
"6F","All","Lvs","leucas.glabrata",NA,"MWC","N","20090615"
"6F","All","Lvs","leucas.martiniscensis",NA,"MWC","N","20090615"
"6F","All","Lvs","lily.a",NA,"MWC","N","20090615"
"6F","All","Lvs","lily.b",NA,"MWC","N","20090615"
"6F","All","Lvs","lippia.javanica",NA,"MWC","N","20090615"
"6F","All","Lvs","melhania.spp.",NA,"MWC","N","20090615"
"6F","All","Lvs","misopates.orontium",NA,"MWC","N","20090615"
"6F","All","Lvs","mollugo.nudicaulis",NA,"MWC","N","20090615"
"6F","All","Lvs","monechima.debile",NA,"MWC","N","20090615"
"6F","All","Lvs","monsonia.augustifolia",NA,"MWC","N","20090615"
"6F","All","Lvs","ocimum.sp",NA,"MWC","N","20090615"
"6F","All","Lvs","osteospermum.vaillantii",NA,"MWC","N","20090615"
"6F","All","Lvs","oxygonum.sinuatum",NA,"MWC","N","20090615"
"6F","All","Lvs","pavonia.patens",NA,"MWC","N","20090615"
"6F","All","Lvs","pelargonium.alchemilloides",NA,"MWC","N","20090615"
"6F","All","Lvs","pentanisia.ouranogyne",NA,"MWC","N","20090615"
"6F","All","Lvs","phyllanthus.maderaspatensis",NA,"MWC","N","20090615"
"6F","All","Lvs","plectranthus.spp",NA,"MWC","N","20090615"
"6F","All","Lvs","pollichia.campestris",NA,"MWC","N","20090615"
"6F","All","Lvs","polygala..l.",NA,"MWC","N","20090615"
"6F","All","Lvs","polygala.sphenoptera",NA,"MWC","N","20090615"
"6F","All","Lvs","portulaca.oleracea",NA,"MWC","N","20090615"
"6F","All","Lvs","portulaca.quadrifida",NA,"MWC","N","20090615"
"6F","All","Lvs","pseudognaphalium..helichrysum.glumaceum.",NA,"MWC","N","20090615"
"6F","All","Lvs","psilotrichum.schimperi",NA,"MWC","N","20090615"
"6F","All","Lvs","rhinacanthus.ndorensis",NA,"MWC","N","20090615"
"6F","All","Lvs","rhynchosia.holstii",NA,"MWC","N","20090615"
"6F","All","Lvs","schkuhria.pinnata",NA,"MWC","N","20090615"
"6F","All","Lvs","sida.2",NA,"MWC","N","20090615"
"6F","All","Lvs","sida.cuneifolia",NA,"MWC","N","20090615"
"6F","All","Lvs","solanum.incanum",NA,"MWC","N","20090615"
"6F","All","Lvs","solanum.indicum",NA,"MWC","N","20090615"
"6F","All","Lvs","tribulus.terrestris",NA,"MWC","N","20090615"
"6F","All","Lvs","u",NA,"MWC","N","20090615"
"6F","All","Lvs","w",NA,"MWC","N","20090615"
"6F","All","Lvs","x_4",NA,"MWC","N","20090615"
"6F","All","Lvs","x_5",NA,"MWC","N","20090615"
"6F","All","Lvs","x_6",NA,"MWC","N","20090615"
"6F","All","Lvs","x_7",NA,"MWC","N","20090615"
"6F","All","Lvs","x_8",NA,"MWC","N","20090615"
"6F","All","Stm","bracharia.lacnantha",NA,"MWC","N","20090615"
"6F","All","Stm","lintonia.nutans",NA,"MWC","N","20090615"
"6F","All","Stm","pennisetum.mezianum",NA,"MWC","N","20090615"
"6F","All","Stm","pennisetum.straminium",12,"MWC","N","20090615"
"6F","All","Stm","themeda.triandra",NA,"MWC","N","20090615"
"6F","All","Stm","bare",NA,"MWC","N","20090615"
"6F","All","Stm","x_2",NA,"MWC","N","20090615"
"6F","All","Stm","aristida.kenyensis",NA,"MWC","N","20090615"
"6F","All","Stm","bothriochloa.insculpta",NA,"MWC","N","20090615"
"6F","All","Stm","bracharia.3",NA,"MWC","N","20090615"
"6F","All","Stm","bracharia.eruciformis",NA,"MWC","N","20090615"
"6F","All","Stm","chloris.sp",NA,"MWC","N","20090615"
"6F","All","Stm","cynodon.dactylon",NA,"MWC","N","20090615"
"6F","All","Stm","cynodon.plectostachyus",NA,"MWC","N","20090615"
"6F","All","Stm","cyperus...mariscus.spp",NA,"MWC","N","20090615"
"6F","All","Stm","digitaria.2",NA,"MWC","N","20090615"
"6F","All","Stm","digitaria.milanjiana",NA,"MWC","N","20090615"
"6F","All","Stm","dinebra.retroflexa",NA,"MWC","N","20090615"
"6F","All","Stm","eragrostis.tenuifolia",NA,"MWC","N","20090615"
"6F","All","Stm","harpachne.schimperi",NA,"MWC","N","20090615"
"6F","All","Stm","microchloa.kunthii",NA,"MWC","N","20090615"
"6F","All","Stm","panicum.astrosanguinum",NA,"MWC","N","20090615"
"6F","All","Stm","setaria.acromelaena..small.",NA,"MWC","N","20090615"
"6F","All","Stm","setaria.sphaecealata..big.",NA,"MWC","N","20090615"
"6F","All","Stm","sporobolus.pyramidalis",NA,"MWC","N","20090615"
"6F","All","Stm","tragus.berteronianus",NA,"MWC","N","20090615"
"6F","All","Stm","x_3",NA,"MWC","N","20090615"
"6F","All","Stm","acalypha.crenata",NA,"MWC","N","20090615"
"6F","All","Stm","aerva.lanata",NA,"MWC","N","20090615"
"6F","All","Stm","amaranthus.hibridus",NA,"MWC","N","20090615"
"6F","All","Stm","aspilia.pluriseta",NA,"MWC","N","20090615"
"6F","All","Stm","asterolinon.adoense..v.",NA,"MWC","N","20090615"
"6F","All","Stm","caralluma.acutangula",NA,"MWC","N","20090615"
"6F","All","Stm","chenopodium.opulifolium",NA,"MWC","N","20090615"
"6F","All","Stm","chenopodium.schraderianum",NA,"MWC","N","20090615"
"6F","All","Stm","commelina.spp",NA,"MWC","N","20090615"
"6F","All","Stm","commicarpus.pedunculosus",NA,"MWC","N","20090615"
"6F","All","Stm","conyza.sp",NA,"MWC","N","20090615"
"6F","All","Stm","corchorus.sp",NA,"MWC","N","20090615"
"6F","All","Stm","crotelaria.sp",NA,"MWC","N","20090615"
"6F","All","Stm","cyathula.orthacantha",NA,"MWC","N","20090615"
"6F","All","Stm","dyscoriste.radicans",NA,"MWC","N","20090615"
"6F","All","Stm","euphorbia.inaequilatera",NA,"MWC","N","20090615"
"6F","All","Stm","evolvulus.alsinoides",NA,"MWC","N","20090615"
"6F","All","Stm","fern",NA,"MWC","N","20090615"
"6F","All","Stm","gutenbergia.sp",NA,"MWC","N","20090615"
"6F","All","Stm","hermannia.uhligii",NA,"MWC","N","20090615"
"6F","All","Stm","hibiscus.flavifolius",NA,"MWC","N","20090615"
"6F","All","Stm","hibiscus.trionum",NA,"MWC","N","20090615"
"6F","All","Stm","indigofera.brevicalyx",NA,"MWC","N","20090615"
"6F","All","Stm","indigofera.schimperi",NA,"MWC","N","20090615"
"6F","All","Stm","ipomea.sinensis",NA,"MWC","N","20090615"
"6F","All","Stm","justicia.dichipteroides",NA,"MWC","N","20090615"
"6F","All","Stm","k",NA,"MWC","N","20090615"
"6F","All","Stm","kyllinga.sp",NA,"MWC","N","20090615"
"6F","All","Stm","leucas.glabrata",NA,"MWC","N","20090615"
"6F","All","Stm","leucas.martiniscensis",NA,"MWC","N","20090615"
"6F","All","Stm","lily.a",NA,"MWC","N","20090615"
"6F","All","Stm","lily.b",NA,"MWC","N","20090615"
"6F","All","Stm","lippia.javanica",NA,"MWC","N","20090615"
"6F","All","Stm","melhania.spp.",NA,"MWC","N","20090615"
"6F","All","Stm","misopates.orontium",NA,"MWC","N","20090615"
"6F","All","Stm","mollugo.nudicaulis",NA,"MWC","N","20090615"
"6F","All","Stm","monechima.debile",NA,"MWC","N","20090615"
"6F","All","Stm","monsonia.augustifolia",NA,"MWC","N","20090615"
"6F","All","Stm","ocimum.sp",NA,"MWC","N","20090615"
"6F","All","Stm","osteospermum.vaillantii",NA,"MWC","N","20090615"
"6F","All","Stm","oxygonum.sinuatum",NA,"MWC","N","20090615"
"6F","All","Stm","pavonia.patens",NA,"MWC","N","20090615"
"6F","All","Stm","pelargonium.alchemilloides",NA,"MWC","N","20090615"
"6F","All","Stm","pentanisia.ouranogyne",NA,"MWC","N","20090615"
"6F","All","Stm","phyllanthus.maderaspatensis",NA,"MWC","N","20090615"
"6F","All","Stm","plectranthus.spp",NA,"MWC","N","20090615"
"6F","All","Stm","pollichia.campestris",NA,"MWC","N","20090615"
"6F","All","Stm","polygala..l.",NA,"MWC","N","20090615"
"6F","All","Stm","polygala.sphenoptera",NA,"MWC","N","20090615"
"6F","All","Stm","portulaca.oleracea",NA,"MWC","N","20090615"
"6F","All","Stm","portulaca.quadrifida",NA,"MWC","N","20090615"
"6F","All","Stm","pseudognaphalium..helichrysum.glumaceum.",NA,"MWC","N","20090615"
"6F","All","Stm","psilotrichum.schimperi",NA,"MWC","N","20090615"
"6F","All","Stm","rhinacanthus.ndorensis",NA,"MWC","N","20090615"
"6F","All","Stm","rhynchosia.holstii",NA,"MWC","N","20090615"
"6F","All","Stm","schkuhria.pinnata",NA,"MWC","N","20090615"
"6F","All","Stm","sida.2",NA,"MWC","N","20090615"
"6F","All","Stm","sida.cuneifolia",NA,"MWC","N","20090615"
"6F","All","Stm","solanum.incanum",NA,"MWC","N","20090615"
"6F","All","Stm","solanum.indicum",NA,"MWC","N","20090615"
"6F","All","Stm","tribulus.terrestris",NA,"MWC","N","20090615"
"6F","All","Stm","u",NA,"MWC","N","20090615"
"6F","All","Stm","w",NA,"MWC","N","20090615"
"6F","All","Stm","x_4",NA,"MWC","N","20090615"
"6F","All","Stm","x_5",NA,"MWC","N","20090615"
"6F","All","Stm","x_6",NA,"MWC","N","20090615"
"6F","All","Stm","x_7",NA,"MWC","N","20090615"
"6F","All","Stm","x_8",NA,"MWC","N","20090615"
"6D","1st","","bracharia.lacnantha",4,"MWC","N","20090615"
"6D","1st","","lintonia.nutans",NA,"MWC","N","20090615"
"6D","1st","","pennisetum.mezianum",NA,"MWC","N","20090615"
"6D","1st","","pennisetum.straminium",NA,"MWC","N","20090615"
"6D","1st","","themeda.triandra",NA,"MWC","N","20090615"
"6D","1st","","bare",6,"MWC","N","20090615"
"6D","1st","","x_2",NA,"MWC","N","20090615"
"6D","1st","","aristida.kenyensis",NA,"MWC","N","20090615"
"6D","1st","","bothriochloa.insculpta",NA,"MWC","N","20090615"
"6D","1st","","bracharia.3",NA,"MWC","N","20090615"
"6D","1st","","bracharia.eruciformis",NA,"MWC","N","20090615"
"6D","1st","","chloris.sp",NA,"MWC","N","20090615"
"6D","1st","","cynodon.dactylon",NA,"MWC","N","20090615"
"6D","1st","","cynodon.plectostachyus",NA,"MWC","N","20090615"
"6D","1st","","cyperus...mariscus.spp",NA,"MWC","N","20090615"
"6D","1st","","digitaria.2",NA,"MWC","N","20090615"
"6D","1st","","digitaria.milanjiana",NA,"MWC","N","20090615"
"6D","1st","","dinebra.retroflexa",NA,"MWC","N","20090615"
"6D","1st","","eragrostis.tenuifolia",NA,"MWC","N","20090615"
"6D","1st","","harpachne.schimperi",NA,"MWC","N","20090615"
"6D","1st","","microchloa.kunthii",NA,"MWC","N","20090615"
"6D","1st","","panicum.astrosanguinum",NA,"MWC","N","20090615"
"6D","1st","","setaria.acromelaena..small.",NA,"MWC","N","20090615"
"6D","1st","","setaria.sphaecealata..big.",NA,"MWC","N","20090615"
"6D","1st","","sporobolus.pyramidalis",NA,"MWC","N","20090615"
"6D","1st","","tragus.berteronianus",NA,"MWC","N","20090615"
"6D","1st","","x_3",NA,"MWC","N","20090615"
"6D","1st","","acalypha.crenata",NA,"MWC","N","20090615"
"6D","1st","","aerva.lanata",NA,"MWC","N","20090615"
"6D","1st","","amaranthus.hibridus",NA,"MWC","N","20090615"
"6D","1st","","aspilia.pluriseta",NA,"MWC","N","20090615"
"6D","1st","","asterolinon.adoense..v.",NA,"MWC","N","20090615"
"6D","1st","","caralluma.acutangula",NA,"MWC","N","20090615"
"6D","1st","","chenopodium.opulifolium",NA,"MWC","N","20090615"
"6D","1st","","chenopodium.schraderianum",NA,"MWC","N","20090615"
"6D","1st","","commelina.spp",NA,"MWC","N","20090615"
"6D","1st","","commicarpus.pedunculosus",NA,"MWC","N","20090615"
"6D","1st","","conyza.sp",NA,"MWC","N","20090615"
"6D","1st","","corchorus.sp",NA,"MWC","N","20090615"
"6D","1st","","crotelaria.sp",NA,"MWC","N","20090615"
"6D","1st","","cyathula.orthacantha",NA,"MWC","N","20090615"
"6D","1st","","dyscoriste.radicans",NA,"MWC","N","20090615"
"6D","1st","","euphorbia.inaequilatera",NA,"MWC","N","20090615"
"6D","1st","","evolvulus.alsinoides",NA,"MWC","N","20090615"
"6D","1st","","fern",NA,"MWC","N","20090615"
"6D","1st","","gutenbergia.sp",NA,"MWC","N","20090615"
"6D","1st","","hermannia.uhligii",NA,"MWC","N","20090615"
"6D","1st","","hibiscus.flavifolius",NA,"MWC","N","20090615"
"6D","1st","","hibiscus.trionum",NA,"MWC","N","20090615"
"6D","1st","","indigofera.brevicalyx",NA,"MWC","N","20090615"
"6D","1st","","indigofera.schimperi",NA,"MWC","N","20090615"
"6D","1st","","ipomea.sinensis",NA,"MWC","N","20090615"
"6D","1st","","justicia.dichipteroides",NA,"MWC","N","20090615"
"6D","1st","","k",NA,"MWC","N","20090615"
"6D","1st","","kyllinga.sp",NA,"MWC","N","20090615"
"6D","1st","","leucas.glabrata",NA,"MWC","N","20090615"
"6D","1st","","leucas.martiniscensis",NA,"MWC","N","20090615"
"6D","1st","","lily.a",NA,"MWC","N","20090615"
"6D","1st","","lily.b",NA,"MWC","N","20090615"
"6D","1st","","lippia.javanica",NA,"MWC","N","20090615"
"6D","1st","","melhania.spp.",NA,"MWC","N","20090615"
"6D","1st","","misopates.orontium",NA,"MWC","N","20090615"
"6D","1st","","mollugo.nudicaulis",NA,"MWC","N","20090615"
"6D","1st","","monechima.debile",NA,"MWC","N","20090615"
"6D","1st","","monsonia.augustifolia",NA,"MWC","N","20090615"
"6D","1st","","ocimum.sp",NA,"MWC","N","20090615"
"6D","1st","","osteospermum.vaillantii",NA,"MWC","N","20090615"
"6D","1st","","oxygonum.sinuatum",NA,"MWC","N","20090615"
"6D","1st","","pavonia.patens",NA,"MWC","N","20090615"
"6D","1st","","pelargonium.alchemilloides",NA,"MWC","N","20090615"
"6D","1st","","pentanisia.ouranogyne",NA,"MWC","N","20090615"
"6D","1st","","phyllanthus.maderaspatensis",NA,"MWC","N","20090615"
"6D","1st","","plectranthus.spp",NA,"MWC","N","20090615"
"6D","1st","","pollichia.campestris",NA,"MWC","N","20090615"
"6D","1st","","polygala..l.",NA,"MWC","N","20090615"
"6D","1st","","polygala.sphenoptera",NA,"MWC","N","20090615"
"6D","1st","","portulaca.oleracea",NA,"MWC","N","20090615"
"6D","1st","","portulaca.quadrifida",NA,"MWC","N","20090615"
"6D","1st","","pseudognaphalium..helichrysum.glumaceum.",NA,"MWC","N","20090615"
"6D","1st","","psilotrichum.schimperi",NA,"MWC","N","20090615"
"6D","1st","","rhinacanthus.ndorensis",NA,"MWC","N","20090615"
"6D","1st","","rhynchosia.holstii",NA,"MWC","N","20090615"
"6D","1st","","schkuhria.pinnata",NA,"MWC","N","20090615"
"6D","1st","","sida.2",NA,"MWC","N","20090615"
"6D","1st","","sida.cuneifolia",NA,"MWC","N","20090615"
"6D","1st","","solanum.incanum",NA,"MWC","N","20090615"
"6D","1st","","solanum.indicum",NA,"MWC","N","20090615"
"6D","1st","","tribulus.terrestris",NA,"MWC","N","20090615"
"6D","1st","","u",NA,"MWC","N","20090615"
"6D","1st","","w",NA,"MWC","N","20090615"
"6D","1st","","x_4",NA,"MWC","N","20090615"
"6D","1st","","x_5",NA,"MWC","N","20090615"
"6D","1st","","x_6",NA,"MWC","N","20090615"
"6D","1st","","x_7",NA,"MWC","N","20090615"
"6D","1st","","x_8",NA,"MWC","N","20090615"
"6D","All","Lvs","bracharia.lacnantha",5,"MWC","N","20090615"
"6D","All","Lvs","lintonia.nutans",NA,"MWC","N","20090615"
"6D","All","Lvs","pennisetum.mezianum",NA,"MWC","N","20090615"
"6D","All","Lvs","pennisetum.straminium",NA,"MWC","N","20090615"
"6D","All","Lvs","themeda.triandra",NA,"MWC","N","20090615"
"6D","All","Lvs","bare",NA,"MWC","N","20090615"
"6D","All","Lvs","x_2",NA,"MWC","N","20090615"
"6D","All","Lvs","aristida.kenyensis",NA,"MWC","N","20090615"
"6D","All","Lvs","bothriochloa.insculpta",NA,"MWC","N","20090615"
"6D","All","Lvs","bracharia.3",NA,"MWC","N","20090615"
"6D","All","Lvs","bracharia.eruciformis",NA,"MWC","N","20090615"
"6D","All","Lvs","chloris.sp",NA,"MWC","N","20090615"
"6D","All","Lvs","cynodon.dactylon",NA,"MWC","N","20090615"
"6D","All","Lvs","cynodon.plectostachyus",NA,"MWC","N","20090615"
"6D","All","Lvs","cyperus...mariscus.spp",NA,"MWC","N","20090615"
"6D","All","Lvs","digitaria.2",NA,"MWC","N","20090615"
"6D","All","Lvs","digitaria.milanjiana",NA,"MWC","N","20090615"
"6D","All","Lvs","dinebra.retroflexa",NA,"MWC","N","20090615"
"6D","All","Lvs","eragrostis.tenuifolia",NA,"MWC","N","20090615"
"6D","All","Lvs","harpachne.schimperi",NA,"MWC","N","20090615"
"6D","All","Lvs","microchloa.kunthii",NA,"MWC","N","20090615"
"6D","All","Lvs","panicum.astrosanguinum",NA,"MWC","N","20090615"
"6D","All","Lvs","setaria.acromelaena..small.",NA,"MWC","N","20090615"
"6D","All","Lvs","setaria.sphaecealata..big.",NA,"MWC","N","20090615"
"6D","All","Lvs","sporobolus.pyramidalis",NA,"MWC","N","20090615"
"6D","All","Lvs","tragus.berteronianus",NA,"MWC","N","20090615"
"6D","All","Lvs","x_3",NA,"MWC","N","20090615"
"6D","All","Lvs","acalypha.crenata",NA,"MWC","N","20090615"
"6D","All","Lvs","aerva.lanata",NA,"MWC","N","20090615"
"6D","All","Lvs","amaranthus.hibridus",NA,"MWC","N","20090615"
"6D","All","Lvs","aspilia.pluriseta",NA,"MWC","N","20090615"
"6D","All","Lvs","asterolinon.adoense..v.",NA,"MWC","N","20090615"
"6D","All","Lvs","caralluma.acutangula",NA,"MWC","N","20090615"
"6D","All","Lvs","chenopodium.opulifolium",NA,"MWC","N","20090615"
"6D","All","Lvs","chenopodium.schraderianum",NA,"MWC","N","20090615"
"6D","All","Lvs","commelina.spp",NA,"MWC","N","20090615"
"6D","All","Lvs","commicarpus.pedunculosus",NA,"MWC","N","20090615"
"6D","All","Lvs","conyza.sp",NA,"MWC","N","20090615"
"6D","All","Lvs","corchorus.sp",NA,"MWC","N","20090615"
"6D","All","Lvs","crotelaria.sp",NA,"MWC","N","20090615"
"6D","All","Lvs","cyathula.orthacantha",NA,"MWC","N","20090615"
"6D","All","Lvs","dyscoriste.radicans",NA,"MWC","N","20090615"
"6D","All","Lvs","euphorbia.inaequilatera",NA,"MWC","N","20090615"
"6D","All","Lvs","evolvulus.alsinoides",NA,"MWC","N","20090615"
"6D","All","Lvs","fern",NA,"MWC","N","20090615"
"6D","All","Lvs","gutenbergia.sp",NA,"MWC","N","20090615"
"6D","All","Lvs","hermannia.uhligii",NA,"MWC","N","20090615"
"6D","All","Lvs","hibiscus.flavifolius",NA,"MWC","N","20090615"
"6D","All","Lvs","hibiscus.trionum",NA,"MWC","N","20090615"
"6D","All","Lvs","indigofera.brevicalyx",NA,"MWC","N","20090615"
"6D","All","Lvs","indigofera.schimperi",NA,"MWC","N","20090615"
"6D","All","Lvs","ipomea.sinensis",NA,"MWC","N","20090615"
"6D","All","Lvs","justicia.dichipteroides",NA,"MWC","N","20090615"
"6D","All","Lvs","k",NA,"MWC","N","20090615"
"6D","All","Lvs","kyllinga.sp",NA,"MWC","N","20090615"
"6D","All","Lvs","leucas.glabrata",NA,"MWC","N","20090615"
"6D","All","Lvs","leucas.martiniscensis",NA,"MWC","N","20090615"
"6D","All","Lvs","lily.a",NA,"MWC","N","20090615"
"6D","All","Lvs","lily.b",NA,"MWC","N","20090615"
"6D","All","Lvs","lippia.javanica",NA,"MWC","N","20090615"
"6D","All","Lvs","melhania.spp.",NA,"MWC","N","20090615"
"6D","All","Lvs","misopates.orontium",NA,"MWC","N","20090615"
"6D","All","Lvs","mollugo.nudicaulis",NA,"MWC","N","20090615"
"6D","All","Lvs","monechima.debile",NA,"MWC","N","20090615"
"6D","All","Lvs","monsonia.augustifolia",NA,"MWC","N","20090615"
"6D","All","Lvs","ocimum.sp",NA,"MWC","N","20090615"
"6D","All","Lvs","osteospermum.vaillantii",NA,"MWC","N","20090615"
"6D","All","Lvs","oxygonum.sinuatum",NA,"MWC","N","20090615"
"6D","All","Lvs","pavonia.patens",NA,"MWC","N","20090615"
"6D","All","Lvs","pelargonium.alchemilloides",NA,"MWC","N","20090615"
"6D","All","Lvs","pentanisia.ouranogyne",NA,"MWC","N","20090615"
"6D","All","Lvs","phyllanthus.maderaspatensis",NA,"MWC","N","20090615"
"6D","All","Lvs","plectranthus.spp",NA,"MWC","N","20090615"
"6D","All","Lvs","pollichia.campestris",NA,"MWC","N","20090615"
"6D","All","Lvs","polygala..l.",NA,"MWC","N","20090615"
"6D","All","Lvs","polygala.sphenoptera",NA,"MWC","N","20090615"
"6D","All","Lvs","portulaca.oleracea",NA,"MWC","N","20090615"
"6D","All","Lvs","portulaca.quadrifida",NA,"MWC","N","20090615"
"6D","All","Lvs","pseudognaphalium..helichrysum.glumaceum.",NA,"MWC","N","20090615"
"6D","All","Lvs","psilotrichum.schimperi",NA,"MWC","N","20090615"
"6D","All","Lvs","rhinacanthus.ndorensis",NA,"MWC","N","20090615"
"6D","All","Lvs","rhynchosia.holstii",NA,"MWC","N","20090615"
"6D","All","Lvs","schkuhria.pinnata",NA,"MWC","N","20090615"
"6D","All","Lvs","sida.2",NA,"MWC","N","20090615"
"6D","All","Lvs","sida.cuneifolia",NA,"MWC","N","20090615"
"6D","All","Lvs","solanum.incanum",NA,"MWC","N","20090615"
"6D","All","Lvs","solanum.indicum",NA,"MWC","N","20090615"
"6D","All","Lvs","tribulus.terrestris",NA,"MWC","N","20090615"
"6D","All","Lvs","u",NA,"MWC","N","20090615"
"6D","All","Lvs","w",NA,"MWC","N","20090615"
"6D","All","Lvs","x_4",NA,"MWC","N","20090615"
"6D","All","Lvs","x_5",NA,"MWC","N","20090615"
"6D","All","Lvs","x_6",NA,"MWC","N","20090615"
"6D","All","Lvs","x_7",NA,"MWC","N","20090615"
"6D","All","Lvs","x_8",NA,"MWC","N","20090615"
"6D","All","Stm","bracharia.lacnantha",NA,"MWC","N","20090615"
"6D","All","Stm","lintonia.nutans",NA,"MWC","N","20090615"
"6D","All","Stm","pennisetum.mezianum",NA,"MWC","N","20090615"
"6D","All","Stm","pennisetum.straminium",NA,"MWC","N","20090615"
"6D","All","Stm","themeda.triandra",NA,"MWC","N","20090615"
"6D","All","Stm","bare",NA,"MWC","N","20090615"
"6D","All","Stm","x_2",NA,"MWC","N","20090615"
"6D","All","Stm","aristida.kenyensis",NA,"MWC","N","20090615"
"6D","All","Stm","bothriochloa.insculpta",NA,"MWC","N","20090615"
"6D","All","Stm","bracharia.3",NA,"MWC","N","20090615"
"6D","All","Stm","bracharia.eruciformis",NA,"MWC","N","20090615"
"6D","All","Stm","chloris.sp",NA,"MWC","N","20090615"
"6D","All","Stm","cynodon.dactylon",NA,"MWC","N","20090615"
"6D","All","Stm","cynodon.plectostachyus",NA,"MWC","N","20090615"
"6D","All","Stm","cyperus...mariscus.spp",NA,"MWC","N","20090615"
"6D","All","Stm","digitaria.2",NA,"MWC","N","20090615"
"6D","All","Stm","digitaria.milanjiana",NA,"MWC","N","20090615"
"6D","All","Stm","dinebra.retroflexa",NA,"MWC","N","20090615"
"6D","All","Stm","eragrostis.tenuifolia",NA,"MWC","N","20090615"
"6D","All","Stm","harpachne.schimperi",NA,"MWC","N","20090615"
"6D","All","Stm","microchloa.kunthii",NA,"MWC","N","20090615"
"6D","All","Stm","panicum.astrosanguinum",NA,"MWC","N","20090615"
"6D","All","Stm","setaria.acromelaena..small.",NA,"MWC","N","20090615"
"6D","All","Stm","setaria.sphaecealata..big.",NA,"MWC","N","20090615"
"6D","All","Stm","sporobolus.pyramidalis",NA,"MWC","N","20090615"
"6D","All","Stm","tragus.berteronianus",NA,"MWC","N","20090615"
"6D","All","Stm","x_3",NA,"MWC","N","20090615"
"6D","All","Stm","acalypha.crenata",NA,"MWC","N","20090615"
"6D","All","Stm","aerva.lanata",NA,"MWC","N","20090615"
"6D","All","Stm","amaranthus.hibridus",NA,"MWC","N","20090615"
"6D","All","Stm","aspilia.pluriseta",NA,"MWC","N","20090615"
"6D","All","Stm","asterolinon.adoense..v.",NA,"MWC","N","20090615"
"6D","All","Stm","caralluma.acutangula",NA,"MWC","N","20090615"
"6D","All","Stm","chenopodium.opulifolium",NA,"MWC","N","20090615"
"6D","All","Stm","chenopodium.schraderianum",NA,"MWC","N","20090615"
"6D","All","Stm","commelina.spp",NA,"MWC","N","20090615"
"6D","All","Stm","commicarpus.pedunculosus",NA,"MWC","N","20090615"
"6D","All","Stm","conyza.sp",NA,"MWC","N","20090615"
"6D","All","Stm","corchorus.sp",NA,"MWC","N","20090615"
"6D","All","Stm","crotelaria.sp",NA,"MWC","N","20090615"
"6D","All","Stm","cyathula.orthacantha",NA,"MWC","N","20090615"
"6D","All","Stm","dyscoriste.radicans",NA,"MWC","N","20090615"
"6D","All","Stm","euphorbia.inaequilatera",NA,"MWC","N","20090615"
"6D","All","Stm","evolvulus.alsinoides",NA,"MWC","N","20090615"
"6D","All","Stm","fern",NA,"MWC","N","20090615"
"6D","All","Stm","gutenbergia.sp",NA,"MWC","N","20090615"
"6D","All","Stm","hermannia.uhligii",NA,"MWC","N","20090615"
"6D","All","Stm","hibiscus.flavifolius",NA,"MWC","N","20090615"
"6D","All","Stm","hibiscus.trionum",NA,"MWC","N","20090615"
"6D","All","Stm","indigofera.brevicalyx",NA,"MWC","N","20090615"
"6D","All","Stm","indigofera.schimperi",NA,"MWC","N","20090615"
"6D","All","Stm","ipomea.sinensis",NA,"MWC","N","20090615"
"6D","All","Stm","justicia.dichipteroides",NA,"MWC","N","20090615"
"6D","All","Stm","k",NA,"MWC","N","20090615"
"6D","All","Stm","kyllinga.sp",NA,"MWC","N","20090615"
"6D","All","Stm","leucas.glabrata",NA,"MWC","N","20090615"
"6D","All","Stm","leucas.martiniscensis",NA,"MWC","N","20090615"
"6D","All","Stm","lily.a",NA,"MWC","N","20090615"
"6D","All","Stm","lily.b",NA,"MWC","N","20090615"
"6D","All","Stm","lippia.javanica",NA,"MWC","N","20090615"
"6D","All","Stm","melhania.spp.",NA,"MWC","N","20090615"
"6D","All","Stm","misopates.orontium",NA,"MWC","N","20090615"
"6D","All","Stm","mollugo.nudicaulis",NA,"MWC","N","20090615"
"6D","All","Stm","monechima.debile",NA,"MWC","N","20090615"
"6D","All","Stm","monsonia.augustifolia",NA,"MWC","N","20090615"
"6D","All","Stm","ocimum.sp",NA,"MWC","N","20090615"
"6D","All","Stm","osteospermum.vaillantii",NA,"MWC","N","20090615"
"6D","All","Stm","oxygonum.sinuatum",NA,"MWC","N","20090615"
"6D","All","Stm","pavonia.patens",NA,"MWC","N","20090615"
"6D","All","Stm","pelargonium.alchemilloides",NA,"MWC","N","20090615"
"6D","All","Stm","pentanisia.ouranogyne",NA,"MWC","N","20090615"
"6D","All","Stm","phyllanthus.maderaspatensis",NA,"MWC","N","20090615"
"6D","All","Stm","plectranthus.spp",NA,"MWC","N","20090615"
"6D","All","Stm","pollichia.campestris",NA,"MWC","N","20090615"
"6D","All","Stm","polygala..l.",NA,"MWC","N","20090615"
"6D","All","Stm","polygala.sphenoptera",NA,"MWC","N","20090615"
"6D","All","Stm","portulaca.oleracea",NA,"MWC","N","20090615"
"6D","All","Stm","portulaca.quadrifida",NA,"MWC","N","20090615"
"6D","All","Stm","pseudognaphalium..helichrysum.glumaceum.",NA,"MWC","N","20090615"
"6D","All","Stm","psilotrichum.schimperi",NA,"MWC","N","20090615"
"6D","All","Stm","rhinacanthus.ndorensis",NA,"MWC","N","20090615"
"6D","All","Stm","rhynchosia.holstii",NA,"MWC","N","20090615"
"6D","All","Stm","schkuhria.pinnata",NA,"MWC","N","20090615"
"6D","All","Stm","sida.2",NA,"MWC","N","20090615"
"6D","All","Stm","sida.cuneifolia",NA,"MWC","N","20090615"
"6D","All","Stm","solanum.incanum",NA,"MWC","N","20090615"
"6D","All","Stm","solanum.indicum",NA,"MWC","N","20090615"
"6D","All","Stm","tribulus.terrestris",NA,"MWC","N","20090615"
"6D","All","Stm","u",NA,"MWC","N","20090615"
"6D","All","Stm","w",NA,"MWC","N","20090615"
"6D","All","Stm","x_4",NA,"MWC","N","20090615"
"6D","All","Stm","x_5",NA,"MWC","N","20090615"
"6D","All","Stm","x_6",NA,"MWC","N","20090615"
"6D","All","Stm","x_7",NA,"MWC","N","20090615"
"6D","All","Stm","x_8",NA,"MWC","N","20090615"
"6B","1st","","bracharia.lacnantha",NA,"MWC","N","20090615"
"6B","1st","","lintonia.nutans",1,"MWC","N","20090615"
"6B","1st","","pennisetum.mezianum",5,"MWC","N","20090615"
"6B","1st","","pennisetum.straminium",NA,"MWC","N","20090615"
"6B","1st","","themeda.triandra",NA,"MWC","N","20090615"
"6B","1st","","bare",3,"MWC","N","20090615"
"6B","1st","","x_2",NA,"MWC","N","20090615"
"6B","1st","","aristida.kenyensis",NA,"MWC","N","20090615"
"6B","1st","","bothriochloa.insculpta",NA,"MWC","N","20090615"
"6B","1st","","bracharia.3",NA,"MWC","N","20090615"
"6B","1st","","bracharia.eruciformis",NA,"MWC","N","20090615"
"6B","1st","","chloris.sp",NA,"MWC","N","20090615"
"6B","1st","","cynodon.dactylon",NA,"MWC","N","20090615"
"6B","1st","","cynodon.plectostachyus",NA,"MWC","N","20090615"
"6B","1st","","cyperus...mariscus.spp",NA,"MWC","N","20090615"
"6B","1st","","digitaria.2",NA,"MWC","N","20090615"
"6B","1st","","digitaria.milanjiana",NA,"MWC","N","20090615"
"6B","1st","","dinebra.retroflexa",NA,"MWC","N","20090615"
"6B","1st","","eragrostis.tenuifolia",NA,"MWC","N","20090615"
"6B","1st","","harpachne.schimperi",NA,"MWC","N","20090615"
"6B","1st","","microchloa.kunthii",NA,"MWC","N","20090615"
"6B","1st","","panicum.astrosanguinum",NA,"MWC","N","20090615"
"6B","1st","","setaria.acromelaena..small.",NA,"MWC","N","20090615"
"6B","1st","","setaria.sphaecealata..big.",NA,"MWC","N","20090615"
"6B","1st","","sporobolus.pyramidalis",NA,"MWC","N","20090615"
"6B","1st","","tragus.berteronianus",NA,"MWC","N","20090615"
"6B","1st","","x_3",NA,"MWC","N","20090615"
"6B","1st","","acalypha.crenata",NA,"MWC","N","20090615"
"6B","1st","","aerva.lanata",NA,"MWC","N","20090615"
"6B","1st","","amaranthus.hibridus",NA,"MWC","N","20090615"
"6B","1st","","aspilia.pluriseta",NA,"MWC","N","20090615"
"6B","1st","","asterolinon.adoense..v.",NA,"MWC","N","20090615"
"6B","1st","","caralluma.acutangula",NA,"MWC","N","20090615"
"6B","1st","","chenopodium.opulifolium",NA,"MWC","N","20090615"
"6B","1st","","chenopodium.schraderianum",NA,"MWC","N","20090615"
"6B","1st","","commelina.spp",NA,"MWC","N","20090615"
"6B","1st","","commicarpus.pedunculosus",NA,"MWC","N","20090615"
"6B","1st","","conyza.sp",NA,"MWC","N","20090615"
"6B","1st","","corchorus.sp",NA,"MWC","N","20090615"
"6B","1st","","crotelaria.sp",NA,"MWC","N","20090615"
"6B","1st","","cyathula.orthacantha",NA,"MWC","N","20090615"
"6B","1st","","dyscoriste.radicans",NA,"MWC","N","20090615"
"6B","1st","","euphorbia.inaequilatera",NA,"MWC","N","20090615"
"6B","1st","","evolvulus.alsinoides",NA,"MWC","N","20090615"
"6B","1st","","fern",NA,"MWC","N","20090615"
"6B","1st","","gutenbergia.sp",NA,"MWC","N","20090615"
"6B","1st","","hermannia.uhligii",NA,"MWC","N","20090615"
"6B","1st","","hibiscus.flavifolius",NA,"MWC","N","20090615"
"6B","1st","","hibiscus.trionum",NA,"MWC","N","20090615"
"6B","1st","","indigofera.brevicalyx",NA,"MWC","N","20090615"
"6B","1st","","indigofera.schimperi",NA,"MWC","N","20090615"
"6B","1st","","ipomea.sinensis",NA,"MWC","N","20090615"
"6B","1st","","justicia.dichipteroides",NA,"MWC","N","20090615"
"6B","1st","","k",NA,"MWC","N","20090615"
"6B","1st","","kyllinga.sp",NA,"MWC","N","20090615"
"6B","1st","","leucas.glabrata",NA,"MWC","N","20090615"
"6B","1st","","leucas.martiniscensis",NA,"MWC","N","20090615"
"6B","1st","","lily.a",NA,"MWC","N","20090615"
"6B","1st","","lily.b",NA,"MWC","N","20090615"
"6B","1st","","lippia.javanica",NA,"MWC","N","20090615"
"6B","1st","","melhania.spp.",NA,"MWC","N","20090615"
"6B","1st","","misopates.orontium",NA,"MWC","N","20090615"
"6B","1st","","mollugo.nudicaulis",NA,"MWC","N","20090615"
"6B","1st","","monechima.debile",NA,"MWC","N","20090615"
"6B","1st","","monsonia.augustifolia",NA,"MWC","N","20090615"
"6B","1st","","ocimum.sp",NA,"MWC","N","20090615"
"6B","1st","","osteospermum.vaillantii",NA,"MWC","N","20090615"
"6B","1st","","oxygonum.sinuatum",NA,"MWC","N","20090615"
"6B","1st","","pavonia.patens",NA,"MWC","N","20090615"
"6B","1st","","pelargonium.alchemilloides",NA,"MWC","N","20090615"
"6B","1st","","pentanisia.ouranogyne",NA,"MWC","N","20090615"
"6B","1st","","phyllanthus.maderaspatensis",NA,"MWC","N","20090615"
"6B","1st","","plectranthus.spp",NA,"MWC","N","20090615"
"6B","1st","","pollichia.campestris",NA,"MWC","N","20090615"
"6B","1st","","polygala..l.",NA,"MWC","N","20090615"
"6B","1st","","polygala.sphenoptera",NA,"MWC","N","20090615"
"6B","1st","","portulaca.oleracea",NA,"MWC","N","20090615"
"6B","1st","","portulaca.quadrifida",NA,"MWC","N","20090615"
"6B","1st","","pseudognaphalium..helichrysum.glumaceum.",NA,"MWC","N","20090615"
"6B","1st","","psilotrichum.schimperi",NA,"MWC","N","20090615"
"6B","1st","","rhinacanthus.ndorensis",NA,"MWC","N","20090615"
"6B","1st","","rhynchosia.holstii",NA,"MWC","N","20090615"
"6B","1st","","schkuhria.pinnata",NA,"MWC","N","20090615"
"6B","1st","","sida.2",NA,"MWC","N","20090615"
"6B","1st","","sida.cuneifolia",NA,"MWC","N","20090615"
"6B","1st","","solanum.incanum",NA,"MWC","N","20090615"
"6B","1st","","solanum.indicum",NA,"MWC","N","20090615"
"6B","1st","","tribulus.terrestris",NA,"MWC","N","20090615"
"6B","1st","","u",NA,"MWC","N","20090615"
"6B","1st","","w",NA,"MWC","N","20090615"
"6B","1st","","x_4",NA,"MWC","N","20090615"
"6B","1st","","x_5",NA,"MWC","N","20090615"
"6B","1st","","x_6",NA,"MWC","N","20090615"
"6B","1st","","x_7",NA,"MWC","N","20090615"
"6B","1st","","x_8",NA,"MWC","N","20090615"
"6B","All","Lvs","bracharia.lacnantha",NA,"MWC","N","20090615"
"6B","All","Lvs","lintonia.nutans",2,"MWC","N","20090615"
"6B","All","Lvs","pennisetum.mezianum",6,"MWC","N","20090615"
"6B","All","Lvs","pennisetum.straminium",NA,"MWC","N","20090615"
"6B","All","Lvs","themeda.triandra",NA,"MWC","N","20090615"
"6B","All","Lvs","bare",NA,"MWC","N","20090615"
"6B","All","Lvs","x_2",NA,"MWC","N","20090615"
"6B","All","Lvs","aristida.kenyensis",NA,"MWC","N","20090615"
"6B","All","Lvs","bothriochloa.insculpta",NA,"MWC","N","20090615"
"6B","All","Lvs","bracharia.3",NA,"MWC","N","20090615"
"6B","All","Lvs","bracharia.eruciformis",NA,"MWC","N","20090615"
"6B","All","Lvs","chloris.sp",NA,"MWC","N","20090615"
"6B","All","Lvs","cynodon.dactylon",NA,"MWC","N","20090615"
"6B","All","Lvs","cynodon.plectostachyus",NA,"MWC","N","20090615"
"6B","All","Lvs","cyperus...mariscus.spp",NA,"MWC","N","20090615"
"6B","All","Lvs","digitaria.2",NA,"MWC","N","20090615"
"6B","All","Lvs","digitaria.milanjiana",NA,"MWC","N","20090615"
"6B","All","Lvs","dinebra.retroflexa",NA,"MWC","N","20090615"
"6B","All","Lvs","eragrostis.tenuifolia",NA,"MWC","N","20090615"
"6B","All","Lvs","harpachne.schimperi",NA,"MWC","N","20090615"
"6B","All","Lvs","microchloa.kunthii",NA,"MWC","N","20090615"
"6B","All","Lvs","panicum.astrosanguinum",NA,"MWC","N","20090615"
"6B","All","Lvs","setaria.acromelaena..small.",NA,"MWC","N","20090615"
"6B","All","Lvs","setaria.sphaecealata..big.",NA,"MWC","N","20090615"
"6B","All","Lvs","sporobolus.pyramidalis",NA,"MWC","N","20090615"
"6B","All","Lvs","tragus.berteronianus",NA,"MWC","N","20090615"
"6B","All","Lvs","x_3",NA,"MWC","N","20090615"
"6B","All","Lvs","acalypha.crenata",NA,"MWC","N","20090615"
"6B","All","Lvs","aerva.lanata",NA,"MWC","N","20090615"
"6B","All","Lvs","amaranthus.hibridus",NA,"MWC","N","20090615"
"6B","All","Lvs","aspilia.pluriseta",NA,"MWC","N","20090615"
"6B","All","Lvs","asterolinon.adoense..v.",NA,"MWC","N","20090615"
"6B","All","Lvs","caralluma.acutangula",NA,"MWC","N","20090615"
"6B","All","Lvs","chenopodium.opulifolium",NA,"MWC","N","20090615"
"6B","All","Lvs","chenopodium.schraderianum",NA,"MWC","N","20090615"
"6B","All","Lvs","commelina.spp",NA,"MWC","N","20090615"
"6B","All","Lvs","commicarpus.pedunculosus",NA,"MWC","N","20090615"
"6B","All","Lvs","conyza.sp",NA,"MWC","N","20090615"
"6B","All","Lvs","corchorus.sp",NA,"MWC","N","20090615"
"6B","All","Lvs","crotelaria.sp",NA,"MWC","N","20090615"
"6B","All","Lvs","cyathula.orthacantha",NA,"MWC","N","20090615"
"6B","All","Lvs","dyscoriste.radicans",NA,"MWC","N","20090615"
"6B","All","Lvs","euphorbia.inaequilatera",NA,"MWC","N","20090615"
"6B","All","Lvs","evolvulus.alsinoides",NA,"MWC","N","20090615"
"6B","All","Lvs","fern",NA,"MWC","N","20090615"
"6B","All","Lvs","gutenbergia.sp",NA,"MWC","N","20090615"
"6B","All","Lvs","hermannia.uhligii",NA,"MWC","N","20090615"
"6B","All","Lvs","hibiscus.flavifolius",NA,"MWC","N","20090615"
"6B","All","Lvs","hibiscus.trionum",NA,"MWC","N","20090615"
"6B","All","Lvs","indigofera.brevicalyx",NA,"MWC","N","20090615"
"6B","All","Lvs","indigofera.schimperi",NA,"MWC","N","20090615"
"6B","All","Lvs","ipomea.sinensis",NA,"MWC","N","20090615"
"6B","All","Lvs","justicia.dichipteroides",NA,"MWC","N","20090615"
"6B","All","Lvs","k",NA,"MWC","N","20090615"
"6B","All","Lvs","kyllinga.sp",NA,"MWC","N","20090615"
"6B","All","Lvs","leucas.glabrata",NA,"MWC","N","20090615"
"6B","All","Lvs","leucas.martiniscensis",NA,"MWC","N","20090615"
"6B","All","Lvs","lily.a",NA,"MWC","N","20090615"
"6B","All","Lvs","lily.b",NA,"MWC","N","20090615"
"6B","All","Lvs","lippia.javanica",NA,"MWC","N","20090615"
"6B","All","Lvs","melhania.spp.",NA,"MWC","N","20090615"
"6B","All","Lvs","misopates.orontium",NA,"MWC","N","20090615"
"6B","All","Lvs","mollugo.nudicaulis",NA,"MWC","N","20090615"
"6B","All","Lvs","monechima.debile",NA,"MWC","N","20090615"
"6B","All","Lvs","monsonia.augustifolia",NA,"MWC","N","20090615"
"6B","All","Lvs","ocimum.sp",NA,"MWC","N","20090615"
"6B","All","Lvs","osteospermum.vaillantii",NA,"MWC","N","20090615"
"6B","All","Lvs","oxygonum.sinuatum",NA,"MWC","N","20090615"
"6B","All","Lvs","pavonia.patens",NA,"MWC","N","20090615"
"6B","All","Lvs","pelargonium.alchemilloides",NA,"MWC","N","20090615"
"6B","All","Lvs","pentanisia.ouranogyne",NA,"MWC","N","20090615"
"6B","All","Lvs","phyllanthus.maderaspatensis",NA,"MWC","N","20090615"
"6B","All","Lvs","plectranthus.spp",NA,"MWC","N","20090615"
"6B","All","Lvs","pollichia.campestris",NA,"MWC","N","20090615"
"6B","All","Lvs","polygala..l.",NA,"MWC","N","20090615"
"6B","All","Lvs","polygala.sphenoptera",NA,"MWC","N","20090615"
"6B","All","Lvs","portulaca.oleracea",NA,"MWC","N","20090615"
"6B","All","Lvs","portulaca.quadrifida",NA,"MWC","N","20090615"
"6B","All","Lvs","pseudognaphalium..helichrysum.glumaceum.",NA,"MWC","N","20090615"
"6B","All","Lvs","psilotrichum.schimperi",NA,"MWC","N","20090615"
"6B","All","Lvs","rhinacanthus.ndorensis",NA,"MWC","N","20090615"
"6B","All","Lvs","rhynchosia.holstii",NA,"MWC","N","20090615"
"6B","All","Lvs","schkuhria.pinnata",NA,"MWC","N","20090615"
"6B","All","Lvs","sida.2",NA,"MWC","N","20090615"
"6B","All","Lvs","sida.cuneifolia",NA,"MWC","N","20090615"
"6B","All","Lvs","solanum.incanum",NA,"MWC","N","20090615"
"6B","All","Lvs","solanum.indicum",NA,"MWC","N","20090615"
"6B","All","Lvs","tribulus.terrestris",NA,"MWC","N","20090615"
"6B","All","Lvs","u",NA,"MWC","N","20090615"
"6B","All","Lvs","w",NA,"MWC","N","20090615"
"6B","All","Lvs","x_4",NA,"MWC","N","20090615"
"6B","All","Lvs","x_5",NA,"MWC","N","20090615"
"6B","All","Lvs","x_6",NA,"MWC","N","20090615"
"6B","All","Lvs","x_7",NA,"MWC","N","20090615"
"6B","All","Lvs","x_8",NA,"MWC","N","20090615"
"6B","All","Stm","bracharia.lacnantha",NA,"MWC","N","20090615"
"6B","All","Stm","lintonia.nutans",NA,"MWC","N","20090615"
"6B","All","Stm","pennisetum.mezianum",5,"MWC","N","20090615"
"6B","All","Stm","pennisetum.straminium",NA,"MWC","N","20090615"
"6B","All","Stm","themeda.triandra",NA,"MWC","N","20090615"
"6B","All","Stm","bare",NA,"MWC","N","20090615"
"6B","All","Stm","x_2",NA,"MWC","N","20090615"
"6B","All","Stm","aristida.kenyensis",NA,"MWC","N","20090615"
"6B","All","Stm","bothriochloa.insculpta",NA,"MWC","N","20090615"
"6B","All","Stm","bracharia.3",NA,"MWC","N","20090615"
"6B","All","Stm","bracharia.eruciformis",NA,"MWC","N","20090615"
"6B","All","Stm","chloris.sp",NA,"MWC","N","20090615"
"6B","All","Stm","cynodon.dactylon",NA,"MWC","N","20090615"
"6B","All","Stm","cynodon.plectostachyus",NA,"MWC","N","20090615"
"6B","All","Stm","cyperus...mariscus.spp",NA,"MWC","N","20090615"
"6B","All","Stm","digitaria.2",NA,"MWC","N","20090615"
"6B","All","Stm","digitaria.milanjiana",NA,"MWC","N","20090615"
"6B","All","Stm","dinebra.retroflexa",NA,"MWC","N","20090615"
"6B","All","Stm","eragrostis.tenuifolia",NA,"MWC","N","20090615"
"6B","All","Stm","harpachne.schimperi",NA,"MWC","N","20090615"
"6B","All","Stm","microchloa.kunthii",NA,"MWC","N","20090615"
"6B","All","Stm","panicum.astrosanguinum",NA,"MWC","N","20090615"
"6B","All","Stm","setaria.acromelaena..small.",NA,"MWC","N","20090615"
"6B","All","Stm","setaria.sphaecealata..big.",NA,"MWC","N","20090615"
"6B","All","Stm","sporobolus.pyramidalis",NA,"MWC","N","20090615"
"6B","All","Stm","tragus.berteronianus",NA,"MWC","N","20090615"
"6B","All","Stm","x_3",NA,"MWC","N","20090615"
"6B","All","Stm","acalypha.crenata",NA,"MWC","N","20090615"
"6B","All","Stm","aerva.lanata",NA,"MWC","N","20090615"
"6B","All","Stm","amaranthus.hibridus",NA,"MWC","N","20090615"
"6B","All","Stm","aspilia.pluriseta",NA,"MWC","N","20090615"
"6B","All","Stm","asterolinon.adoense..v.",NA,"MWC","N","20090615"
"6B","All","Stm","caralluma.acutangula",NA,"MWC","N","20090615"
"6B","All","Stm","chenopodium.opulifolium",NA,"MWC","N","20090615"
"6B","All","Stm","chenopodium.schraderianum",NA,"MWC","N","20090615"
"6B","All","Stm","commelina.spp",NA,"MWC","N","20090615"
"6B","All","Stm","commicarpus.pedunculosus",NA,"MWC","N","20090615"
"6B","All","Stm","conyza.sp",NA,"MWC","N","20090615"
"6B","All","Stm","corchorus.sp",NA,"MWC","N","20090615"
"6B","All","Stm","crotelaria.sp",NA,"MWC","N","20090615"
"6B","All","Stm","cyathula.orthacantha",NA,"MWC","N","20090615"
"6B","All","Stm","dyscoriste.radicans",NA,"MWC","N","20090615"
"6B","All","Stm","euphorbia.inaequilatera",NA,"MWC","N","20090615"
"6B","All","Stm","evolvulus.alsinoides",NA,"MWC","N","20090615"
"6B","All","Stm","fern",NA,"MWC","N","20090615"
"6B","All","Stm","gutenbergia.sp",NA,"MWC","N","20090615"
"6B","All","Stm","hermannia.uhligii",NA,"MWC","N","20090615"
"6B","All","Stm","hibiscus.flavifolius",NA,"MWC","N","20090615"
"6B","All","Stm","hibiscus.trionum",NA,"MWC","N","20090615"
"6B","All","Stm","indigofera.brevicalyx",NA,"MWC","N","20090615"
"6B","All","Stm","indigofera.schimperi",NA,"MWC","N","20090615"
"6B","All","Stm","ipomea.sinensis",NA,"MWC","N","20090615"
"6B","All","Stm","justicia.dichipteroides",NA,"MWC","N","20090615"
"6B","All","Stm","k",NA,"MWC","N","20090615"
"6B","All","Stm","kyllinga.sp",NA,"MWC","N","20090615"
"6B","All","Stm","leucas.glabrata",NA,"MWC","N","20090615"
"6B","All","Stm","leucas.martiniscensis",NA,"MWC","N","20090615"
"6B","All","Stm","lily.a",NA,"MWC","N","20090615"
"6B","All","Stm","lily.b",NA,"MWC","N","20090615"
"6B","All","Stm","lippia.javanica",NA,"MWC","N","20090615"
"6B","All","Stm","melhania.spp.",NA,"MWC","N","20090615"
"6B","All","Stm","misopates.orontium",NA,"MWC","N","20090615"
"6B","All","Stm","mollugo.nudicaulis",NA,"MWC","N","20090615"
"6B","All","Stm","monechima.debile",NA,"MWC","N","20090615"
"6B","All","Stm","monsonia.augustifolia",NA,"MWC","N","20090615"
"6B","All","Stm","ocimum.sp",NA,"MWC","N","20090615"
"6B","All","Stm","osteospermum.vaillantii",NA,"MWC","N","20090615"
"6B","All","Stm","oxygonum.sinuatum",NA,"MWC","N","20090615"
"6B","All","Stm","pavonia.patens",NA,"MWC","N","20090615"
"6B","All","Stm","pelargonium.alchemilloides",NA,"MWC","N","20090615"
"6B","All","Stm","pentanisia.ouranogyne",NA,"MWC","N","20090615"
"6B","All","Stm","phyllanthus.maderaspatensis",NA,"MWC","N","20090615"
"6B","All","Stm","plectranthus.spp",NA,"MWC","N","20090615"
"6B","All","Stm","pollichia.campestris",NA,"MWC","N","20090615"
"6B","All","Stm","polygala..l.",NA,"MWC","N","20090615"
"6B","All","Stm","polygala.sphenoptera",NA,"MWC","N","20090615"
"6B","All","Stm","portulaca.oleracea",NA,"MWC","N","20090615"
"6B","All","Stm","portulaca.quadrifida",NA,"MWC","N","20090615"
"6B","All","Stm","pseudognaphalium..helichrysum.glumaceum.",NA,"MWC","N","20090615"
"6B","All","Stm","psilotrichum.schimperi",NA,"MWC","N","20090615"
"6B","All","Stm","rhinacanthus.ndorensis",NA,"MWC","N","20090615"
"6B","All","Stm","rhynchosia.holstii",NA,"MWC","N","20090615"
"6B","All","Stm","schkuhria.pinnata",NA,"MWC","N","20090615"
"6B","All","Stm","sida.2",NA,"MWC","N","20090615"
"6B","All","Stm","sida.cuneifolia",NA,"MWC","N","20090615"
"6B","All","Stm","solanum.incanum",NA,"MWC","N","20090615"
"6B","All","Stm","solanum.indicum",NA,"MWC","N","20090615"
"6B","All","Stm","tribulus.terrestris",NA,"MWC","N","20090615"
"6B","All","Stm","u",NA,"MWC","N","20090615"
"6B","All","Stm","w",NA,"MWC","N","20090615"
"6B","All","Stm","x_4",NA,"MWC","N","20090615"
"6B","All","Stm","x_5",NA,"MWC","N","20090615"
"6B","All","Stm","x_6",NA,"MWC","N","20090615"
"6B","All","Stm","x_7",NA,"MWC","N","20090615"
"6B","All","Stm","x_8",NA,"MWC","N","20090615"
"7A","1st","","bracharia.lacnantha",NA,"MWC","N","20090615"
"7A","1st","","lintonia.nutans",NA,"MWC","N","20090615"
"7A","1st","","pennisetum.mezianum",NA,"MWC","N","20090615"
"7A","1st","","pennisetum.straminium",NA,"MWC","N","20090615"
"7A","1st","","themeda.triandra",NA,"MWC","N","20090615"
"7A","1st","","bare",8,"MWC","N","20090615"
"7A","1st","","x_2",NA,"MWC","N","20090615"
"7A","1st","","aristida.kenyensis",NA,"MWC","N","20090615"
"7A","1st","","bothriochloa.insculpta",NA,"MWC","N","20090615"
"7A","1st","","bracharia.3",NA,"MWC","N","20090615"
"7A","1st","","bracharia.eruciformis",NA,"MWC","N","20090615"
"7A","1st","","chloris.sp",NA,"MWC","N","20090615"
"7A","1st","","cynodon.dactylon",NA,"MWC","N","20090615"
"7A","1st","","cynodon.plectostachyus",NA,"MWC","N","20090615"
"7A","1st","","cyperus...mariscus.spp",NA,"MWC","N","20090615"
"7A","1st","","digitaria.2",NA,"MWC","N","20090615"
"7A","1st","","digitaria.milanjiana",NA,"MWC","N","20090615"
"7A","1st","","dinebra.retroflexa",NA,"MWC","N","20090615"
"7A","1st","","eragrostis.tenuifolia",NA,"MWC","N","20090615"
"7A","1st","","harpachne.schimperi",NA,"MWC","N","20090615"
"7A","1st","","microchloa.kunthii",NA,"MWC","N","20090615"
"7A","1st","","panicum.astrosanguinum",NA,"MWC","N","20090615"
"7A","1st","","setaria.acromelaena..small.",NA,"MWC","N","20090615"
"7A","1st","","setaria.sphaecealata..big.",NA,"MWC","N","20090615"
"7A","1st","","sporobolus.pyramidalis",NA,"MWC","N","20090615"
"7A","1st","","tragus.berteronianus",NA,"MWC","N","20090615"
"7A","1st","","x_3",NA,"MWC","N","20090615"
"7A","1st","","acalypha.crenata",NA,"MWC","N","20090615"
"7A","1st","","aerva.lanata",NA,"MWC","N","20090615"
"7A","1st","","amaranthus.hibridus",NA,"MWC","N","20090615"
"7A","1st","","aspilia.pluriseta",NA,"MWC","N","20090615"
"7A","1st","","asterolinon.adoense..v.",NA,"MWC","N","20090615"
"7A","1st","","caralluma.acutangula",NA,"MWC","N","20090615"
"7A","1st","","chenopodium.opulifolium",NA,"MWC","N","20090615"
"7A","1st","","chenopodium.schraderianum",NA,"MWC","N","20090615"
"7A","1st","","commelina.spp",NA,"MWC","N","20090615"
"7A","1st","","commicarpus.pedunculosus",NA,"MWC","N","20090615"
"7A","1st","","conyza.sp",NA,"MWC","N","20090615"
"7A","1st","","corchorus.sp",NA,"MWC","N","20090615"
"7A","1st","","crotelaria.sp",NA,"MWC","N","20090615"
"7A","1st","","cyathula.orthacantha",NA,"MWC","N","20090615"
"7A","1st","","dyscoriste.radicans",NA,"MWC","N","20090615"
"7A","1st","","euphorbia.inaequilatera",NA,"MWC","N","20090615"
"7A","1st","","evolvulus.alsinoides",NA,"MWC","N","20090615"
"7A","1st","","fern",NA,"MWC","N","20090615"
"7A","1st","","gutenbergia.sp",NA,"MWC","N","20090615"
"7A","1st","","hermannia.uhligii",NA,"MWC","N","20090615"
"7A","1st","","hibiscus.flavifolius",NA,"MWC","N","20090615"
"7A","1st","","hibiscus.trionum",NA,"MWC","N","20090615"
"7A","1st","","indigofera.brevicalyx",NA,"MWC","N","20090615"
"7A","1st","","indigofera.schimperi",NA,"MWC","N","20090615"
"7A","1st","","ipomea.sinensis",NA,"MWC","N","20090615"
"7A","1st","","justicia.dichipteroides",NA,"MWC","N","20090615"
"7A","1st","","k",NA,"MWC","N","20090615"
"7A","1st","","kyllinga.sp",NA,"MWC","N","20090615"
"7A","1st","","leucas.glabrata",NA,"MWC","N","20090615"
"7A","1st","","leucas.martiniscensis",NA,"MWC","N","20090615"
"7A","1st","","lily.a",NA,"MWC","N","20090615"
"7A","1st","","lily.b",NA,"MWC","N","20090615"
"7A","1st","","lippia.javanica",NA,"MWC","N","20090615"
"7A","1st","","melhania.spp.",NA,"MWC","N","20090615"
"7A","1st","","misopates.orontium",NA,"MWC","N","20090615"
"7A","1st","","mollugo.nudicaulis",NA,"MWC","N","20090615"
"7A","1st","","monechima.debile",NA,"MWC","N","20090615"
"7A","1st","","monsonia.augustifolia",NA,"MWC","N","20090615"
"7A","1st","","ocimum.sp",NA,"MWC","N","20090615"
"7A","1st","","osteospermum.vaillantii",NA,"MWC","N","20090615"
"7A","1st","","oxygonum.sinuatum",NA,"MWC","N","20090615"
"7A","1st","","pavonia.patens",NA,"MWC","N","20090615"
"7A","1st","","pelargonium.alchemilloides",NA,"MWC","N","20090615"
"7A","1st","","pentanisia.ouranogyne",NA,"MWC","N","20090615"
"7A","1st","","phyllanthus.maderaspatensis",NA,"MWC","N","20090615"
"7A","1st","","plectranthus.spp",NA,"MWC","N","20090615"
"7A","1st","","pollichia.campestris",NA,"MWC","N","20090615"
"7A","1st","","polygala..l.",NA,"MWC","N","20090615"
"7A","1st","","polygala.sphenoptera",NA,"MWC","N","20090615"
"7A","1st","","portulaca.oleracea",NA,"MWC","N","20090615"
"7A","1st","","portulaca.quadrifida",NA,"MWC","N","20090615"
"7A","1st","","pseudognaphalium..helichrysum.glumaceum.",NA,"MWC","N","20090615"
"7A","1st","","psilotrichum.schimperi",NA,"MWC","N","20090615"
"7A","1st","","rhinacanthus.ndorensis",NA,"MWC","N","20090615"
"7A","1st","","rhynchosia.holstii",NA,"MWC","N","20090615"
"7A","1st","","schkuhria.pinnata",NA,"MWC","N","20090615"
"7A","1st","","sida.2",NA,"MWC","N","20090615"
"7A","1st","","sida.cuneifolia",NA,"MWC","N","20090615"
"7A","1st","","solanum.incanum",NA,"MWC","N","20090615"
"7A","1st","","solanum.indicum",NA,"MWC","N","20090615"
"7A","1st","","tribulus.terrestris",NA,"MWC","N","20090615"
"7A","1st","","u",NA,"MWC","N","20090615"
"7A","1st","","w",NA,"MWC","N","20090615"
"7A","1st","","x_4",NA,"MWC","N","20090615"
"7A","1st","","x_5",NA,"MWC","N","20090615"
"7A","1st","","x_6",NA,"MWC","N","20090615"
"7A","1st","","x_7",NA,"MWC","N","20090615"
"7A","1st","","x_8",NA,"MWC","N","20090615"
"7C","1st","","bracharia.lacnantha",NA,"MWC","N","20090615"
"7C","1st","","lintonia.nutans",NA,"MWC","N","20090615"
"7C","1st","","pennisetum.mezianum",NA,"MWC","N","20090615"
"7C","1st","","pennisetum.straminium",NA,"MWC","N","20090615"
"7C","1st","","themeda.triandra",NA,"MWC","N","20090615"
"7C","1st","","bare",1,"MWC","N","20090615"
"7C","1st","","x_2",NA,"MWC","N","20090615"
"7C","1st","","aristida.kenyensis",NA,"MWC","N","20090615"
"7C","1st","","bothriochloa.insculpta",NA,"MWC","N","20090615"
"7C","1st","","bracharia.3",NA,"MWC","N","20090615"
"7C","1st","","bracharia.eruciformis",NA,"MWC","N","20090615"
"7C","1st","","chloris.sp",NA,"MWC","N","20090615"
"7C","1st","","cynodon.dactylon",NA,"MWC","N","20090615"
"7C","1st","","cynodon.plectostachyus",NA,"MWC","N","20090615"
"7C","1st","","cyperus...mariscus.spp",NA,"MWC","N","20090615"
"7C","1st","","digitaria.2",NA,"MWC","N","20090615"
"7C","1st","","digitaria.milanjiana",NA,"MWC","N","20090615"
"7C","1st","","dinebra.retroflexa",NA,"MWC","N","20090615"
"7C","1st","","eragrostis.tenuifolia",NA,"MWC","N","20090615"
"7C","1st","","harpachne.schimperi",NA,"MWC","N","20090615"
"7C","1st","","microchloa.kunthii",NA,"MWC","N","20090615"
"7C","1st","","panicum.astrosanguinum",NA,"MWC","N","20090615"
"7C","1st","","setaria.acromelaena..small.",NA,"MWC","N","20090615"
"7C","1st","","setaria.sphaecealata..big.",NA,"MWC","N","20090615"
"7C","1st","","sporobolus.pyramidalis",NA,"MWC","N","20090615"
"7C","1st","","tragus.berteronianus",NA,"MWC","N","20090615"
"7C","1st","","x_3",NA,"MWC","N","20090615"
"7C","1st","","acalypha.crenata",NA,"MWC","N","20090615"
"7C","1st","","aerva.lanata",NA,"MWC","N","20090615"
"7C","1st","","amaranthus.hibridus",NA,"MWC","N","20090615"
"7C","1st","","aspilia.pluriseta",NA,"MWC","N","20090615"
"7C","1st","","asterolinon.adoense..v.",NA,"MWC","N","20090615"
"7C","1st","","caralluma.acutangula",NA,"MWC","N","20090615"
"7C","1st","","chenopodium.opulifolium",NA,"MWC","N","20090615"
"7C","1st","","chenopodium.schraderianum",NA,"MWC","N","20090615"
"7C","1st","","commelina.spp",NA,"MWC","N","20090615"
"7C","1st","","commicarpus.pedunculosus",NA,"MWC","N","20090615"
"7C","1st","","conyza.sp",NA,"MWC","N","20090615"
"7C","1st","","corchorus.sp",NA,"MWC","N","20090615"
"7C","1st","","crotelaria.sp",NA,"MWC","N","20090615"
"7C","1st","","cyathula.orthacantha",NA,"MWC","N","20090615"
"7C","1st","","dyscoriste.radicans",NA,"MWC","N","20090615"
"7C","1st","","euphorbia.inaequilatera",NA,"MWC","N","20090615"
"7C","1st","","evolvulus.alsinoides",NA,"MWC","N","20090615"
"7C","1st","","fern",NA,"MWC","N","20090615"
"7C","1st","","gutenbergia.sp",NA,"MWC","N","20090615"
"7C","1st","","hermannia.uhligii",NA,"MWC","N","20090615"
"7C","1st","","hibiscus.flavifolius",NA,"MWC","N","20090615"
"7C","1st","","hibiscus.trionum",NA,"MWC","N","20090615"
"7C","1st","","indigofera.brevicalyx",NA,"MWC","N","20090615"
"7C","1st","","indigofera.schimperi",NA,"MWC","N","20090615"
"7C","1st","","ipomea.sinensis",NA,"MWC","N","20090615"
"7C","1st","","justicia.dichipteroides",NA,"MWC","N","20090615"
"7C","1st","","k",NA,"MWC","N","20090615"
"7C","1st","","kyllinga.sp",NA,"MWC","N","20090615"
"7C","1st","","leucas.glabrata",NA,"MWC","N","20090615"
"7C","1st","","leucas.martiniscensis",NA,"MWC","N","20090615"
"7C","1st","","lily.a",NA,"MWC","N","20090615"
"7C","1st","","lily.b",NA,"MWC","N","20090615"
"7C","1st","","lippia.javanica",NA,"MWC","N","20090615"
"7C","1st","","melhania.spp.",NA,"MWC","N","20090615"
"7C","1st","","misopates.orontium",NA,"MWC","N","20090615"
"7C","1st","","mollugo.nudicaulis",NA,"MWC","N","20090615"
"7C","1st","","monechima.debile",NA,"MWC","N","20090615"
"7C","1st","","monsonia.augustifolia",NA,"MWC","N","20090615"
"7C","1st","","ocimum.sp",NA,"MWC","N","20090615"
"7C","1st","","osteospermum.vaillantii",NA,"MWC","N","20090615"
"7C","1st","","oxygonum.sinuatum",NA,"MWC","N","20090615"
"7C","1st","","pavonia.patens",NA,"MWC","N","20090615"
"7C","1st","","pelargonium.alchemilloides",NA,"MWC","N","20090615"
"7C","1st","","pentanisia.ouranogyne",NA,"MWC","N","20090615"
"7C","1st","","phyllanthus.maderaspatensis",NA,"MWC","N","20090615"
"7C","1st","","plectranthus.spp",NA,"MWC","N","20090615"
"7C","1st","","pollichia.campestris",NA,"MWC","N","20090615"
"7C","1st","","polygala..l.",NA,"MWC","N","20090615"
"7C","1st","","polygala.sphenoptera",NA,"MWC","N","20090615"
"7C","1st","","portulaca.oleracea",NA,"MWC","N","20090615"
"7C","1st","","portulaca.quadrifida",NA,"MWC","N","20090615"
"7C","1st","","pseudognaphalium..helichrysum.glumaceum.",NA,"MWC","N","20090615"
"7C","1st","","psilotrichum.schimperi",NA,"MWC","N","20090615"
"7C","1st","","rhinacanthus.ndorensis",NA,"MWC","N","20090615"
"7C","1st","","rhynchosia.holstii",NA,"MWC","N","20090615"
"7C","1st","","schkuhria.pinnata",NA,"MWC","N","20090615"
"7C","1st","","sida.2",NA,"MWC","N","20090615"
"7C","1st","","sida.cuneifolia",NA,"MWC","N","20090615"
"7C","1st","","solanum.incanum",NA,"MWC","N","20090615"
"7C","1st","","solanum.indicum",NA,"MWC","N","20090615"
"7C","1st","","tribulus.terrestris",NA,"MWC","N","20090615"
"7C","1st","","u",NA,"MWC","N","20090615"
"7C","1st","","w",NA,"MWC","N","20090615"
"7C","1st","","x_4",NA,"MWC","N","20090615"
"7C","1st","","x_5",NA,"MWC","N","20090615"
"7C","1st","","x_6",NA,"MWC","N","20090615"
"7C","1st","","x_7",NA,"MWC","N","20090615"
"7C","1st","","x_8",NA,"MWC","N","20090615"
"7E","1st","","bracharia.lacnantha",NA,"MWC","N","20090615"
"7E","1st","","lintonia.nutans",NA,"MWC","N","20090615"
"7E","1st","","pennisetum.mezianum",NA,"MWC","N","20090615"
"7E","1st","","pennisetum.straminium",NA,"MWC","N","20090615"
"7E","1st","","themeda.triandra",NA,"MWC","N","20090615"
"7E","1st","","bare",6,"MWC","N","20090615"
"7E","1st","","x_2",NA,"MWC","N","20090615"
"7E","1st","","aristida.kenyensis",NA,"MWC","N","20090615"
"7E","1st","","bothriochloa.insculpta",NA,"MWC","N","20090615"
"7E","1st","","bracharia.3",NA,"MWC","N","20090615"
"7E","1st","","bracharia.eruciformis",NA,"MWC","N","20090615"
"7E","1st","","chloris.sp",NA,"MWC","N","20090615"
"7E","1st","","cynodon.dactylon",NA,"MWC","N","20090615"
"7E","1st","","cynodon.plectostachyus",NA,"MWC","N","20090615"
"7E","1st","","cyperus...mariscus.spp",NA,"MWC","N","20090615"
"7E","1st","","digitaria.2",NA,"MWC","N","20090615"
"7E","1st","","digitaria.milanjiana",NA,"MWC","N","20090615"
"7E","1st","","dinebra.retroflexa",NA,"MWC","N","20090615"
"7E","1st","","eragrostis.tenuifolia",NA,"MWC","N","20090615"
"7E","1st","","harpachne.schimperi",NA,"MWC","N","20090615"
"7E","1st","","microchloa.kunthii",NA,"MWC","N","20090615"
"7E","1st","","panicum.astrosanguinum",NA,"MWC","N","20090615"
"7E","1st","","setaria.acromelaena..small.",NA,"MWC","N","20090615"
"7E","1st","","setaria.sphaecealata..big.",NA,"MWC","N","20090615"
"7E","1st","","sporobolus.pyramidalis",NA,"MWC","N","20090615"
"7E","1st","","tragus.berteronianus",NA,"MWC","N","20090615"
"7E","1st","","x_3",NA,"MWC","N","20090615"
"7E","1st","","acalypha.crenata",NA,"MWC","N","20090615"
"7E","1st","","aerva.lanata",NA,"MWC","N","20090615"
"7E","1st","","amaranthus.hibridus",NA,"MWC","N","20090615"
"7E","1st","","aspilia.pluriseta",NA,"MWC","N","20090615"
"7E","1st","","asterolinon.adoense..v.",NA,"MWC","N","20090615"
"7E","1st","","caralluma.acutangula",NA,"MWC","N","20090615"
"7E","1st","","chenopodium.opulifolium",NA,"MWC","N","20090615"
"7E","1st","","chenopodium.schraderianum",NA,"MWC","N","20090615"
"7E","1st","","commelina.spp",NA,"MWC","N","20090615"
"7E","1st","","commicarpus.pedunculosus",NA,"MWC","N","20090615"
"7E","1st","","conyza.sp",NA,"MWC","N","20090615"
"7E","1st","","corchorus.sp",NA,"MWC","N","20090615"
"7E","1st","","crotelaria.sp",NA,"MWC","N","20090615"
"7E","1st","","cyathula.orthacantha",NA,"MWC","N","20090615"
"7E","1st","","dyscoriste.radicans",NA,"MWC","N","20090615"
"7E","1st","","euphorbia.inaequilatera",NA,"MWC","N","20090615"
"7E","1st","","evolvulus.alsinoides",NA,"MWC","N","20090615"
"7E","1st","","fern",NA,"MWC","N","20090615"
"7E","1st","","gutenbergia.sp",NA,"MWC","N","20090615"
"7E","1st","","hermannia.uhligii",NA,"MWC","N","20090615"
"7E","1st","","hibiscus.flavifolius",NA,"MWC","N","20090615"
"7E","1st","","hibiscus.trionum",NA,"MWC","N","20090615"
"7E","1st","","indigofera.brevicalyx",NA,"MWC","N","20090615"
"7E","1st","","indigofera.schimperi",NA,"MWC","N","20090615"
"7E","1st","","ipomea.sinensis",NA,"MWC","N","20090615"
"7E","1st","","justicia.dichipteroides",NA,"MWC","N","20090615"
"7E","1st","","k",NA,"MWC","N","20090615"
"7E","1st","","kyllinga.sp",NA,"MWC","N","20090615"
"7E","1st","","leucas.glabrata",NA,"MWC","N","20090615"
"7E","1st","","leucas.martiniscensis",NA,"MWC","N","20090615"
"7E","1st","","lily.a",NA,"MWC","N","20090615"
"7E","1st","","lily.b",NA,"MWC","N","20090615"
"7E","1st","","lippia.javanica",NA,"MWC","N","20090615"
"7E","1st","","melhania.spp.",NA,"MWC","N","20090615"
"7E","1st","","misopates.orontium",NA,"MWC","N","20090615"
"7E","1st","","mollugo.nudicaulis",NA,"MWC","N","20090615"
"7E","1st","","monechima.debile",NA,"MWC","N","20090615"
"7E","1st","","monsonia.augustifolia",NA,"MWC","N","20090615"
"7E","1st","","ocimum.sp",NA,"MWC","N","20090615"
"7E","1st","","osteospermum.vaillantii",NA,"MWC","N","20090615"
"7E","1st","","oxygonum.sinuatum",NA,"MWC","N","20090615"
"7E","1st","","pavonia.patens",NA,"MWC","N","20090615"
"7E","1st","","pelargonium.alchemilloides",NA,"MWC","N","20090615"
"7E","1st","","pentanisia.ouranogyne",3,"MWC","N","20090615"
"7E","1st","","phyllanthus.maderaspatensis",NA,"MWC","N","20090615"
"7E","1st","","plectranthus.spp",NA,"MWC","N","20090615"
"7E","1st","","pollichia.campestris",NA,"MWC","N","20090615"
"7E","1st","","polygala..l.",NA,"MWC","N","20090615"
"7E","1st","","polygala.sphenoptera",NA,"MWC","N","20090615"
"7E","1st","","portulaca.oleracea",NA,"MWC","N","20090615"
"7E","1st","","portulaca.quadrifida",NA,"MWC","N","20090615"
"7E","1st","","pseudognaphalium..helichrysum.glumaceum.",NA,"MWC","N","20090615"
"7E","1st","","psilotrichum.schimperi",NA,"MWC","N","20090615"
"7E","1st","","rhinacanthus.ndorensis",NA,"MWC","N","20090615"
"7E","1st","","rhynchosia.holstii",NA,"MWC","N","20090615"
"7E","1st","","schkuhria.pinnata",NA,"MWC","N","20090615"
"7E","1st","","sida.2",NA,"MWC","N","20090615"
"7E","1st","","sida.cuneifolia",NA,"MWC","N","20090615"
"7E","1st","","solanum.incanum",NA,"MWC","N","20090615"
"7E","1st","","solanum.indicum",NA,"MWC","N","20090615"
"7E","1st","","tribulus.terrestris",NA,"MWC","N","20090615"
"7E","1st","","u",NA,"MWC","N","20090615"
"7E","1st","","w",NA,"MWC","N","20090615"
"7E","1st","","x_4",NA,"MWC","N","20090615"
"7E","1st","","x_5",NA,"MWC","N","20090615"
"7E","1st","","x_6",NA,"MWC","N","20090615"
"7E","1st","","x_7",NA,"MWC","N","20090615"
"7E","1st","","x_8",NA,"MWC","N","20090615"
"7G","1st","","bracharia.lacnantha",NA,"MWC","N","20090615"
"7G","1st","","lintonia.nutans",NA,"MWC","N","20090615"
"7G","1st","","pennisetum.mezianum",NA,"MWC","N","20090615"
"7G","1st","","pennisetum.straminium",NA,"MWC","N","20090615"
"7G","1st","","themeda.triandra",NA,"MWC","N","20090615"
"7G","1st","","bare",5,"MWC","N","20090615"
"7G","1st","","x_2",NA,"MWC","N","20090615"
"7G","1st","","aristida.kenyensis",NA,"MWC","N","20090615"
"7G","1st","","bothriochloa.insculpta",NA,"MWC","N","20090615"
"7G","1st","","bracharia.3",NA,"MWC","N","20090615"
"7G","1st","","bracharia.eruciformis",NA,"MWC","N","20090615"
"7G","1st","","chloris.sp",NA,"MWC","N","20090615"
"7G","1st","","cynodon.dactylon",NA,"MWC","N","20090615"
"7G","1st","","cynodon.plectostachyus",NA,"MWC","N","20090615"
"7G","1st","","cyperus...mariscus.spp",NA,"MWC","N","20090615"
"7G","1st","","digitaria.2",NA,"MWC","N","20090615"
"7G","1st","","digitaria.milanjiana",NA,"MWC","N","20090615"
"7G","1st","","dinebra.retroflexa",NA,"MWC","N","20090615"
"7G","1st","","eragrostis.tenuifolia",NA,"MWC","N","20090615"
"7G","1st","","harpachne.schimperi",NA,"MWC","N","20090615"
"7G","1st","","microchloa.kunthii",NA,"MWC","N","20090615"
"7G","1st","","panicum.astrosanguinum",NA,"MWC","N","20090615"
"7G","1st","","setaria.acromelaena..small.",NA,"MWC","N","20090615"
"7G","1st","","setaria.sphaecealata..big.",NA,"MWC","N","20090615"
"7G","1st","","sporobolus.pyramidalis",NA,"MWC","N","20090615"
"7G","1st","","tragus.berteronianus",NA,"MWC","N","20090615"
"7G","1st","","x_3",NA,"MWC","N","20090615"
"7G","1st","","acalypha.crenata",NA,"MWC","N","20090615"
"7G","1st","","aerva.lanata",NA,"MWC","N","20090615"
"7G","1st","","amaranthus.hibridus",NA,"MWC","N","20090615"
"7G","1st","","aspilia.pluriseta",NA,"MWC","N","20090615"
"7G","1st","","asterolinon.adoense..v.",NA,"MWC","N","20090615"
"7G","1st","","caralluma.acutangula",NA,"MWC","N","20090615"
"7G","1st","","chenopodium.opulifolium",NA,"MWC","N","20090615"
"7G","1st","","chenopodium.schraderianum",NA,"MWC","N","20090615"
"7G","1st","","commelina.spp",NA,"MWC","N","20090615"
"7G","1st","","commicarpus.pedunculosus",NA,"MWC","N","20090615"
"7G","1st","","conyza.sp",NA,"MWC","N","20090615"
"7G","1st","","corchorus.sp",NA,"MWC","N","20090615"
"7G","1st","","crotelaria.sp",NA,"MWC","N","20090615"
"7G","1st","","cyathula.orthacantha",NA,"MWC","N","20090615"
"7G","1st","","dyscoriste.radicans",NA,"MWC","N","20090615"
"7G","1st","","euphorbia.inaequilatera",NA,"MWC","N","20090615"
"7G","1st","","evolvulus.alsinoides",NA,"MWC","N","20090615"
"7G","1st","","fern",NA,"MWC","N","20090615"
"7G","1st","","gutenbergia.sp",NA,"MWC","N","20090615"
"7G","1st","","hermannia.uhligii",NA,"MWC","N","20090615"
"7G","1st","","hibiscus.flavifolius",NA,"MWC","N","20090615"
"7G","1st","","hibiscus.trionum",NA,"MWC","N","20090615"
"7G","1st","","indigofera.brevicalyx",NA,"MWC","N","20090615"
"7G","1st","","indigofera.schimperi",NA,"MWC","N","20090615"
"7G","1st","","ipomea.sinensis",NA,"MWC","N","20090615"
"7G","1st","","justicia.dichipteroides",NA,"MWC","N","20090615"
"7G","1st","","k",NA,"MWC","N","20090615"
"7G","1st","","kyllinga.sp",NA,"MWC","N","20090615"
"7G","1st","","leucas.glabrata",NA,"MWC","N","20090615"
"7G","1st","","leucas.martiniscensis",NA,"MWC","N","20090615"
"7G","1st","","lily.a",NA,"MWC","N","20090615"
"7G","1st","","lily.b",NA,"MWC","N","20090615"
"7G","1st","","lippia.javanica",NA,"MWC","N","20090615"
"7G","1st","","melhania.spp.",NA,"MWC","N","20090615"
"7G","1st","","misopates.orontium",NA,"MWC","N","20090615"
"7G","1st","","mollugo.nudicaulis",NA,"MWC","N","20090615"
"7G","1st","","monechima.debile",NA,"MWC","N","20090615"
"7G","1st","","monsonia.augustifolia",NA,"MWC","N","20090615"
"7G","1st","","ocimum.sp",NA,"MWC","N","20090615"
"7G","1st","","osteospermum.vaillantii",NA,"MWC","N","20090615"
"7G","1st","","oxygonum.sinuatum",NA,"MWC","N","20090615"
"7G","1st","","pavonia.patens",NA,"MWC","N","20090615"
"7G","1st","","pelargonium.alchemilloides",NA,"MWC","N","20090615"
"7G","1st","","pentanisia.ouranogyne",NA,"MWC","N","20090615"
"7G","1st","","phyllanthus.maderaspatensis",NA,"MWC","N","20090615"
"7G","1st","","plectranthus.spp",NA,"MWC","N","20090615"
"7G","1st","","pollichia.campestris",NA,"MWC","N","20090615"
"7G","1st","","polygala..l.",NA,"MWC","N","20090615"
"7G","1st","","polygala.sphenoptera",NA,"MWC","N","20090615"
"7G","1st","","portulaca.oleracea",NA,"MWC","N","20090615"
"7G","1st","","portulaca.quadrifida",NA,"MWC","N","20090615"
"7G","1st","","pseudognaphalium..helichrysum.glumaceum.",NA,"MWC","N","20090615"
"7G","1st","","psilotrichum.schimperi",NA,"MWC","N","20090615"
"7G","1st","","rhinacanthus.ndorensis",NA,"MWC","N","20090615"
"7G","1st","","rhynchosia.holstii",NA,"MWC","N","20090615"
"7G","1st","","schkuhria.pinnata",NA,"MWC","N","20090615"
"7G","1st","","sida.2",NA,"MWC","N","20090615"
"7G","1st","","sida.cuneifolia",NA,"MWC","N","20090615"
"7G","1st","","solanum.incanum",NA,"MWC","N","20090615"
"7G","1st","","solanum.indicum",NA,"MWC","N","20090615"
"7G","1st","","tribulus.terrestris",NA,"MWC","N","20090615"
"7G","1st","","u",NA,"MWC","N","20090615"
"7G","1st","","w",NA,"MWC","N","20090615"
"7G","1st","","x_4",NA,"MWC","N","20090615"
"7G","1st","","x_5",NA,"MWC","N","20090615"
"7G","1st","","x_6",NA,"MWC","N","20090615"
"7G","1st","","x_7",NA,"MWC","N","20090615"
"7G","1st","","x_8",NA,"MWC","N","20090615"
"7I","1st","","bracharia.lacnantha",NA,"MWC","N","20090615"
"7I","1st","","lintonia.nutans",NA,"MWC","N","20090615"
"7I","1st","","pennisetum.mezianum",NA,"MWC","N","20090615"
"7I","1st","","pennisetum.straminium",NA,"MWC","N","20090615"
"7I","1st","","themeda.triandra",NA,"MWC","N","20090615"
"7I","1st","","bare",7,"MWC","N","20090615"
"7I","1st","","x_2",NA,"MWC","N","20090615"
"7I","1st","","aristida.kenyensis",NA,"MWC","N","20090615"
"7I","1st","","bothriochloa.insculpta",NA,"MWC","N","20090615"
"7I","1st","","bracharia.3",NA,"MWC","N","20090615"
"7I","1st","","bracharia.eruciformis",NA,"MWC","N","20090615"
"7I","1st","","chloris.sp",NA,"MWC","N","20090615"
"7I","1st","","cynodon.dactylon",NA,"MWC","N","20090615"
"7I","1st","","cynodon.plectostachyus",NA,"MWC","N","20090615"
"7I","1st","","cyperus...mariscus.spp",NA,"MWC","N","20090615"
"7I","1st","","digitaria.2",NA,"MWC","N","20090615"
"7I","1st","","digitaria.milanjiana",NA,"MWC","N","20090615"
"7I","1st","","dinebra.retroflexa",NA,"MWC","N","20090615"
"7I","1st","","eragrostis.tenuifolia",NA,"MWC","N","20090615"
"7I","1st","","harpachne.schimperi",NA,"MWC","N","20090615"
"7I","1st","","microchloa.kunthii",NA,"MWC","N","20090615"
"7I","1st","","panicum.astrosanguinum",NA,"MWC","N","20090615"
"7I","1st","","setaria.acromelaena..small.",NA,"MWC","N","20090615"
"7I","1st","","setaria.sphaecealata..big.",NA,"MWC","N","20090615"
"7I","1st","","sporobolus.pyramidalis",NA,"MWC","N","20090615"
"7I","1st","","tragus.berteronianus",NA,"MWC","N","20090615"
"7I","1st","","x_3",NA,"MWC","N","20090615"
"7I","1st","","acalypha.crenata",NA,"MWC","N","20090615"
"7I","1st","","aerva.lanata",NA,"MWC","N","20090615"
"7I","1st","","amaranthus.hibridus",NA,"MWC","N","20090615"
"7I","1st","","aspilia.pluriseta",NA,"MWC","N","20090615"
"7I","1st","","asterolinon.adoense..v.",NA,"MWC","N","20090615"
"7I","1st","","caralluma.acutangula",NA,"MWC","N","20090615"
"7I","1st","","chenopodium.opulifolium",NA,"MWC","N","20090615"
"7I","1st","","chenopodium.schraderianum",NA,"MWC","N","20090615"
"7I","1st","","commelina.spp",NA,"MWC","N","20090615"
"7I","1st","","commicarpus.pedunculosus",NA,"MWC","N","20090615"
"7I","1st","","conyza.sp",NA,"MWC","N","20090615"
"7I","1st","","corchorus.sp",NA,"MWC","N","20090615"
"7I","1st","","crotelaria.sp",NA,"MWC","N","20090615"
"7I","1st","","cyathula.orthacantha",NA,"MWC","N","20090615"
"7I","1st","","dyscoriste.radicans",NA,"MWC","N","20090615"
"7I","1st","","euphorbia.inaequilatera",NA,"MWC","N","20090615"
"7I","1st","","evolvulus.alsinoides",NA,"MWC","N","20090615"
"7I","1st","","fern",NA,"MWC","N","20090615"
"7I","1st","","gutenbergia.sp",NA,"MWC","N","20090615"
"7I","1st","","hermannia.uhligii",NA,"MWC","N","20090615"
"7I","1st","","hibiscus.flavifolius",NA,"MWC","N","20090615"
"7I","1st","","hibiscus.trionum",NA,"MWC","N","20090615"
"7I","1st","","indigofera.brevicalyx",NA,"MWC","N","20090615"
"7I","1st","","indigofera.schimperi",NA,"MWC","N","20090615"
"7I","1st","","ipomea.sinensis",NA,"MWC","N","20090615"
"7I","1st","","justicia.dichipteroides",NA,"MWC","N","20090615"
"7I","1st","","k",NA,"MWC","N","20090615"
"7I","1st","","kyllinga.sp",NA,"MWC","N","20090615"
"7I","1st","","leucas.glabrata",NA,"MWC","N","20090615"
"7I","1st","","leucas.martiniscensis",NA,"MWC","N","20090615"
"7I","1st","","lily.a",NA,"MWC","N","20090615"
"7I","1st","","lily.b",NA,"MWC","N","20090615"
"7I","1st","","lippia.javanica",NA,"MWC","N","20090615"
"7I","1st","","melhania.spp.",NA,"MWC","N","20090615"
"7I","1st","","misopates.orontium",NA,"MWC","N","20090615"
"7I","1st","","mollugo.nudicaulis",NA,"MWC","N","20090615"
"7I","1st","","monechima.debile",NA,"MWC","N","20090615"
"7I","1st","","monsonia.augustifolia",NA,"MWC","N","20090615"
"7I","1st","","ocimum.sp",NA,"MWC","N","20090615"
"7I","1st","","osteospermum.vaillantii",NA,"MWC","N","20090615"
"7I","1st","","oxygonum.sinuatum",NA,"MWC","N","20090615"
"7I","1st","","pavonia.patens",NA,"MWC","N","20090615"
"7I","1st","","pelargonium.alchemilloides",NA,"MWC","N","20090615"
"7I","1st","","pentanisia.ouranogyne",NA,"MWC","N","20090615"
"7I","1st","","phyllanthus.maderaspatensis",NA,"MWC","N","20090615"
"7I","1st","","plectranthus.spp",NA,"MWC","N","20090615"
"7I","1st","","pollichia.campestris",NA,"MWC","N","20090615"
"7I","1st","","polygala..l.",NA,"MWC","N","20090615"
"7I","1st","","polygala.sphenoptera",NA,"MWC","N","20090615"
"7I","1st","","portulaca.oleracea",NA,"MWC","N","20090615"
"7I","1st","","portulaca.quadrifida",NA,"MWC","N","20090615"
"7I","1st","","pseudognaphalium..helichrysum.glumaceum.",NA,"MWC","N","20090615"
"7I","1st","","psilotrichum.schimperi",NA,"MWC","N","20090615"
"7I","1st","","rhinacanthus.ndorensis",NA,"MWC","N","20090615"
"7I","1st","","rhynchosia.holstii",NA,"MWC","N","20090615"
"7I","1st","","schkuhria.pinnata",NA,"MWC","N","20090615"
"7I","1st","","sida.2",NA,"MWC","N","20090615"
"7I","1st","","sida.cuneifolia",NA,"MWC","N","20090615"
"7I","1st","","solanum.incanum",NA,"MWC","N","20090615"
"7I","1st","","solanum.indicum",NA,"MWC","N","20090615"
"7I","1st","","tribulus.terrestris",NA,"MWC","N","20090615"
"7I","1st","","u",NA,"MWC","N","20090615"
"7I","1st","","w",NA,"MWC","N","20090615"
"7I","1st","","x_4",NA,"MWC","N","20090615"
"7I","1st","","x_5",NA,"MWC","N","20090615"
"7I","1st","","x_6",NA,"MWC","N","20090615"
"7I","1st","","x_7",NA,"MWC","N","20090615"
"7I","1st","","x_8",NA,"MWC","N","20090615"
"8J","1st","","bracharia.lacnantha",NA,"MWC","N","20090615"
"8J","1st","","lintonia.nutans",1,"MWC","N","20090615"
"8J","1st","","pennisetum.mezianum",NA,"MWC","N","20090615"
"8J","1st","","pennisetum.straminium",4,"MWC","N","20090615"
"8J","1st","","themeda.triandra",NA,"MWC","N","20090615"
"8J","1st","","bare",5,"MWC","N","20090615"
"8J","1st","","x_2",NA,"MWC","N","20090615"
"8J","1st","","aristida.kenyensis",NA,"MWC","N","20090615"
"8J","1st","","bothriochloa.insculpta",NA,"MWC","N","20090615"
"8J","1st","","bracharia.3",NA,"MWC","N","20090615"
"8J","1st","","bracharia.eruciformis",NA,"MWC","N","20090615"
"8J","1st","","chloris.sp",NA,"MWC","N","20090615"
"8J","1st","","cynodon.dactylon",NA,"MWC","N","20090615"
"8J","1st","","cynodon.plectostachyus",NA,"MWC","N","20090615"
"8J","1st","","cyperus...mariscus.spp",NA,"MWC","N","20090615"
"8J","1st","","digitaria.2",NA,"MWC","N","20090615"
"8J","1st","","digitaria.milanjiana",NA,"MWC","N","20090615"
"8J","1st","","dinebra.retroflexa",NA,"MWC","N","20090615"
"8J","1st","","eragrostis.tenuifolia",NA,"MWC","N","20090615"
"8J","1st","","harpachne.schimperi",NA,"MWC","N","20090615"
"8J","1st","","microchloa.kunthii",NA,"MWC","N","20090615"
"8J","1st","","panicum.astrosanguinum",NA,"MWC","N","20090615"
"8J","1st","","setaria.acromelaena..small.",NA,"MWC","N","20090615"
"8J","1st","","setaria.sphaecealata..big.",NA,"MWC","N","20090615"
"8J","1st","","sporobolus.pyramidalis",NA,"MWC","N","20090615"
"8J","1st","","tragus.berteronianus",NA,"MWC","N","20090615"
"8J","1st","","x_3",NA,"MWC","N","20090615"
"8J","1st","","acalypha.crenata",NA,"MWC","N","20090615"
"8J","1st","","aerva.lanata",NA,"MWC","N","20090615"
"8J","1st","","amaranthus.hibridus",NA,"MWC","N","20090615"
"8J","1st","","aspilia.pluriseta",NA,"MWC","N","20090615"
"8J","1st","","asterolinon.adoense..v.",NA,"MWC","N","20090615"
"8J","1st","","caralluma.acutangula",NA,"MWC","N","20090615"
"8J","1st","","chenopodium.opulifolium",NA,"MWC","N","20090615"
"8J","1st","","chenopodium.schraderianum",NA,"MWC","N","20090615"
"8J","1st","","commelina.spp",NA,"MWC","N","20090615"
"8J","1st","","commicarpus.pedunculosus",NA,"MWC","N","20090615"
"8J","1st","","conyza.sp",NA,"MWC","N","20090615"
"8J","1st","","corchorus.sp",NA,"MWC","N","20090615"
"8J","1st","","crotelaria.sp",NA,"MWC","N","20090615"
"8J","1st","","cyathula.orthacantha",NA,"MWC","N","20090615"
"8J","1st","","dyscoriste.radicans",NA,"MWC","N","20090615"
"8J","1st","","euphorbia.inaequilatera",NA,"MWC","N","20090615"
"8J","1st","","evolvulus.alsinoides",NA,"MWC","N","20090615"
"8J","1st","","fern",NA,"MWC","N","20090615"
"8J","1st","","gutenbergia.sp",NA,"MWC","N","20090615"
"8J","1st","","hermannia.uhligii",NA,"MWC","N","20090615"
"8J","1st","","hibiscus.flavifolius",NA,"MWC","N","20090615"
"8J","1st","","hibiscus.trionum",NA,"MWC","N","20090615"
"8J","1st","","indigofera.brevicalyx",NA,"MWC","N","20090615"
"8J","1st","","indigofera.schimperi",NA,"MWC","N","20090615"
"8J","1st","","ipomea.sinensis",NA,"MWC","N","20090615"
"8J","1st","","justicia.dichipteroides",NA,"MWC","N","20090615"
"8J","1st","","k",NA,"MWC","N","20090615"
"8J","1st","","kyllinga.sp",NA,"MWC","N","20090615"
"8J","1st","","leucas.glabrata",NA,"MWC","N","20090615"
"8J","1st","","leucas.martiniscensis",NA,"MWC","N","20090615"
"8J","1st","","lily.a",NA,"MWC","N","20090615"
"8J","1st","","lily.b",NA,"MWC","N","20090615"
"8J","1st","","lippia.javanica",NA,"MWC","N","20090615"
"8J","1st","","melhania.spp.",NA,"MWC","N","20090615"
"8J","1st","","misopates.orontium",NA,"MWC","N","20090615"
"8J","1st","","mollugo.nudicaulis",NA,"MWC","N","20090615"
"8J","1st","","monechima.debile",NA,"MWC","N","20090615"
"8J","1st","","monsonia.augustifolia",NA,"MWC","N","20090615"
"8J","1st","","ocimum.sp",NA,"MWC","N","20090615"
"8J","1st","","osteospermum.vaillantii",NA,"MWC","N","20090615"
"8J","1st","","oxygonum.sinuatum",NA,"MWC","N","20090615"
"8J","1st","","pavonia.patens",NA,"MWC","N","20090615"
"8J","1st","","pelargonium.alchemilloides",NA,"MWC","N","20090615"
"8J","1st","","pentanisia.ouranogyne",NA,"MWC","N","20090615"
"8J","1st","","phyllanthus.maderaspatensis",NA,"MWC","N","20090615"
"8J","1st","","plectranthus.spp",NA,"MWC","N","20090615"
"8J","1st","","pollichia.campestris",NA,"MWC","N","20090615"
"8J","1st","","polygala..l.",NA,"MWC","N","20090615"
"8J","1st","","polygala.sphenoptera",NA,"MWC","N","20090615"
"8J","1st","","portulaca.oleracea",NA,"MWC","N","20090615"
"8J","1st","","portulaca.quadrifida",NA,"MWC","N","20090615"
"8J","1st","","pseudognaphalium..helichrysum.glumaceum.",NA,"MWC","N","20090615"
"8J","1st","","psilotrichum.schimperi",NA,"MWC","N","20090615"
"8J","1st","","rhinacanthus.ndorensis",NA,"MWC","N","20090615"
"8J","1st","","rhynchosia.holstii",NA,"MWC","N","20090615"
"8J","1st","","schkuhria.pinnata",NA,"MWC","N","20090615"
"8J","1st","","sida.2",NA,"MWC","N","20090615"
"8J","1st","","sida.cuneifolia",NA,"MWC","N","20090615"
"8J","1st","","solanum.incanum",NA,"MWC","N","20090615"
"8J","1st","","solanum.indicum",NA,"MWC","N","20090615"
"8J","1st","","tribulus.terrestris",NA,"MWC","N","20090615"
"8J","1st","","u",NA,"MWC","N","20090615"
"8J","1st","","w",NA,"MWC","N","20090615"
"8J","1st","","x_4",NA,"MWC","N","20090615"
"8J","1st","","x_5",NA,"MWC","N","20090615"
"8J","1st","","x_6",NA,"MWC","N","20090615"
"8J","1st","","x_7",NA,"MWC","N","20090615"
"8J","1st","","x_8",NA,"MWC","N","20090615"
"8H","1st","","bracharia.lacnantha",NA,"MWC","N","20090615"
"8H","1st","","lintonia.nutans",3,"MWC","N","20090615"
"8H","1st","","pennisetum.mezianum",NA,"MWC","N","20090615"
"8H","1st","","pennisetum.straminium",NA,"MWC","N","20090615"
"8H","1st","","themeda.triandra",NA,"MWC","N","20090615"
"8H","1st","","bare",7,"MWC","N","20090615"
"8H","1st","","x_2",NA,"MWC","N","20090615"
"8H","1st","","aristida.kenyensis",NA,"MWC","N","20090615"
"8H","1st","","bothriochloa.insculpta",NA,"MWC","N","20090615"
"8H","1st","","bracharia.3",NA,"MWC","N","20090615"
"8H","1st","","bracharia.eruciformis",NA,"MWC","N","20090615"
"8H","1st","","chloris.sp",NA,"MWC","N","20090615"
"8H","1st","","cynodon.dactylon",NA,"MWC","N","20090615"
"8H","1st","","cynodon.plectostachyus",NA,"MWC","N","20090615"
"8H","1st","","cyperus...mariscus.spp",NA,"MWC","N","20090615"
"8H","1st","","digitaria.2",NA,"MWC","N","20090615"
"8H","1st","","digitaria.milanjiana",NA,"MWC","N","20090615"
"8H","1st","","dinebra.retroflexa",NA,"MWC","N","20090615"
"8H","1st","","eragrostis.tenuifolia",NA,"MWC","N","20090615"
"8H","1st","","harpachne.schimperi",NA,"MWC","N","20090615"
"8H","1st","","microchloa.kunthii",NA,"MWC","N","20090615"
"8H","1st","","panicum.astrosanguinum",NA,"MWC","N","20090615"
"8H","1st","","setaria.acromelaena..small.",NA,"MWC","N","20090615"
"8H","1st","","setaria.sphaecealata..big.",NA,"MWC","N","20090615"
"8H","1st","","sporobolus.pyramidalis",NA,"MWC","N","20090615"
"8H","1st","","tragus.berteronianus",NA,"MWC","N","20090615"
"8H","1st","","x_3",NA,"MWC","N","20090615"
"8H","1st","","acalypha.crenata",NA,"MWC","N","20090615"
"8H","1st","","aerva.lanata",NA,"MWC","N","20090615"
"8H","1st","","amaranthus.hibridus",NA,"MWC","N","20090615"
"8H","1st","","aspilia.pluriseta",NA,"MWC","N","20090615"
"8H","1st","","asterolinon.adoense..v.",NA,"MWC","N","20090615"
"8H","1st","","caralluma.acutangula",NA,"MWC","N","20090615"
"8H","1st","","chenopodium.opulifolium",NA,"MWC","N","20090615"
"8H","1st","","chenopodium.schraderianum",NA,"MWC","N","20090615"
"8H","1st","","commelina.spp",NA,"MWC","N","20090615"
"8H","1st","","commicarpus.pedunculosus",NA,"MWC","N","20090615"
"8H","1st","","conyza.sp",NA,"MWC","N","20090615"
"8H","1st","","corchorus.sp",NA,"MWC","N","20090615"
"8H","1st","","crotelaria.sp",NA,"MWC","N","20090615"
"8H","1st","","cyathula.orthacantha",NA,"MWC","N","20090615"
"8H","1st","","dyscoriste.radicans",NA,"MWC","N","20090615"
"8H","1st","","euphorbia.inaequilatera",NA,"MWC","N","20090615"
"8H","1st","","evolvulus.alsinoides",NA,"MWC","N","20090615"
"8H","1st","","fern",NA,"MWC","N","20090615"
"8H","1st","","gutenbergia.sp",NA,"MWC","N","20090615"
"8H","1st","","hermannia.uhligii",NA,"MWC","N","20090615"
"8H","1st","","hibiscus.flavifolius",NA,"MWC","N","20090615"
"8H","1st","","hibiscus.trionum",NA,"MWC","N","20090615"
"8H","1st","","indigofera.brevicalyx",NA,"MWC","N","20090615"
"8H","1st","","indigofera.schimperi",NA,"MWC","N","20090615"
"8H","1st","","ipomea.sinensis",NA,"MWC","N","20090615"
"8H","1st","","justicia.dichipteroides",NA,"MWC","N","20090615"
"8H","1st","","k",NA,"MWC","N","20090615"
"8H","1st","","kyllinga.sp",NA,"MWC","N","20090615"
"8H","1st","","leucas.glabrata",NA,"MWC","N","20090615"
"8H","1st","","leucas.martiniscensis",NA,"MWC","N","20090615"
"8H","1st","","lily.a",NA,"MWC","N","20090615"
"8H","1st","","lily.b",NA,"MWC","N","20090615"
"8H","1st","","lippia.javanica",NA,"MWC","N","20090615"
"8H","1st","","melhania.spp.",NA,"MWC","N","20090615"
"8H","1st","","misopates.orontium",NA,"MWC","N","20090615"
"8H","1st","","mollugo.nudicaulis",NA,"MWC","N","20090615"
"8H","1st","","monechima.debile",NA,"MWC","N","20090615"
"8H","1st","","monsonia.augustifolia",NA,"MWC","N","20090615"
"8H","1st","","ocimum.sp",NA,"MWC","N","20090615"
"8H","1st","","osteospermum.vaillantii",NA,"MWC","N","20090615"
"8H","1st","","oxygonum.sinuatum",NA,"MWC","N","20090615"
"8H","1st","","pavonia.patens",NA,"MWC","N","20090615"
"8H","1st","","pelargonium.alchemilloides",NA,"MWC","N","20090615"
"8H","1st","","pentanisia.ouranogyne",NA,"MWC","N","20090615"
"8H","1st","","phyllanthus.maderaspatensis",NA,"MWC","N","20090615"
"8H","1st","","plectranthus.spp",NA,"MWC","N","20090615"
"8H","1st","","pollichia.campestris",NA,"MWC","N","20090615"
"8H","1st","","polygala..l.",NA,"MWC","N","20090615"
"8H","1st","","polygala.sphenoptera",NA,"MWC","N","20090615"
"8H","1st","","portulaca.oleracea",NA,"MWC","N","20090615"
"8H","1st","","portulaca.quadrifida",NA,"MWC","N","20090615"
"8H","1st","","pseudognaphalium..helichrysum.glumaceum.",NA,"MWC","N","20090615"
"8H","1st","","psilotrichum.schimperi",NA,"MWC","N","20090615"
"8H","1st","","rhinacanthus.ndorensis",NA,"MWC","N","20090615"
"8H","1st","","rhynchosia.holstii",NA,"MWC","N","20090615"
"8H","1st","","schkuhria.pinnata",NA,"MWC","N","20090615"
"8H","1st","","sida.2",NA,"MWC","N","20090615"
"8H","1st","","sida.cuneifolia",NA,"MWC","N","20090615"
"8H","1st","","solanum.incanum",NA,"MWC","N","20090615"
"8H","1st","","solanum.indicum",NA,"MWC","N","20090615"
"8H","1st","","tribulus.terrestris",NA,"MWC","N","20090615"
"8H","1st","","u",NA,"MWC","N","20090615"
"8H","1st","","w",NA,"MWC","N","20090615"
"8H","1st","","x_4",NA,"MWC","N","20090615"
"8H","1st","","x_5",NA,"MWC","N","20090615"
"8H","1st","","x_6",NA,"MWC","N","20090615"
"8H","1st","","x_7",NA,"MWC","N","20090615"
"8H","1st","","x_8",NA,"MWC","N","20090615"
"8F","1st","","bracharia.lacnantha",NA,"MWC","N","20090615"
"8F","1st","","lintonia.nutans",NA,"MWC","N","20090615"
"8F","1st","","pennisetum.mezianum",NA,"MWC","N","20090615"
"8F","1st","","pennisetum.straminium",2,"MWC","N","20090615"
"8F","1st","","themeda.triandra",5,"MWC","N","20090615"
"8F","1st","","bare",4,"MWC","N","20090615"
"8F","1st","","x_2",NA,"MWC","N","20090615"
"8F","1st","","aristida.kenyensis",NA,"MWC","N","20090615"
"8F","1st","","bothriochloa.insculpta",NA,"MWC","N","20090615"
"8F","1st","","bracharia.3",NA,"MWC","N","20090615"
"8F","1st","","bracharia.eruciformis",NA,"MWC","N","20090615"
"8F","1st","","chloris.sp",NA,"MWC","N","20090615"
"8F","1st","","cynodon.dactylon",NA,"MWC","N","20090615"
"8F","1st","","cynodon.plectostachyus",NA,"MWC","N","20090615"
"8F","1st","","cyperus...mariscus.spp",NA,"MWC","N","20090615"
"8F","1st","","digitaria.2",NA,"MWC","N","20090615"
"8F","1st","","digitaria.milanjiana",NA,"MWC","N","20090615"
"8F","1st","","dinebra.retroflexa",NA,"MWC","N","20090615"
"8F","1st","","eragrostis.tenuifolia",NA,"MWC","N","20090615"
"8F","1st","","harpachne.schimperi",NA,"MWC","N","20090615"
"8F","1st","","microchloa.kunthii",NA,"MWC","N","20090615"
"8F","1st","","panicum.astrosanguinum",NA,"MWC","N","20090615"
"8F","1st","","setaria.acromelaena..small.",NA,"MWC","N","20090615"
"8F","1st","","setaria.sphaecealata..big.",NA,"MWC","N","20090615"
"8F","1st","","sporobolus.pyramidalis",NA,"MWC","N","20090615"
"8F","1st","","tragus.berteronianus",NA,"MWC","N","20090615"
"8F","1st","","x_3",NA,"MWC","N","20090615"
"8F","1st","","acalypha.crenata",NA,"MWC","N","20090615"
"8F","1st","","aerva.lanata",NA,"MWC","N","20090615"
"8F","1st","","amaranthus.hibridus",NA,"MWC","N","20090615"
"8F","1st","","aspilia.pluriseta",NA,"MWC","N","20090615"
"8F","1st","","asterolinon.adoense..v.",NA,"MWC","N","20090615"
"8F","1st","","caralluma.acutangula",NA,"MWC","N","20090615"
"8F","1st","","chenopodium.opulifolium",NA,"MWC","N","20090615"
"8F","1st","","chenopodium.schraderianum",NA,"MWC","N","20090615"
"8F","1st","","commelina.spp",NA,"MWC","N","20090615"
"8F","1st","","commicarpus.pedunculosus",NA,"MWC","N","20090615"
"8F","1st","","conyza.sp",NA,"MWC","N","20090615"
"8F","1st","","corchorus.sp",NA,"MWC","N","20090615"
"8F","1st","","crotelaria.sp",NA,"MWC","N","20090615"
"8F","1st","","cyathula.orthacantha",NA,"MWC","N","20090615"
"8F","1st","","dyscoriste.radicans",NA,"MWC","N","20090615"
"8F","1st","","euphorbia.inaequilatera",NA,"MWC","N","20090615"
"8F","1st","","evolvulus.alsinoides",NA,"MWC","N","20090615"
"8F","1st","","fern",NA,"MWC","N","20090615"
"8F","1st","","gutenbergia.sp",NA,"MWC","N","20090615"
"8F","1st","","hermannia.uhligii",NA,"MWC","N","20090615"
"8F","1st","","hibiscus.flavifolius",NA,"MWC","N","20090615"
"8F","1st","","hibiscus.trionum",NA,"MWC","N","20090615"
"8F","1st","","indigofera.brevicalyx",NA,"MWC","N","20090615"
"8F","1st","","indigofera.schimperi",NA,"MWC","N","20090615"
"8F","1st","","ipomea.sinensis",NA,"MWC","N","20090615"
"8F","1st","","justicia.dichipteroides",NA,"MWC","N","20090615"
"8F","1st","","k",NA,"MWC","N","20090615"
"8F","1st","","kyllinga.sp",NA,"MWC","N","20090615"
"8F","1st","","leucas.glabrata",NA,"MWC","N","20090615"
"8F","1st","","leucas.martiniscensis",NA,"MWC","N","20090615"
"8F","1st","","lily.a",NA,"MWC","N","20090615"
"8F","1st","","lily.b",NA,"MWC","N","20090615"
"8F","1st","","lippia.javanica",NA,"MWC","N","20090615"
"8F","1st","","melhania.spp.",NA,"MWC","N","20090615"
"8F","1st","","misopates.orontium",NA,"MWC","N","20090615"
"8F","1st","","mollugo.nudicaulis",NA,"MWC","N","20090615"
"8F","1st","","monechima.debile",NA,"MWC","N","20090615"
"8F","1st","","monsonia.augustifolia",NA,"MWC","N","20090615"
"8F","1st","","ocimum.sp",NA,"MWC","N","20090615"
"8F","1st","","osteospermum.vaillantii",NA,"MWC","N","20090615"
"8F","1st","","oxygonum.sinuatum",NA,"MWC","N","20090615"
"8F","1st","","pavonia.patens",NA,"MWC","N","20090615"
"8F","1st","","pelargonium.alchemilloides",NA,"MWC","N","20090615"
"8F","1st","","pentanisia.ouranogyne",NA,"MWC","N","20090615"
"8F","1st","","phyllanthus.maderaspatensis",NA,"MWC","N","20090615"
"8F","1st","","plectranthus.spp",NA,"MWC","N","20090615"
"8F","1st","","pollichia.campestris",NA,"MWC","N","20090615"
"8F","1st","","polygala..l.",NA,"MWC","N","20090615"
"8F","1st","","polygala.sphenoptera",NA,"MWC","N","20090615"
"8F","1st","","portulaca.oleracea",NA,"MWC","N","20090615"
"8F","1st","","portulaca.quadrifida",NA,"MWC","N","20090615"
"8F","1st","","pseudognaphalium..helichrysum.glumaceum.",NA,"MWC","N","20090615"
"8F","1st","","psilotrichum.schimperi",NA,"MWC","N","20090615"
"8F","1st","","rhinacanthus.ndorensis",NA,"MWC","N","20090615"
"8F","1st","","rhynchosia.holstii",NA,"MWC","N","20090615"
"8F","1st","","schkuhria.pinnata",NA,"MWC","N","20090615"
"8F","1st","","sida.2",NA,"MWC","N","20090615"
"8F","1st","","sida.cuneifolia",NA,"MWC","N","20090615"
"8F","1st","","solanum.incanum",NA,"MWC","N","20090615"
"8F","1st","","solanum.indicum",NA,"MWC","N","20090615"
"8F","1st","","tribulus.terrestris",NA,"MWC","N","20090615"
"8F","1st","","u",NA,"MWC","N","20090615"
"8F","1st","","w",NA,"MWC","N","20090615"
"8F","1st","","x_4",NA,"MWC","N","20090615"
"8F","1st","","x_5",NA,"MWC","N","20090615"
"8F","1st","","x_6",NA,"MWC","N","20090615"
"8F","1st","","x_7",NA,"MWC","N","20090615"
"8F","1st","","x_8",NA,"MWC","N","20090615"
"8D","1st","","bracharia.lacnantha",NA,"MWC","N","20090615"
"8D","1st","","lintonia.nutans",NA,"MWC","N","20090615"
"8D","1st","","pennisetum.mezianum",NA,"MWC","N","20090615"
"8D","1st","","pennisetum.straminium",9,"MWC","N","20090615"
"8D","1st","","themeda.triandra",NA,"MWC","N","20090615"
"8D","1st","","bare",1,"MWC","N","20090615"
"8D","1st","","x_2",NA,"MWC","N","20090615"
"8D","1st","","aristida.kenyensis",NA,"MWC","N","20090615"
"8D","1st","","bothriochloa.insculpta",NA,"MWC","N","20090615"
"8D","1st","","bracharia.3",NA,"MWC","N","20090615"
"8D","1st","","bracharia.eruciformis",NA,"MWC","N","20090615"
"8D","1st","","chloris.sp",NA,"MWC","N","20090615"
"8D","1st","","cynodon.dactylon",NA,"MWC","N","20090615"
"8D","1st","","cynodon.plectostachyus",NA,"MWC","N","20090615"
"8D","1st","","cyperus...mariscus.spp",NA,"MWC","N","20090615"
"8D","1st","","digitaria.2",NA,"MWC","N","20090615"
"8D","1st","","digitaria.milanjiana",NA,"MWC","N","20090615"
"8D","1st","","dinebra.retroflexa",NA,"MWC","N","20090615"
"8D","1st","","eragrostis.tenuifolia",NA,"MWC","N","20090615"
"8D","1st","","harpachne.schimperi",NA,"MWC","N","20090615"
"8D","1st","","microchloa.kunthii",NA,"MWC","N","20090615"
"8D","1st","","panicum.astrosanguinum",NA,"MWC","N","20090615"
"8D","1st","","setaria.acromelaena..small.",NA,"MWC","N","20090615"
"8D","1st","","setaria.sphaecealata..big.",NA,"MWC","N","20090615"
"8D","1st","","sporobolus.pyramidalis",NA,"MWC","N","20090615"
"8D","1st","","tragus.berteronianus",NA,"MWC","N","20090615"
"8D","1st","","x_3",NA,"MWC","N","20090615"
"8D","1st","","acalypha.crenata",NA,"MWC","N","20090615"
"8D","1st","","aerva.lanata",NA,"MWC","N","20090615"
"8D","1st","","amaranthus.hibridus",NA,"MWC","N","20090615"
"8D","1st","","aspilia.pluriseta",NA,"MWC","N","20090615"
"8D","1st","","asterolinon.adoense..v.",NA,"MWC","N","20090615"
"8D","1st","","caralluma.acutangula",NA,"MWC","N","20090615"
"8D","1st","","chenopodium.opulifolium",NA,"MWC","N","20090615"
"8D","1st","","chenopodium.schraderianum",NA,"MWC","N","20090615"
"8D","1st","","commelina.spp",NA,"MWC","N","20090615"
"8D","1st","","commicarpus.pedunculosus",NA,"MWC","N","20090615"
"8D","1st","","conyza.sp",NA,"MWC","N","20090615"
"8D","1st","","corchorus.sp",NA,"MWC","N","20090615"
"8D","1st","","crotelaria.sp",NA,"MWC","N","20090615"
"8D","1st","","cyathula.orthacantha",NA,"MWC","N","20090615"
"8D","1st","","dyscoriste.radicans",NA,"MWC","N","20090615"
"8D","1st","","euphorbia.inaequilatera",NA,"MWC","N","20090615"
"8D","1st","","evolvulus.alsinoides",NA,"MWC","N","20090615"
"8D","1st","","fern",NA,"MWC","N","20090615"
"8D","1st","","gutenbergia.sp",NA,"MWC","N","20090615"
"8D","1st","","hermannia.uhligii",NA,"MWC","N","20090615"
"8D","1st","","hibiscus.flavifolius",NA,"MWC","N","20090615"
"8D","1st","","hibiscus.trionum",NA,"MWC","N","20090615"
"8D","1st","","indigofera.brevicalyx",NA,"MWC","N","20090615"
"8D","1st","","indigofera.schimperi",NA,"MWC","N","20090615"
"8D","1st","","ipomea.sinensis",NA,"MWC","N","20090615"
"8D","1st","","justicia.dichipteroides",NA,"MWC","N","20090615"
"8D","1st","","k",NA,"MWC","N","20090615"
"8D","1st","","kyllinga.sp",NA,"MWC","N","20090615"
"8D","1st","","leucas.glabrata",NA,"MWC","N","20090615"
"8D","1st","","leucas.martiniscensis",NA,"MWC","N","20090615"
"8D","1st","","lily.a",NA,"MWC","N","20090615"
"8D","1st","","lily.b",NA,"MWC","N","20090615"
"8D","1st","","lippia.javanica",NA,"MWC","N","20090615"
"8D","1st","","melhania.spp.",NA,"MWC","N","20090615"
"8D","1st","","misopates.orontium",NA,"MWC","N","20090615"
"8D","1st","","mollugo.nudicaulis",NA,"MWC","N","20090615"
"8D","1st","","monechima.debile",NA,"MWC","N","20090615"
"8D","1st","","monsonia.augustifolia",NA,"MWC","N","20090615"
"8D","1st","","ocimum.sp",NA,"MWC","N","20090615"
"8D","1st","","osteospermum.vaillantii",NA,"MWC","N","20090615"
"8D","1st","","oxygonum.sinuatum",NA,"MWC","N","20090615"
"8D","1st","","pavonia.patens",NA,"MWC","N","20090615"
"8D","1st","","pelargonium.alchemilloides",NA,"MWC","N","20090615"
"8D","1st","","pentanisia.ouranogyne",NA,"MWC","N","20090615"
"8D","1st","","phyllanthus.maderaspatensis",NA,"MWC","N","20090615"
"8D","1st","","plectranthus.spp",NA,"MWC","N","20090615"
"8D","1st","","pollichia.campestris",NA,"MWC","N","20090615"
"8D","1st","","polygala..l.",NA,"MWC","N","20090615"
"8D","1st","","polygala.sphenoptera",NA,"MWC","N","20090615"
"8D","1st","","portulaca.oleracea",NA,"MWC","N","20090615"
"8D","1st","","portulaca.quadrifida",NA,"MWC","N","20090615"
"8D","1st","","pseudognaphalium..helichrysum.glumaceum.",NA,"MWC","N","20090615"
"8D","1st","","psilotrichum.schimperi",NA,"MWC","N","20090615"
"8D","1st","","rhinacanthus.ndorensis",NA,"MWC","N","20090615"
"8D","1st","","rhynchosia.holstii",NA,"MWC","N","20090615"
"8D","1st","","schkuhria.pinnata",NA,"MWC","N","20090615"
"8D","1st","","sida.2",NA,"MWC","N","20090615"
"8D","1st","","sida.cuneifolia",NA,"MWC","N","20090615"
"8D","1st","","solanum.incanum",NA,"MWC","N","20090615"
"8D","1st","","solanum.indicum",NA,"MWC","N","20090615"
"8D","1st","","tribulus.terrestris",NA,"MWC","N","20090615"
"8D","1st","","u",NA,"MWC","N","20090615"
"8D","1st","","w",NA,"MWC","N","20090615"
"8D","1st","","x_4",NA,"MWC","N","20090615"
"8D","1st","","x_5",NA,"MWC","N","20090615"
"8D","1st","","x_6",NA,"MWC","N","20090615"
"8D","1st","","x_7",NA,"MWC","N","20090615"
"8D","1st","","x_8",NA,"MWC","N","20090615"
"8B","1st","","bracharia.lacnantha",4,"MWC","N","20090615"
"8B","1st","","lintonia.nutans",2,"MWC","N","20090615"
"8B","1st","","pennisetum.mezianum",NA,"MWC","N","20090615"
"8B","1st","","pennisetum.straminium",1,"MWC","N","20090615"
"8B","1st","","themeda.triandra",NA,"MWC","N","20090615"
"8B","1st","","bare",3,"MWC","N","20090615"
"8B","1st","","x_2",NA,"MWC","N","20090615"
"8B","1st","","aristida.kenyensis",NA,"MWC","N","20090615"
"8B","1st","","bothriochloa.insculpta",NA,"MWC","N","20090615"
"8B","1st","","bracharia.3",NA,"MWC","N","20090615"
"8B","1st","","bracharia.eruciformis",NA,"MWC","N","20090615"
"8B","1st","","chloris.sp",NA,"MWC","N","20090615"
"8B","1st","","cynodon.dactylon",NA,"MWC","N","20090615"
"8B","1st","","cynodon.plectostachyus",NA,"MWC","N","20090615"
"8B","1st","","cyperus...mariscus.spp",NA,"MWC","N","20090615"
"8B","1st","","digitaria.2",NA,"MWC","N","20090615"
"8B","1st","","digitaria.milanjiana",NA,"MWC","N","20090615"
"8B","1st","","dinebra.retroflexa",NA,"MWC","N","20090615"
"8B","1st","","eragrostis.tenuifolia",NA,"MWC","N","20090615"
"8B","1st","","harpachne.schimperi",NA,"MWC","N","20090615"
"8B","1st","","microchloa.kunthii",NA,"MWC","N","20090615"
"8B","1st","","panicum.astrosanguinum",NA,"MWC","N","20090615"
"8B","1st","","setaria.acromelaena..small.",NA,"MWC","N","20090615"
"8B","1st","","setaria.sphaecealata..big.",NA,"MWC","N","20090615"
"8B","1st","","sporobolus.pyramidalis",NA,"MWC","N","20090615"
"8B","1st","","tragus.berteronianus",NA,"MWC","N","20090615"
"8B","1st","","x_3",NA,"MWC","N","20090615"
"8B","1st","","acalypha.crenata",NA,"MWC","N","20090615"
"8B","1st","","aerva.lanata",NA,"MWC","N","20090615"
"8B","1st","","amaranthus.hibridus",NA,"MWC","N","20090615"
"8B","1st","","aspilia.pluriseta",NA,"MWC","N","20090615"
"8B","1st","","asterolinon.adoense..v.",NA,"MWC","N","20090615"
"8B","1st","","caralluma.acutangula",NA,"MWC","N","20090615"
"8B","1st","","chenopodium.opulifolium",NA,"MWC","N","20090615"
"8B","1st","","chenopodium.schraderianum",NA,"MWC","N","20090615"
"8B","1st","","commelina.spp",NA,"MWC","N","20090615"
"8B","1st","","commicarpus.pedunculosus",NA,"MWC","N","20090615"
"8B","1st","","conyza.sp",NA,"MWC","N","20090615"
"8B","1st","","corchorus.sp",NA,"MWC","N","20090615"
"8B","1st","","crotelaria.sp",NA,"MWC","N","20090615"
"8B","1st","","cyathula.orthacantha",NA,"MWC","N","20090615"
"8B","1st","","dyscoriste.radicans",NA,"MWC","N","20090615"
"8B","1st","","euphorbia.inaequilatera",NA,"MWC","N","20090615"
"8B","1st","","evolvulus.alsinoides",NA,"MWC","N","20090615"
"8B","1st","","fern",NA,"MWC","N","20090615"
"8B","1st","","gutenbergia.sp",NA,"MWC","N","20090615"
"8B","1st","","hermannia.uhligii",NA,"MWC","N","20090615"
"8B","1st","","hibiscus.flavifolius",NA,"MWC","N","20090615"
"8B","1st","","hibiscus.trionum",NA,"MWC","N","20090615"
"8B","1st","","indigofera.brevicalyx",NA,"MWC","N","20090615"
"8B","1st","","indigofera.schimperi",NA,"MWC","N","20090615"
"8B","1st","","ipomea.sinensis",NA,"MWC","N","20090615"
"8B","1st","","justicia.dichipteroides",NA,"MWC","N","20090615"
"8B","1st","","k",NA,"MWC","N","20090615"
"8B","1st","","kyllinga.sp",NA,"MWC","N","20090615"
"8B","1st","","leucas.glabrata",NA,"MWC","N","20090615"
"8B","1st","","leucas.martiniscensis",NA,"MWC","N","20090615"
"8B","1st","","lily.a",NA,"MWC","N","20090615"
"8B","1st","","lily.b",NA,"MWC","N","20090615"
"8B","1st","","lippia.javanica",NA,"MWC","N","20090615"
"8B","1st","","melhania.spp.",NA,"MWC","N","20090615"
"8B","1st","","misopates.orontium",NA,"MWC","N","20090615"
"8B","1st","","mollugo.nudicaulis",NA,"MWC","N","20090615"
"8B","1st","","monechima.debile",NA,"MWC","N","20090615"
"8B","1st","","monsonia.augustifolia",NA,"MWC","N","20090615"
"8B","1st","","ocimum.sp",NA,"MWC","N","20090615"
"8B","1st","","osteospermum.vaillantii",NA,"MWC","N","20090615"
"8B","1st","","oxygonum.sinuatum",NA,"MWC","N","20090615"
"8B","1st","","pavonia.patens",NA,"MWC","N","20090615"
"8B","1st","","pelargonium.alchemilloides",NA,"MWC","N","20090615"
"8B","1st","","pentanisia.ouranogyne",NA,"MWC","N","20090615"
"8B","1st","","phyllanthus.maderaspatensis",NA,"MWC","N","20090615"
"8B","1st","","plectranthus.spp",NA,"MWC","N","20090615"
"8B","1st","","pollichia.campestris",NA,"MWC","N","20090615"
"8B","1st","","polygala..l.",NA,"MWC","N","20090615"
"8B","1st","","polygala.sphenoptera",NA,"MWC","N","20090615"
"8B","1st","","portulaca.oleracea",NA,"MWC","N","20090615"
"8B","1st","","portulaca.quadrifida",NA,"MWC","N","20090615"
"8B","1st","","pseudognaphalium..helichrysum.glumaceum.",NA,"MWC","N","20090615"
"8B","1st","","psilotrichum.schimperi",NA,"MWC","N","20090615"
"8B","1st","","rhinacanthus.ndorensis",NA,"MWC","N","20090615"
"8B","1st","","rhynchosia.holstii",NA,"MWC","N","20090615"
"8B","1st","","schkuhria.pinnata",NA,"MWC","N","20090615"
"8B","1st","","sida.2",NA,"MWC","N","20090615"
"8B","1st","","sida.cuneifolia",NA,"MWC","N","20090615"
"8B","1st","","solanum.incanum",NA,"MWC","N","20090615"
"8B","1st","","solanum.indicum",NA,"MWC","N","20090615"
"8B","1st","","tribulus.terrestris",NA,"MWC","N","20090615"
"8B","1st","","u",NA,"MWC","N","20090615"
"8B","1st","","w",NA,"MWC","N","20090615"
"8B","1st","","x_4",NA,"MWC","N","20090615"
"8B","1st","","x_5",NA,"MWC","N","20090615"
"8B","1st","","x_6",NA,"MWC","N","20090615"
"8B","1st","","x_7",NA,"MWC","N","20090615"
"8B","1st","","x_8",NA,"MWC","N","20090615"
"9A","1st","","bracharia.lacnantha",NA,"MWC","N","20090615"
"9A","1st","","lintonia.nutans",NA,"MWC","N","20090615"
"9A","1st","","pennisetum.mezianum",NA,"MWC","N","20090615"
"9A","1st","","pennisetum.straminium",NA,"MWC","N","20090615"
"9A","1st","","themeda.triandra",NA,"MWC","N","20090615"
"9A","1st","","bare",6,"MWC","N","20090615"
"9A","1st","","x_2",NA,"MWC","N","20090615"
"9A","1st","","aristida.kenyensis",NA,"MWC","N","20090615"
"9A","1st","","bothriochloa.insculpta",NA,"MWC","N","20090615"
"9A","1st","","bracharia.3",NA,"MWC","N","20090615"
"9A","1st","","bracharia.eruciformis",NA,"MWC","N","20090615"
"9A","1st","","chloris.sp",NA,"MWC","N","20090615"
"9A","1st","","cynodon.dactylon",NA,"MWC","N","20090615"
"9A","1st","","cynodon.plectostachyus",NA,"MWC","N","20090615"
"9A","1st","","cyperus...mariscus.spp",NA,"MWC","N","20090615"
"9A","1st","","digitaria.2",NA,"MWC","N","20090615"
"9A","1st","","digitaria.milanjiana",NA,"MWC","N","20090615"
"9A","1st","","dinebra.retroflexa",NA,"MWC","N","20090615"
"9A","1st","","eragrostis.tenuifolia",NA,"MWC","N","20090615"
"9A","1st","","harpachne.schimperi",NA,"MWC","N","20090615"
"9A","1st","","microchloa.kunthii",NA,"MWC","N","20090615"
"9A","1st","","panicum.astrosanguinum",NA,"MWC","N","20090615"
"9A","1st","","setaria.acromelaena..small.",NA,"MWC","N","20090615"
"9A","1st","","setaria.sphaecealata..big.",NA,"MWC","N","20090615"
"9A","1st","","sporobolus.pyramidalis",NA,"MWC","N","20090615"
"9A","1st","","tragus.berteronianus",NA,"MWC","N","20090615"
"9A","1st","","x_3",NA,"MWC","N","20090615"
"9A","1st","","acalypha.crenata",NA,"MWC","N","20090615"
"9A","1st","","aerva.lanata",NA,"MWC","N","20090615"
"9A","1st","","amaranthus.hibridus",NA,"MWC","N","20090615"
"9A","1st","","aspilia.pluriseta",NA,"MWC","N","20090615"
"9A","1st","","asterolinon.adoense..v.",NA,"MWC","N","20090615"
"9A","1st","","caralluma.acutangula",NA,"MWC","N","20090615"
"9A","1st","","chenopodium.opulifolium",NA,"MWC","N","20090615"
"9A","1st","","chenopodium.schraderianum",NA,"MWC","N","20090615"
"9A","1st","","commelina.spp",NA,"MWC","N","20090615"
"9A","1st","","commicarpus.pedunculosus",NA,"MWC","N","20090615"
"9A","1st","","conyza.sp",NA,"MWC","N","20090615"
"9A","1st","","corchorus.sp",NA,"MWC","N","20090615"
"9A","1st","","crotelaria.sp",NA,"MWC","N","20090615"
"9A","1st","","cyathula.orthacantha",NA,"MWC","N","20090615"
"9A","1st","","dyscoriste.radicans",NA,"MWC","N","20090615"
"9A","1st","","euphorbia.inaequilatera",NA,"MWC","N","20090615"
"9A","1st","","evolvulus.alsinoides",NA,"MWC","N","20090615"
"9A","1st","","fern",NA,"MWC","N","20090615"
"9A","1st","","gutenbergia.sp",NA,"MWC","N","20090615"
"9A","1st","","hermannia.uhligii",NA,"MWC","N","20090615"
"9A","1st","","hibiscus.flavifolius",NA,"MWC","N","20090615"
"9A","1st","","hibiscus.trionum",NA,"MWC","N","20090615"
"9A","1st","","indigofera.brevicalyx",NA,"MWC","N","20090615"
"9A","1st","","indigofera.schimperi",NA,"MWC","N","20090615"
"9A","1st","","ipomea.sinensis",NA,"MWC","N","20090615"
"9A","1st","","justicia.dichipteroides",NA,"MWC","N","20090615"
"9A","1st","","k",NA,"MWC","N","20090615"
"9A","1st","","kyllinga.sp",NA,"MWC","N","20090615"
"9A","1st","","leucas.glabrata",NA,"MWC","N","20090615"
"9A","1st","","leucas.martiniscensis",NA,"MWC","N","20090615"
"9A","1st","","lily.a",NA,"MWC","N","20090615"
"9A","1st","","lily.b",NA,"MWC","N","20090615"
"9A","1st","","lippia.javanica",NA,"MWC","N","20090615"
"9A","1st","","melhania.spp.",NA,"MWC","N","20090615"
"9A","1st","","misopates.orontium",NA,"MWC","N","20090615"
"9A","1st","","mollugo.nudicaulis",NA,"MWC","N","20090615"
"9A","1st","","monechima.debile",NA,"MWC","N","20090615"
"9A","1st","","monsonia.augustifolia",NA,"MWC","N","20090615"
"9A","1st","","ocimum.sp",NA,"MWC","N","20090615"
"9A","1st","","osteospermum.vaillantii",NA,"MWC","N","20090615"
"9A","1st","","oxygonum.sinuatum",NA,"MWC","N","20090615"
"9A","1st","","pavonia.patens",NA,"MWC","N","20090615"
"9A","1st","","pelargonium.alchemilloides",NA,"MWC","N","20090615"
"9A","1st","","pentanisia.ouranogyne",NA,"MWC","N","20090615"
"9A","1st","","phyllanthus.maderaspatensis",NA,"MWC","N","20090615"
"9A","1st","","plectranthus.spp",NA,"MWC","N","20090615"
"9A","1st","","pollichia.campestris",NA,"MWC","N","20090615"
"9A","1st","","polygala..l.",NA,"MWC","N","20090615"
"9A","1st","","polygala.sphenoptera",NA,"MWC","N","20090615"
"9A","1st","","portulaca.oleracea",NA,"MWC","N","20090615"
"9A","1st","","portulaca.quadrifida",NA,"MWC","N","20090615"
"9A","1st","","pseudognaphalium..helichrysum.glumaceum.",NA,"MWC","N","20090615"
"9A","1st","","psilotrichum.schimperi",NA,"MWC","N","20090615"
"9A","1st","","rhinacanthus.ndorensis",NA,"MWC","N","20090615"
"9A","1st","","rhynchosia.holstii",NA,"MWC","N","20090615"
"9A","1st","","schkuhria.pinnata",NA,"MWC","N","20090615"
"9A","1st","","sida.2",NA,"MWC","N","20090615"
"9A","1st","","sida.cuneifolia",NA,"MWC","N","20090615"
"9A","1st","","solanum.incanum",NA,"MWC","N","20090615"
"9A","1st","","solanum.indicum",NA,"MWC","N","20090615"
"9A","1st","","tribulus.terrestris",NA,"MWC","N","20090615"
"9A","1st","","u",NA,"MWC","N","20090615"
"9A","1st","","w",NA,"MWC","N","20090615"
"9A","1st","","x_4",NA,"MWC","N","20090615"
"9A","1st","","x_5",NA,"MWC","N","20090615"
"9A","1st","","x_6",NA,"MWC","N","20090615"
"9A","1st","","x_7",NA,"MWC","N","20090615"
"9A","1st","","x_8",NA,"MWC","N","20090615"
"9C","1st","","bracharia.lacnantha",NA,"MWC","N","20090615"
"9C","1st","","lintonia.nutans",NA,"MWC","N","20090615"
"9C","1st","","pennisetum.mezianum",NA,"MWC","N","20090615"
"9C","1st","","pennisetum.straminium",NA,"MWC","N","20090615"
"9C","1st","","themeda.triandra",NA,"MWC","N","20090615"
"9C","1st","","bare",3,"MWC","N","20090615"
"9C","1st","","x_2",NA,"MWC","N","20090615"
"9C","1st","","aristida.kenyensis",NA,"MWC","N","20090615"
"9C","1st","","bothriochloa.insculpta",NA,"MWC","N","20090615"
"9C","1st","","bracharia.3",NA,"MWC","N","20090615"
"9C","1st","","bracharia.eruciformis",NA,"MWC","N","20090615"
"9C","1st","","chloris.sp",NA,"MWC","N","20090615"
"9C","1st","","cynodon.dactylon",NA,"MWC","N","20090615"
"9C","1st","","cynodon.plectostachyus",NA,"MWC","N","20090615"
"9C","1st","","cyperus...mariscus.spp",NA,"MWC","N","20090615"
"9C","1st","","digitaria.2",NA,"MWC","N","20090615"
"9C","1st","","digitaria.milanjiana",NA,"MWC","N","20090615"
"9C","1st","","dinebra.retroflexa",NA,"MWC","N","20090615"
"9C","1st","","eragrostis.tenuifolia",NA,"MWC","N","20090615"
"9C","1st","","harpachne.schimperi",NA,"MWC","N","20090615"
"9C","1st","","microchloa.kunthii",NA,"MWC","N","20090615"
"9C","1st","","panicum.astrosanguinum",NA,"MWC","N","20090615"
"9C","1st","","setaria.acromelaena..small.",NA,"MWC","N","20090615"
"9C","1st","","setaria.sphaecealata..big.",NA,"MWC","N","20090615"
"9C","1st","","sporobolus.pyramidalis",NA,"MWC","N","20090615"
"9C","1st","","tragus.berteronianus",NA,"MWC","N","20090615"
"9C","1st","","x_3",NA,"MWC","N","20090615"
"9C","1st","","acalypha.crenata",NA,"MWC","N","20090615"
"9C","1st","","aerva.lanata",NA,"MWC","N","20090615"
"9C","1st","","amaranthus.hibridus",NA,"MWC","N","20090615"
"9C","1st","","aspilia.pluriseta",NA,"MWC","N","20090615"
"9C","1st","","asterolinon.adoense..v.",NA,"MWC","N","20090615"
"9C","1st","","caralluma.acutangula",NA,"MWC","N","20090615"
"9C","1st","","chenopodium.opulifolium",NA,"MWC","N","20090615"
"9C","1st","","chenopodium.schraderianum",NA,"MWC","N","20090615"
"9C","1st","","commelina.spp",NA,"MWC","N","20090615"
"9C","1st","","commicarpus.pedunculosus",NA,"MWC","N","20090615"
"9C","1st","","conyza.sp",NA,"MWC","N","20090615"
"9C","1st","","corchorus.sp",NA,"MWC","N","20090615"
"9C","1st","","crotelaria.sp",NA,"MWC","N","20090615"
"9C","1st","","cyathula.orthacantha",NA,"MWC","N","20090615"
"9C","1st","","dyscoriste.radicans",NA,"MWC","N","20090615"
"9C","1st","","euphorbia.inaequilatera",NA,"MWC","N","20090615"
"9C","1st","","evolvulus.alsinoides",NA,"MWC","N","20090615"
"9C","1st","","fern",NA,"MWC","N","20090615"
"9C","1st","","gutenbergia.sp",NA,"MWC","N","20090615"
"9C","1st","","hermannia.uhligii",NA,"MWC","N","20090615"
"9C","1st","","hibiscus.flavifolius",NA,"MWC","N","20090615"
"9C","1st","","hibiscus.trionum",NA,"MWC","N","20090615"
"9C","1st","","indigofera.brevicalyx",NA,"MWC","N","20090615"
"9C","1st","","indigofera.schimperi",NA,"MWC","N","20090615"
"9C","1st","","ipomea.sinensis",NA,"MWC","N","20090615"
"9C","1st","","justicia.dichipteroides",NA,"MWC","N","20090615"
"9C","1st","","k",NA,"MWC","N","20090615"
"9C","1st","","kyllinga.sp",NA,"MWC","N","20090615"
"9C","1st","","leucas.glabrata",NA,"MWC","N","20090615"
"9C","1st","","leucas.martiniscensis",NA,"MWC","N","20090615"
"9C","1st","","lily.a",NA,"MWC","N","20090615"
"9C","1st","","lily.b",NA,"MWC","N","20090615"
"9C","1st","","lippia.javanica",NA,"MWC","N","20090615"
"9C","1st","","melhania.spp.",NA,"MWC","N","20090615"
"9C","1st","","misopates.orontium",NA,"MWC","N","20090615"
"9C","1st","","mollugo.nudicaulis",NA,"MWC","N","20090615"
"9C","1st","","monechima.debile",NA,"MWC","N","20090615"
"9C","1st","","monsonia.augustifolia",NA,"MWC","N","20090615"
"9C","1st","","ocimum.sp",NA,"MWC","N","20090615"
"9C","1st","","osteospermum.vaillantii",NA,"MWC","N","20090615"
"9C","1st","","oxygonum.sinuatum",NA,"MWC","N","20090615"
"9C","1st","","pavonia.patens",NA,"MWC","N","20090615"
"9C","1st","","pelargonium.alchemilloides",NA,"MWC","N","20090615"
"9C","1st","","pentanisia.ouranogyne",NA,"MWC","N","20090615"
"9C","1st","","phyllanthus.maderaspatensis",NA,"MWC","N","20090615"
"9C","1st","","plectranthus.spp",NA,"MWC","N","20090615"
"9C","1st","","pollichia.campestris",NA,"MWC","N","20090615"
"9C","1st","","polygala..l.",NA,"MWC","N","20090615"
"9C","1st","","polygala.sphenoptera",NA,"MWC","N","20090615"
"9C","1st","","portulaca.oleracea",NA,"MWC","N","20090615"
"9C","1st","","portulaca.quadrifida",NA,"MWC","N","20090615"
"9C","1st","","pseudognaphalium..helichrysum.glumaceum.",NA,"MWC","N","20090615"
"9C","1st","","psilotrichum.schimperi",NA,"MWC","N","20090615"
"9C","1st","","rhinacanthus.ndorensis",NA,"MWC","N","20090615"
"9C","1st","","rhynchosia.holstii",NA,"MWC","N","20090615"
"9C","1st","","schkuhria.pinnata",NA,"MWC","N","20090615"
"9C","1st","","sida.2",NA,"MWC","N","20090615"
"9C","1st","","sida.cuneifolia",NA,"MWC","N","20090615"
"9C","1st","","solanum.incanum",NA,"MWC","N","20090615"
"9C","1st","","solanum.indicum",NA,"MWC","N","20090615"
"9C","1st","","tribulus.terrestris",NA,"MWC","N","20090615"
"9C","1st","","u",NA,"MWC","N","20090615"
"9C","1st","","w",NA,"MWC","N","20090615"
"9C","1st","","x_4",NA,"MWC","N","20090615"
"9C","1st","","x_5",NA,"MWC","N","20090615"
"9C","1st","","x_6",NA,"MWC","N","20090615"
"9C","1st","","x_7",NA,"MWC","N","20090615"
"9C","1st","","x_8",NA,"MWC","N","20090615"
"9E","1st","","bracharia.lacnantha",NA,"MWC","N","20090615"
"9E","1st","","lintonia.nutans",NA,"MWC","N","20090615"
"9E","1st","","pennisetum.mezianum",NA,"MWC","N","20090615"
"9E","1st","","pennisetum.straminium",NA,"MWC","N","20090615"
"9E","1st","","themeda.triandra",NA,"MWC","N","20090615"
"9E","1st","","bare",2,"MWC","N","20090615"
"9E","1st","","x_2",NA,"MWC","N","20090615"
"9E","1st","","aristida.kenyensis",NA,"MWC","N","20090615"
"9E","1st","","bothriochloa.insculpta",NA,"MWC","N","20090615"
"9E","1st","","bracharia.3",NA,"MWC","N","20090615"
"9E","1st","","bracharia.eruciformis",NA,"MWC","N","20090615"
"9E","1st","","chloris.sp",NA,"MWC","N","20090615"
"9E","1st","","cynodon.dactylon",NA,"MWC","N","20090615"
"9E","1st","","cynodon.plectostachyus",NA,"MWC","N","20090615"
"9E","1st","","cyperus...mariscus.spp",NA,"MWC","N","20090615"
"9E","1st","","digitaria.2",NA,"MWC","N","20090615"
"9E","1st","","digitaria.milanjiana",NA,"MWC","N","20090615"
"9E","1st","","dinebra.retroflexa",NA,"MWC","N","20090615"
"9E","1st","","eragrostis.tenuifolia",NA,"MWC","N","20090615"
"9E","1st","","harpachne.schimperi",NA,"MWC","N","20090615"
"9E","1st","","microchloa.kunthii",NA,"MWC","N","20090615"
"9E","1st","","panicum.astrosanguinum",NA,"MWC","N","20090615"
"9E","1st","","setaria.acromelaena..small.",NA,"MWC","N","20090615"
"9E","1st","","setaria.sphaecealata..big.",NA,"MWC","N","20090615"
"9E","1st","","sporobolus.pyramidalis",NA,"MWC","N","20090615"
"9E","1st","","tragus.berteronianus",NA,"MWC","N","20090615"
"9E","1st","","x_3",NA,"MWC","N","20090615"
"9E","1st","","acalypha.crenata",NA,"MWC","N","20090615"
"9E","1st","","aerva.lanata",NA,"MWC","N","20090615"
"9E","1st","","amaranthus.hibridus",NA,"MWC","N","20090615"
"9E","1st","","aspilia.pluriseta",NA,"MWC","N","20090615"
"9E","1st","","asterolinon.adoense..v.",NA,"MWC","N","20090615"
"9E","1st","","caralluma.acutangula",NA,"MWC","N","20090615"
"9E","1st","","chenopodium.opulifolium",NA,"MWC","N","20090615"
"9E","1st","","chenopodium.schraderianum",NA,"MWC","N","20090615"
"9E","1st","","commelina.spp",NA,"MWC","N","20090615"
"9E","1st","","commicarpus.pedunculosus",NA,"MWC","N","20090615"
"9E","1st","","conyza.sp",NA,"MWC","N","20090615"
"9E","1st","","corchorus.sp",NA,"MWC","N","20090615"
"9E","1st","","crotelaria.sp",NA,"MWC","N","20090615"
"9E","1st","","cyathula.orthacantha",NA,"MWC","N","20090615"
"9E","1st","","dyscoriste.radicans",NA,"MWC","N","20090615"
"9E","1st","","euphorbia.inaequilatera",NA,"MWC","N","20090615"
"9E","1st","","evolvulus.alsinoides",NA,"MWC","N","20090615"
"9E","1st","","fern",NA,"MWC","N","20090615"
"9E","1st","","gutenbergia.sp",NA,"MWC","N","20090615"
"9E","1st","","hermannia.uhligii",NA,"MWC","N","20090615"
"9E","1st","","hibiscus.flavifolius",NA,"MWC","N","20090615"
"9E","1st","","hibiscus.trionum",NA,"MWC","N","20090615"
"9E","1st","","indigofera.brevicalyx",NA,"MWC","N","20090615"
"9E","1st","","indigofera.schimperi",NA,"MWC","N","20090615"
"9E","1st","","ipomea.sinensis",NA,"MWC","N","20090615"
"9E","1st","","justicia.dichipteroides",NA,"MWC","N","20090615"
"9E","1st","","k",NA,"MWC","N","20090615"
"9E","1st","","kyllinga.sp",NA,"MWC","N","20090615"
"9E","1st","","leucas.glabrata",NA,"MWC","N","20090615"
"9E","1st","","leucas.martiniscensis",NA,"MWC","N","20090615"
"9E","1st","","lily.a",NA,"MWC","N","20090615"
"9E","1st","","lily.b",NA,"MWC","N","20090615"
"9E","1st","","lippia.javanica",NA,"MWC","N","20090615"
"9E","1st","","melhania.spp.",NA,"MWC","N","20090615"
"9E","1st","","misopates.orontium",NA,"MWC","N","20090615"
"9E","1st","","mollugo.nudicaulis",NA,"MWC","N","20090615"
"9E","1st","","monechima.debile",NA,"MWC","N","20090615"
"9E","1st","","monsonia.augustifolia",NA,"MWC","N","20090615"
"9E","1st","","ocimum.sp",NA,"MWC","N","20090615"
"9E","1st","","osteospermum.vaillantii",NA,"MWC","N","20090615"
"9E","1st","","oxygonum.sinuatum",NA,"MWC","N","20090615"
"9E","1st","","pavonia.patens",NA,"MWC","N","20090615"
"9E","1st","","pelargonium.alchemilloides",NA,"MWC","N","20090615"
"9E","1st","","pentanisia.ouranogyne",NA,"MWC","N","20090615"
"9E","1st","","phyllanthus.maderaspatensis",NA,"MWC","N","20090615"
"9E","1st","","plectranthus.spp",NA,"MWC","N","20090615"
"9E","1st","","pollichia.campestris",NA,"MWC","N","20090615"
"9E","1st","","polygala..l.",NA,"MWC","N","20090615"
"9E","1st","","polygala.sphenoptera",NA,"MWC","N","20090615"
"9E","1st","","portulaca.oleracea",NA,"MWC","N","20090615"
"9E","1st","","portulaca.quadrifida",NA,"MWC","N","20090615"
"9E","1st","","pseudognaphalium..helichrysum.glumaceum.",NA,"MWC","N","20090615"
"9E","1st","","psilotrichum.schimperi",NA,"MWC","N","20090615"
"9E","1st","","rhinacanthus.ndorensis",NA,"MWC","N","20090615"
"9E","1st","","rhynchosia.holstii",NA,"MWC","N","20090615"
"9E","1st","","schkuhria.pinnata",NA,"MWC","N","20090615"
"9E","1st","","sida.2",NA,"MWC","N","20090615"
"9E","1st","","sida.cuneifolia",NA,"MWC","N","20090615"
"9E","1st","","solanum.incanum",NA,"MWC","N","20090615"
"9E","1st","","solanum.indicum",NA,"MWC","N","20090615"
"9E","1st","","tribulus.terrestris",NA,"MWC","N","20090615"
"9E","1st","","u",NA,"MWC","N","20090615"
"9E","1st","","w",NA,"MWC","N","20090615"
"9E","1st","","x_4",NA,"MWC","N","20090615"
"9E","1st","","x_5",NA,"MWC","N","20090615"
"9E","1st","","x_6",NA,"MWC","N","20090615"
"9E","1st","","x_7",NA,"MWC","N","20090615"
"9E","1st","","x_8",NA,"MWC","N","20090615"
"9G","1st","","bracharia.lacnantha",NA,"MWC","N","20090615"
"9G","1st","","lintonia.nutans",NA,"MWC","N","20090615"
"9G","1st","","pennisetum.mezianum",NA,"MWC","N","20090615"
"9G","1st","","pennisetum.straminium",NA,"MWC","N","20090615"
"9G","1st","","themeda.triandra",NA,"MWC","N","20090615"
"9G","1st","","bare",7,"MWC","N","20090615"
"9G","1st","","x_2",NA,"MWC","N","20090615"
"9G","1st","","aristida.kenyensis",NA,"MWC","N","20090615"
"9G","1st","","bothriochloa.insculpta",NA,"MWC","N","20090615"
"9G","1st","","bracharia.3",NA,"MWC","N","20090615"
"9G","1st","","bracharia.eruciformis",NA,"MWC","N","20090615"
"9G","1st","","chloris.sp",NA,"MWC","N","20090615"
"9G","1st","","cynodon.dactylon",NA,"MWC","N","20090615"
"9G","1st","","cynodon.plectostachyus",NA,"MWC","N","20090615"
"9G","1st","","cyperus...mariscus.spp",NA,"MWC","N","20090615"
"9G","1st","","digitaria.2",NA,"MWC","N","20090615"
"9G","1st","","digitaria.milanjiana",NA,"MWC","N","20090615"
"9G","1st","","dinebra.retroflexa",NA,"MWC","N","20090615"
"9G","1st","","eragrostis.tenuifolia",NA,"MWC","N","20090615"
"9G","1st","","harpachne.schimperi",NA,"MWC","N","20090615"
"9G","1st","","microchloa.kunthii",NA,"MWC","N","20090615"
"9G","1st","","panicum.astrosanguinum",NA,"MWC","N","20090615"
"9G","1st","","setaria.acromelaena..small.",NA,"MWC","N","20090615"
"9G","1st","","setaria.sphaecealata..big.",NA,"MWC","N","20090615"
"9G","1st","","sporobolus.pyramidalis",NA,"MWC","N","20090615"
"9G","1st","","tragus.berteronianus",NA,"MWC","N","20090615"
"9G","1st","","x_3",NA,"MWC","N","20090615"
"9G","1st","","acalypha.crenata",NA,"MWC","N","20090615"
"9G","1st","","aerva.lanata",NA,"MWC","N","20090615"
"9G","1st","","amaranthus.hibridus",NA,"MWC","N","20090615"
"9G","1st","","aspilia.pluriseta",NA,"MWC","N","20090615"
"9G","1st","","asterolinon.adoense..v.",NA,"MWC","N","20090615"
"9G","1st","","caralluma.acutangula",NA,"MWC","N","20090615"
"9G","1st","","chenopodium.opulifolium",NA,"MWC","N","20090615"
"9G","1st","","chenopodium.schraderianum",NA,"MWC","N","20090615"
"9G","1st","","commelina.spp",NA,"MWC","N","20090615"
"9G","1st","","commicarpus.pedunculosus",NA,"MWC","N","20090615"
"9G","1st","","conyza.sp",NA,"MWC","N","20090615"
"9G","1st","","corchorus.sp",NA,"MWC","N","20090615"
"9G","1st","","crotelaria.sp",NA,"MWC","N","20090615"
"9G","1st","","cyathula.orthacantha",NA,"MWC","N","20090615"
"9G","1st","","dyscoriste.radicans",NA,"MWC","N","20090615"
"9G","1st","","euphorbia.inaequilatera",NA,"MWC","N","20090615"
"9G","1st","","evolvulus.alsinoides",NA,"MWC","N","20090615"
"9G","1st","","fern",NA,"MWC","N","20090615"
"9G","1st","","gutenbergia.sp",NA,"MWC","N","20090615"
"9G","1st","","hermannia.uhligii",NA,"MWC","N","20090615"
"9G","1st","","hibiscus.flavifolius",NA,"MWC","N","20090615"
"9G","1st","","hibiscus.trionum",NA,"MWC","N","20090615"
"9G","1st","","indigofera.brevicalyx",NA,"MWC","N","20090615"
"9G","1st","","indigofera.schimperi",NA,"MWC","N","20090615"
"9G","1st","","ipomea.sinensis",NA,"MWC","N","20090615"
"9G","1st","","justicia.dichipteroides",NA,"MWC","N","20090615"
"9G","1st","","k",NA,"MWC","N","20090615"
"9G","1st","","kyllinga.sp",NA,"MWC","N","20090615"
"9G","1st","","leucas.glabrata",NA,"MWC","N","20090615"
"9G","1st","","leucas.martiniscensis",NA,"MWC","N","20090615"
"9G","1st","","lily.a",NA,"MWC","N","20090615"
"9G","1st","","lily.b",NA,"MWC","N","20090615"
"9G","1st","","lippia.javanica",NA,"MWC","N","20090615"
"9G","1st","","melhania.spp.",NA,"MWC","N","20090615"
"9G","1st","","misopates.orontium",NA,"MWC","N","20090615"
"9G","1st","","mollugo.nudicaulis",NA,"MWC","N","20090615"
"9G","1st","","monechima.debile",NA,"MWC","N","20090615"
"9G","1st","","monsonia.augustifolia",NA,"MWC","N","20090615"
"9G","1st","","ocimum.sp",NA,"MWC","N","20090615"
"9G","1st","","osteospermum.vaillantii",NA,"MWC","N","20090615"
"9G","1st","","oxygonum.sinuatum",NA,"MWC","N","20090615"
"9G","1st","","pavonia.patens",NA,"MWC","N","20090615"
"9G","1st","","pelargonium.alchemilloides",NA,"MWC","N","20090615"
"9G","1st","","pentanisia.ouranogyne",NA,"MWC","N","20090615"
"9G","1st","","phyllanthus.maderaspatensis",NA,"MWC","N","20090615"
"9G","1st","","plectranthus.spp",NA,"MWC","N","20090615"
"9G","1st","","pollichia.campestris",NA,"MWC","N","20090615"
"9G","1st","","polygala..l.",NA,"MWC","N","20090615"
"9G","1st","","polygala.sphenoptera",NA,"MWC","N","20090615"
"9G","1st","","portulaca.oleracea",NA,"MWC","N","20090615"
"9G","1st","","portulaca.quadrifida",NA,"MWC","N","20090615"
"9G","1st","","pseudognaphalium..helichrysum.glumaceum.",NA,"MWC","N","20090615"
"9G","1st","","psilotrichum.schimperi",NA,"MWC","N","20090615"
"9G","1st","","rhinacanthus.ndorensis",NA,"MWC","N","20090615"
"9G","1st","","rhynchosia.holstii",NA,"MWC","N","20090615"
"9G","1st","","schkuhria.pinnata",NA,"MWC","N","20090615"
"9G","1st","","sida.2",NA,"MWC","N","20090615"
"9G","1st","","sida.cuneifolia",NA,"MWC","N","20090615"
"9G","1st","","solanum.incanum",NA,"MWC","N","20090615"
"9G","1st","","solanum.indicum",NA,"MWC","N","20090615"
"9G","1st","","tribulus.terrestris",NA,"MWC","N","20090615"
"9G","1st","","u",NA,"MWC","N","20090615"
"9G","1st","","w",NA,"MWC","N","20090615"
"9G","1st","","x_4",NA,"MWC","N","20090615"
"9G","1st","","x_5",NA,"MWC","N","20090615"
"9G","1st","","x_6",NA,"MWC","N","20090615"
"9G","1st","","x_7",NA,"MWC","N","20090615"
"9G","1st","","x_8",NA,"MWC","N","20090615"
"9I","1st","","bracharia.lacnantha",NA,"MWC","N","20090615"
"9I","1st","","lintonia.nutans",NA,"MWC","N","20090615"
"9I","1st","","pennisetum.mezianum",NA,"MWC","N","20090615"
"9I","1st","","pennisetum.straminium",NA,"MWC","N","20090615"
"9I","1st","","themeda.triandra",NA,"MWC","N","20090615"
"9I","1st","","bare",8,"MWC","N","20090615"
"9I","1st","","x_2",NA,"MWC","N","20090615"
"9I","1st","","aristida.kenyensis",NA,"MWC","N","20090615"
"9I","1st","","bothriochloa.insculpta",NA,"MWC","N","20090615"
"9I","1st","","bracharia.3",NA,"MWC","N","20090615"
"9I","1st","","bracharia.eruciformis",NA,"MWC","N","20090615"
"9I","1st","","chloris.sp",NA,"MWC","N","20090615"
"9I","1st","","cynodon.dactylon",NA,"MWC","N","20090615"
"9I","1st","","cynodon.plectostachyus",NA,"MWC","N","20090615"
"9I","1st","","cyperus...mariscus.spp",NA,"MWC","N","20090615"
"9I","1st","","digitaria.2",NA,"MWC","N","20090615"
"9I","1st","","digitaria.milanjiana",NA,"MWC","N","20090615"
"9I","1st","","dinebra.retroflexa",NA,"MWC","N","20090615"
"9I","1st","","eragrostis.tenuifolia",NA,"MWC","N","20090615"
"9I","1st","","harpachne.schimperi",NA,"MWC","N","20090615"
"9I","1st","","microchloa.kunthii",NA,"MWC","N","20090615"
"9I","1st","","panicum.astrosanguinum",NA,"MWC","N","20090615"
"9I","1st","","setaria.acromelaena..small.",NA,"MWC","N","20090615"
"9I","1st","","setaria.sphaecealata..big.",NA,"MWC","N","20090615"
"9I","1st","","sporobolus.pyramidalis",NA,"MWC","N","20090615"
"9I","1st","","tragus.berteronianus",NA,"MWC","N","20090615"
"9I","1st","","x_3",NA,"MWC","N","20090615"
"9I","1st","","acalypha.crenata",NA,"MWC","N","20090615"
"9I","1st","","aerva.lanata",NA,"MWC","N","20090615"
"9I","1st","","amaranthus.hibridus",NA,"MWC","N","20090615"
"9I","1st","","aspilia.pluriseta",NA,"MWC","N","20090615"
"9I","1st","","asterolinon.adoense..v.",NA,"MWC","N","20090615"
"9I","1st","","caralluma.acutangula",NA,"MWC","N","20090615"
"9I","1st","","chenopodium.opulifolium",NA,"MWC","N","20090615"
"9I","1st","","chenopodium.schraderianum",NA,"MWC","N","20090615"
"9I","1st","","commelina.spp",NA,"MWC","N","20090615"
"9I","1st","","commicarpus.pedunculosus",NA,"MWC","N","20090615"
"9I","1st","","conyza.sp",NA,"MWC","N","20090615"
"9I","1st","","corchorus.sp",NA,"MWC","N","20090615"
"9I","1st","","crotelaria.sp",NA,"MWC","N","20090615"
"9I","1st","","cyathula.orthacantha",NA,"MWC","N","20090615"
"9I","1st","","dyscoriste.radicans",NA,"MWC","N","20090615"
"9I","1st","","euphorbia.inaequilatera",NA,"MWC","N","20090615"
"9I","1st","","evolvulus.alsinoides",NA,"MWC","N","20090615"
"9I","1st","","fern",NA,"MWC","N","20090615"
"9I","1st","","gutenbergia.sp",NA,"MWC","N","20090615"
"9I","1st","","hermannia.uhligii",NA,"MWC","N","20090615"
"9I","1st","","hibiscus.flavifolius",NA,"MWC","N","20090615"
"9I","1st","","hibiscus.trionum",NA,"MWC","N","20090615"
"9I","1st","","indigofera.brevicalyx",NA,"MWC","N","20090615"
"9I","1st","","indigofera.schimperi",NA,"MWC","N","20090615"
"9I","1st","","ipomea.sinensis",NA,"MWC","N","20090615"
"9I","1st","","justicia.dichipteroides",NA,"MWC","N","20090615"
"9I","1st","","k",NA,"MWC","N","20090615"
"9I","1st","","kyllinga.sp",NA,"MWC","N","20090615"
"9I","1st","","leucas.glabrata",NA,"MWC","N","20090615"
"9I","1st","","leucas.martiniscensis",NA,"MWC","N","20090615"
"9I","1st","","lily.a",NA,"MWC","N","20090615"
"9I","1st","","lily.b",NA,"MWC","N","20090615"
"9I","1st","","lippia.javanica",NA,"MWC","N","20090615"
"9I","1st","","melhania.spp.",NA,"MWC","N","20090615"
"9I","1st","","misopates.orontium",NA,"MWC","N","20090615"
"9I","1st","","mollugo.nudicaulis",NA,"MWC","N","20090615"
"9I","1st","","monechima.debile",NA,"MWC","N","20090615"
"9I","1st","","monsonia.augustifolia",NA,"MWC","N","20090615"
"9I","1st","","ocimum.sp",NA,"MWC","N","20090615"
"9I","1st","","osteospermum.vaillantii",NA,"MWC","N","20090615"
"9I","1st","","oxygonum.sinuatum",NA,"MWC","N","20090615"
"9I","1st","","pavonia.patens",NA,"MWC","N","20090615"
"9I","1st","","pelargonium.alchemilloides",NA,"MWC","N","20090615"
"9I","1st","","pentanisia.ouranogyne",NA,"MWC","N","20090615"
"9I","1st","","phyllanthus.maderaspatensis",NA,"MWC","N","20090615"
"9I","1st","","plectranthus.spp",NA,"MWC","N","20090615"
"9I","1st","","pollichia.campestris",NA,"MWC","N","20090615"
"9I","1st","","polygala..l.",NA,"MWC","N","20090615"
"9I","1st","","polygala.sphenoptera",NA,"MWC","N","20090615"
"9I","1st","","portulaca.oleracea",NA,"MWC","N","20090615"
"9I","1st","","portulaca.quadrifida",NA,"MWC","N","20090615"
"9I","1st","","pseudognaphalium..helichrysum.glumaceum.",NA,"MWC","N","20090615"
"9I","1st","","psilotrichum.schimperi",NA,"MWC","N","20090615"
"9I","1st","","rhinacanthus.ndorensis",NA,"MWC","N","20090615"
"9I","1st","","rhynchosia.holstii",NA,"MWC","N","20090615"
"9I","1st","","schkuhria.pinnata",NA,"MWC","N","20090615"
"9I","1st","","sida.2",NA,"MWC","N","20090615"
"9I","1st","","sida.cuneifolia",NA,"MWC","N","20090615"
"9I","1st","","solanum.incanum",NA,"MWC","N","20090615"
"9I","1st","","solanum.indicum",NA,"MWC","N","20090615"
"9I","1st","","tribulus.terrestris",NA,"MWC","N","20090615"
"9I","1st","","u",NA,"MWC","N","20090615"
"9I","1st","","w",NA,"MWC","N","20090615"
"9I","1st","","x_4",NA,"MWC","N","20090615"
"9I","1st","","x_5",NA,"MWC","N","20090615"
"9I","1st","","x_6",NA,"MWC","N","20090615"
"9I","1st","","x_7",NA,"MWC","N","20090615"
"9I","1st","","x_8",NA,"MWC","N","20090615"
"10J","1st","","bracharia.lacnantha",NA,"MWC","N","20090615"
"10J","1st","","lintonia.nutans",NA,"MWC","N","20090615"
"10J","1st","","pennisetum.mezianum",NA,"MWC","N","20090615"
"10J","1st","","pennisetum.straminium",NA,"MWC","N","20090615"
"10J","1st","","themeda.triandra",NA,"MWC","N","20090615"
"10J","1st","","bare",NA,"MWC","N","20090615"
"10J","1st","","x_2",NA,"MWC","N","20090615"
"10J","1st","","aristida.kenyensis",NA,"MWC","N","20090615"
"10J","1st","","bothriochloa.insculpta",NA,"MWC","N","20090615"
"10J","1st","","bracharia.3",NA,"MWC","N","20090615"
"10J","1st","","bracharia.eruciformis",NA,"MWC","N","20090615"
"10J","1st","","chloris.sp",NA,"MWC","N","20090615"
"10J","1st","","cynodon.dactylon",NA,"MWC","N","20090615"
"10J","1st","","cynodon.plectostachyus",NA,"MWC","N","20090615"
"10J","1st","","cyperus...mariscus.spp",NA,"MWC","N","20090615"
"10J","1st","","digitaria.2",NA,"MWC","N","20090615"
"10J","1st","","digitaria.milanjiana",NA,"MWC","N","20090615"
"10J","1st","","dinebra.retroflexa",NA,"MWC","N","20090615"
"10J","1st","","eragrostis.tenuifolia",NA,"MWC","N","20090615"
"10J","1st","","harpachne.schimperi",NA,"MWC","N","20090615"
"10J","1st","","microchloa.kunthii",NA,"MWC","N","20090615"
"10J","1st","","panicum.astrosanguinum",NA,"MWC","N","20090615"
"10J","1st","","setaria.acromelaena..small.",NA,"MWC","N","20090615"
"10J","1st","","setaria.sphaecealata..big.",NA,"MWC","N","20090615"
"10J","1st","","sporobolus.pyramidalis",NA,"MWC","N","20090615"
"10J","1st","","tragus.berteronianus",NA,"MWC","N","20090615"
"10J","1st","","x_3",NA,"MWC","N","20090615"
"10J","1st","","acalypha.crenata",NA,"MWC","N","20090615"
"10J","1st","","aerva.lanata",NA,"MWC","N","20090615"
"10J","1st","","amaranthus.hibridus",NA,"MWC","N","20090615"
"10J","1st","","aspilia.pluriseta",NA,"MWC","N","20090615"
"10J","1st","","asterolinon.adoense..v.",NA,"MWC","N","20090615"
"10J","1st","","caralluma.acutangula",NA,"MWC","N","20090615"
"10J","1st","","chenopodium.opulifolium",NA,"MWC","N","20090615"
"10J","1st","","chenopodium.schraderianum",NA,"MWC","N","20090615"
"10J","1st","","commelina.spp",NA,"MWC","N","20090615"
"10J","1st","","commicarpus.pedunculosus",NA,"MWC","N","20090615"
"10J","1st","","conyza.sp",NA,"MWC","N","20090615"
"10J","1st","","corchorus.sp",NA,"MWC","N","20090615"
"10J","1st","","crotelaria.sp",NA,"MWC","N","20090615"
"10J","1st","","cyathula.orthacantha",NA,"MWC","N","20090615"
"10J","1st","","dyscoriste.radicans",NA,"MWC","N","20090615"
"10J","1st","","euphorbia.inaequilatera",NA,"MWC","N","20090615"
"10J","1st","","evolvulus.alsinoides",NA,"MWC","N","20090615"
"10J","1st","","fern",NA,"MWC","N","20090615"
"10J","1st","","gutenbergia.sp",NA,"MWC","N","20090615"
"10J","1st","","hermannia.uhligii",NA,"MWC","N","20090615"
"10J","1st","","hibiscus.flavifolius",NA,"MWC","N","20090615"
"10J","1st","","hibiscus.trionum",NA,"MWC","N","20090615"
"10J","1st","","indigofera.brevicalyx",NA,"MWC","N","20090615"
"10J","1st","","indigofera.schimperi",NA,"MWC","N","20090615"
"10J","1st","","ipomea.sinensis",NA,"MWC","N","20090615"
"10J","1st","","justicia.dichipteroides",NA,"MWC","N","20090615"
"10J","1st","","k",NA,"MWC","N","20090615"
"10J","1st","","kyllinga.sp",NA,"MWC","N","20090615"
"10J","1st","","leucas.glabrata",NA,"MWC","N","20090615"
"10J","1st","","leucas.martiniscensis",NA,"MWC","N","20090615"
"10J","1st","","lily.a",NA,"MWC","N","20090615"
"10J","1st","","lily.b",NA,"MWC","N","20090615"
"10J","1st","","lippia.javanica",NA,"MWC","N","20090615"
"10J","1st","","melhania.spp.",NA,"MWC","N","20090615"
"10J","1st","","misopates.orontium",NA,"MWC","N","20090615"
"10J","1st","","mollugo.nudicaulis",NA,"MWC","N","20090615"
"10J","1st","","monechima.debile",NA,"MWC","N","20090615"
"10J","1st","","monsonia.augustifolia",NA,"MWC","N","20090615"
"10J","1st","","ocimum.sp",NA,"MWC","N","20090615"
"10J","1st","","osteospermum.vaillantii",NA,"MWC","N","20090615"
"10J","1st","","oxygonum.sinuatum",NA,"MWC","N","20090615"
"10J","1st","","pavonia.patens",NA,"MWC","N","20090615"
"10J","1st","","pelargonium.alchemilloides",NA,"MWC","N","20090615"
"10J","1st","","pentanisia.ouranogyne",NA,"MWC","N","20090615"
"10J","1st","","phyllanthus.maderaspatensis",NA,"MWC","N","20090615"
"10J","1st","","plectranthus.spp",NA,"MWC","N","20090615"
"10J","1st","","pollichia.campestris",NA,"MWC","N","20090615"
"10J","1st","","polygala..l.",NA,"MWC","N","20090615"
"10J","1st","","polygala.sphenoptera",NA,"MWC","N","20090615"
"10J","1st","","portulaca.oleracea",NA,"MWC","N","20090615"
"10J","1st","","portulaca.quadrifida",NA,"MWC","N","20090615"
"10J","1st","","pseudognaphalium..helichrysum.glumaceum.",NA,"MWC","N","20090615"
"10J","1st","","psilotrichum.schimperi",NA,"MWC","N","20090615"
"10J","1st","","rhinacanthus.ndorensis",NA,"MWC","N","20090615"
"10J","1st","","rhynchosia.holstii",NA,"MWC","N","20090615"
"10J","1st","","schkuhria.pinnata",NA,"MWC","N","20090615"
"10J","1st","","sida.2",NA,"MWC","N","20090615"
"10J","1st","","sida.cuneifolia",NA,"MWC","N","20090615"
"10J","1st","","solanum.incanum",NA,"MWC","N","20090615"
"10J","1st","","solanum.indicum",NA,"MWC","N","20090615"
"10J","1st","","tribulus.terrestris",NA,"MWC","N","20090615"
"10J","1st","","u",NA,"MWC","N","20090615"
"10J","1st","","w",NA,"MWC","N","20090615"
"10J","1st","","x_4",NA,"MWC","N","20090615"
"10J","1st","","x_5",NA,"MWC","N","20090615"
"10J","1st","","x_6",NA,"MWC","N","20090615"
"10J","1st","","x_7",NA,"MWC","N","20090615"
"10J","1st","","x_8",NA,"MWC","N","20090615"
"10H","1st","","bracharia.lacnantha",NA,"MWC","N","20090615"
"10H","1st","","lintonia.nutans",NA,"MWC","N","20090615"
"10H","1st","","pennisetum.mezianum",NA,"MWC","N","20090615"
"10H","1st","","pennisetum.straminium",NA,"MWC","N","20090615"
"10H","1st","","themeda.triandra",NA,"MWC","N","20090615"
"10H","1st","","bare",NA,"MWC","N","20090615"
"10H","1st","","x_2",NA,"MWC","N","20090615"
"10H","1st","","aristida.kenyensis",NA,"MWC","N","20090615"
"10H","1st","","bothriochloa.insculpta",NA,"MWC","N","20090615"
"10H","1st","","bracharia.3",NA,"MWC","N","20090615"
"10H","1st","","bracharia.eruciformis",NA,"MWC","N","20090615"
"10H","1st","","chloris.sp",NA,"MWC","N","20090615"
"10H","1st","","cynodon.dactylon",NA,"MWC","N","20090615"
"10H","1st","","cynodon.plectostachyus",NA,"MWC","N","20090615"
"10H","1st","","cyperus...mariscus.spp",NA,"MWC","N","20090615"
"10H","1st","","digitaria.2",NA,"MWC","N","20090615"
"10H","1st","","digitaria.milanjiana",NA,"MWC","N","20090615"
"10H","1st","","dinebra.retroflexa",NA,"MWC","N","20090615"
"10H","1st","","eragrostis.tenuifolia",NA,"MWC","N","20090615"
"10H","1st","","harpachne.schimperi",NA,"MWC","N","20090615"
"10H","1st","","microchloa.kunthii",NA,"MWC","N","20090615"
"10H","1st","","panicum.astrosanguinum",NA,"MWC","N","20090615"
"10H","1st","","setaria.acromelaena..small.",NA,"MWC","N","20090615"
"10H","1st","","setaria.sphaecealata..big.",NA,"MWC","N","20090615"
"10H","1st","","sporobolus.pyramidalis",NA,"MWC","N","20090615"
"10H","1st","","tragus.berteronianus",NA,"MWC","N","20090615"
"10H","1st","","x_3",NA,"MWC","N","20090615"
"10H","1st","","acalypha.crenata",NA,"MWC","N","20090615"
"10H","1st","","aerva.lanata",NA,"MWC","N","20090615"
"10H","1st","","amaranthus.hibridus",NA,"MWC","N","20090615"
"10H","1st","","aspilia.pluriseta",1,"MWC","N","20090615"
"10H","1st","","asterolinon.adoense..v.",NA,"MWC","N","20090615"
"10H","1st","","caralluma.acutangula",NA,"MWC","N","20090615"
"10H","1st","","chenopodium.opulifolium",NA,"MWC","N","20090615"
"10H","1st","","chenopodium.schraderianum",NA,"MWC","N","20090615"
"10H","1st","","commelina.spp",NA,"MWC","N","20090615"
"10H","1st","","commicarpus.pedunculosus",NA,"MWC","N","20090615"
"10H","1st","","conyza.sp",NA,"MWC","N","20090615"
"10H","1st","","corchorus.sp",NA,"MWC","N","20090615"
"10H","1st","","crotelaria.sp",NA,"MWC","N","20090615"
"10H","1st","","cyathula.orthacantha",NA,"MWC","N","20090615"
"10H","1st","","dyscoriste.radicans",NA,"MWC","N","20090615"
"10H","1st","","euphorbia.inaequilatera",NA,"MWC","N","20090615"
"10H","1st","","evolvulus.alsinoides",NA,"MWC","N","20090615"
"10H","1st","","fern",NA,"MWC","N","20090615"
"10H","1st","","gutenbergia.sp",NA,"MWC","N","20090615"
"10H","1st","","hermannia.uhligii",NA,"MWC","N","20090615"
"10H","1st","","hibiscus.flavifolius",NA,"MWC","N","20090615"
"10H","1st","","hibiscus.trionum",NA,"MWC","N","20090615"
"10H","1st","","indigofera.brevicalyx",NA,"MWC","N","20090615"
"10H","1st","","indigofera.schimperi",NA,"MWC","N","20090615"
"10H","1st","","ipomea.sinensis",NA,"MWC","N","20090615"
"10H","1st","","justicia.dichipteroides",NA,"MWC","N","20090615"
"10H","1st","","k",NA,"MWC","N","20090615"
"10H","1st","","kyllinga.sp",NA,"MWC","N","20090615"
"10H","1st","","leucas.glabrata",NA,"MWC","N","20090615"
"10H","1st","","leucas.martiniscensis",NA,"MWC","N","20090615"
"10H","1st","","lily.a",NA,"MWC","N","20090615"
"10H","1st","","lily.b",NA,"MWC","N","20090615"
"10H","1st","","lippia.javanica",NA,"MWC","N","20090615"
"10H","1st","","melhania.spp.",NA,"MWC","N","20090615"
"10H","1st","","misopates.orontium",NA,"MWC","N","20090615"
"10H","1st","","mollugo.nudicaulis",NA,"MWC","N","20090615"
"10H","1st","","monechima.debile",NA,"MWC","N","20090615"
"10H","1st","","monsonia.augustifolia",NA,"MWC","N","20090615"
"10H","1st","","ocimum.sp",NA,"MWC","N","20090615"
"10H","1st","","osteospermum.vaillantii",NA,"MWC","N","20090615"
"10H","1st","","oxygonum.sinuatum",NA,"MWC","N","20090615"
"10H","1st","","pavonia.patens",NA,"MWC","N","20090615"
"10H","1st","","pelargonium.alchemilloides",NA,"MWC","N","20090615"
"10H","1st","","pentanisia.ouranogyne",NA,"MWC","N","20090615"
"10H","1st","","phyllanthus.maderaspatensis",NA,"MWC","N","20090615"
"10H","1st","","plectranthus.spp",NA,"MWC","N","20090615"
"10H","1st","","pollichia.campestris",NA,"MWC","N","20090615"
"10H","1st","","polygala..l.",NA,"MWC","N","20090615"
"10H","1st","","polygala.sphenoptera",NA,"MWC","N","20090615"
"10H","1st","","portulaca.oleracea",NA,"MWC","N","20090615"
"10H","1st","","portulaca.quadrifida",NA,"MWC","N","20090615"
"10H","1st","","pseudognaphalium..helichrysum.glumaceum.",NA,"MWC","N","20090615"
"10H","1st","","psilotrichum.schimperi",NA,"MWC","N","20090615"
"10H","1st","","rhinacanthus.ndorensis",NA,"MWC","N","20090615"
"10H","1st","","rhynchosia.holstii",NA,"MWC","N","20090615"
"10H","1st","","schkuhria.pinnata",NA,"MWC","N","20090615"
"10H","1st","","sida.2",NA,"MWC","N","20090615"
"10H","1st","","sida.cuneifolia",NA,"MWC","N","20090615"
"10H","1st","","solanum.incanum",NA,"MWC","N","20090615"
"10H","1st","","solanum.indicum",NA,"MWC","N","20090615"
"10H","1st","","tribulus.terrestris",NA,"MWC","N","20090615"
"10H","1st","","u",NA,"MWC","N","20090615"
"10H","1st","","w",NA,"MWC","N","20090615"
"10H","1st","","x_4",NA,"MWC","N","20090615"
"10H","1st","","x_5",NA,"MWC","N","20090615"
"10H","1st","","x_6",NA,"MWC","N","20090615"
"10H","1st","","x_7",NA,"MWC","N","20090615"
"10H","1st","","x_8",NA,"MWC","N","20090615"
"10F","1st","","bracharia.lacnantha",NA,"MWC","N","20090615"
"10F","1st","","lintonia.nutans",NA,"MWC","N","20090615"
"10F","1st","","pennisetum.mezianum",NA,"MWC","N","20090615"
"10F","1st","","pennisetum.straminium",NA,"MWC","N","20090615"
"10F","1st","","themeda.triandra",NA,"MWC","N","20090615"
"10F","1st","","bare",6,"MWC","N","20090615"
"10F","1st","","x_2",NA,"MWC","N","20090615"
"10F","1st","","aristida.kenyensis",NA,"MWC","N","20090615"
"10F","1st","","bothriochloa.insculpta",NA,"MWC","N","20090615"
"10F","1st","","bracharia.3",NA,"MWC","N","20090615"
"10F","1st","","bracharia.eruciformis",NA,"MWC","N","20090615"
"10F","1st","","chloris.sp",NA,"MWC","N","20090615"
"10F","1st","","cynodon.dactylon",NA,"MWC","N","20090615"
"10F","1st","","cynodon.plectostachyus",NA,"MWC","N","20090615"
"10F","1st","","cyperus...mariscus.spp",NA,"MWC","N","20090615"
"10F","1st","","digitaria.2",NA,"MWC","N","20090615"
"10F","1st","","digitaria.milanjiana",NA,"MWC","N","20090615"
"10F","1st","","dinebra.retroflexa",NA,"MWC","N","20090615"
"10F","1st","","eragrostis.tenuifolia",NA,"MWC","N","20090615"
"10F","1st","","harpachne.schimperi",NA,"MWC","N","20090615"
"10F","1st","","microchloa.kunthii",NA,"MWC","N","20090615"
"10F","1st","","panicum.astrosanguinum",NA,"MWC","N","20090615"
"10F","1st","","setaria.acromelaena..small.",NA,"MWC","N","20090615"
"10F","1st","","setaria.sphaecealata..big.",NA,"MWC","N","20090615"
"10F","1st","","sporobolus.pyramidalis",NA,"MWC","N","20090615"
"10F","1st","","tragus.berteronianus",NA,"MWC","N","20090615"
"10F","1st","","x_3",NA,"MWC","N","20090615"
"10F","1st","","acalypha.crenata",NA,"MWC","N","20090615"
"10F","1st","","aerva.lanata",NA,"MWC","N","20090615"
"10F","1st","","amaranthus.hibridus",NA,"MWC","N","20090615"
"10F","1st","","aspilia.pluriseta",NA,"MWC","N","20090615"
"10F","1st","","asterolinon.adoense..v.",NA,"MWC","N","20090615"
"10F","1st","","caralluma.acutangula",NA,"MWC","N","20090615"
"10F","1st","","chenopodium.opulifolium",NA,"MWC","N","20090615"
"10F","1st","","chenopodium.schraderianum",NA,"MWC","N","20090615"
"10F","1st","","commelina.spp",NA,"MWC","N","20090615"
"10F","1st","","commicarpus.pedunculosus",NA,"MWC","N","20090615"
"10F","1st","","conyza.sp",NA,"MWC","N","20090615"
"10F","1st","","corchorus.sp",NA,"MWC","N","20090615"
"10F","1st","","crotelaria.sp",NA,"MWC","N","20090615"
"10F","1st","","cyathula.orthacantha",NA,"MWC","N","20090615"
"10F","1st","","dyscoriste.radicans",NA,"MWC","N","20090615"
"10F","1st","","euphorbia.inaequilatera",NA,"MWC","N","20090615"
"10F","1st","","evolvulus.alsinoides",NA,"MWC","N","20090615"
"10F","1st","","fern",NA,"MWC","N","20090615"
"10F","1st","","gutenbergia.sp",NA,"MWC","N","20090615"
"10F","1st","","hermannia.uhligii",NA,"MWC","N","20090615"
"10F","1st","","hibiscus.flavifolius",NA,"MWC","N","20090615"
"10F","1st","","hibiscus.trionum",NA,"MWC","N","20090615"
"10F","1st","","indigofera.brevicalyx",NA,"MWC","N","20090615"
"10F","1st","","indigofera.schimperi",NA,"MWC","N","20090615"
"10F","1st","","ipomea.sinensis",NA,"MWC","N","20090615"
"10F","1st","","justicia.dichipteroides",NA,"MWC","N","20090615"
"10F","1st","","k",NA,"MWC","N","20090615"
"10F","1st","","kyllinga.sp",NA,"MWC","N","20090615"
"10F","1st","","leucas.glabrata",NA,"MWC","N","20090615"
"10F","1st","","leucas.martiniscensis",NA,"MWC","N","20090615"
"10F","1st","","lily.a",NA,"MWC","N","20090615"
"10F","1st","","lily.b",NA,"MWC","N","20090615"
"10F","1st","","lippia.javanica",NA,"MWC","N","20090615"
"10F","1st","","melhania.spp.",NA,"MWC","N","20090615"
"10F","1st","","misopates.orontium",NA,"MWC","N","20090615"
"10F","1st","","mollugo.nudicaulis",NA,"MWC","N","20090615"
"10F","1st","","monechima.debile",NA,"MWC","N","20090615"
"10F","1st","","monsonia.augustifolia",NA,"MWC","N","20090615"
"10F","1st","","ocimum.sp",NA,"MWC","N","20090615"
"10F","1st","","osteospermum.vaillantii",NA,"MWC","N","20090615"
"10F","1st","","oxygonum.sinuatum",NA,"MWC","N","20090615"
"10F","1st","","pavonia.patens",NA,"MWC","N","20090615"
"10F","1st","","pelargonium.alchemilloides",NA,"MWC","N","20090615"
"10F","1st","","pentanisia.ouranogyne",NA,"MWC","N","20090615"
"10F","1st","","phyllanthus.maderaspatensis",NA,"MWC","N","20090615"
"10F","1st","","plectranthus.spp",NA,"MWC","N","20090615"
"10F","1st","","pollichia.campestris",NA,"MWC","N","20090615"
"10F","1st","","polygala..l.",NA,"MWC","N","20090615"
"10F","1st","","polygala.sphenoptera",NA,"MWC","N","20090615"
"10F","1st","","portulaca.oleracea",NA,"MWC","N","20090615"
"10F","1st","","portulaca.quadrifida",NA,"MWC","N","20090615"
"10F","1st","","pseudognaphalium..helichrysum.glumaceum.",NA,"MWC","N","20090615"
"10F","1st","","psilotrichum.schimperi",NA,"MWC","N","20090615"
"10F","1st","","rhinacanthus.ndorensis",NA,"MWC","N","20090615"
"10F","1st","","rhynchosia.holstii",NA,"MWC","N","20090615"
"10F","1st","","schkuhria.pinnata",NA,"MWC","N","20090615"
"10F","1st","","sida.2",NA,"MWC","N","20090615"
"10F","1st","","sida.cuneifolia",NA,"MWC","N","20090615"
"10F","1st","","solanum.incanum",NA,"MWC","N","20090615"
"10F","1st","","solanum.indicum",NA,"MWC","N","20090615"
"10F","1st","","tribulus.terrestris",NA,"MWC","N","20090615"
"10F","1st","","u",NA,"MWC","N","20090615"
"10F","1st","","w",NA,"MWC","N","20090615"
"10F","1st","","x_4",NA,"MWC","N","20090615"
"10F","1st","","x_5",NA,"MWC","N","20090615"
"10F","1st","","x_6",NA,"MWC","N","20090615"
"10F","1st","","x_7",NA,"MWC","N","20090615"
"10F","1st","","x_8",NA,"MWC","N","20090615"
"10D","1st","","bracharia.lacnantha",NA,"MWC","N","20090615"
"10D","1st","","lintonia.nutans",NA,"MWC","N","20090615"
"10D","1st","","pennisetum.mezianum",NA,"MWC","N","20090615"
"10D","1st","","pennisetum.straminium",NA,"MWC","N","20090615"
"10D","1st","","themeda.triandra",NA,"MWC","N","20090615"
"10D","1st","","bare",5,"MWC","N","20090615"
"10D","1st","","x_2",NA,"MWC","N","20090615"
"10D","1st","","aristida.kenyensis",NA,"MWC","N","20090615"
"10D","1st","","bothriochloa.insculpta",NA,"MWC","N","20090615"
"10D","1st","","bracharia.3",NA,"MWC","N","20090615"
"10D","1st","","bracharia.eruciformis",NA,"MWC","N","20090615"
"10D","1st","","chloris.sp",NA,"MWC","N","20090615"
"10D","1st","","cynodon.dactylon",NA,"MWC","N","20090615"
"10D","1st","","cynodon.plectostachyus",NA,"MWC","N","20090615"
"10D","1st","","cyperus...mariscus.spp",NA,"MWC","N","20090615"
"10D","1st","","digitaria.2",NA,"MWC","N","20090615"
"10D","1st","","digitaria.milanjiana",NA,"MWC","N","20090615"
"10D","1st","","dinebra.retroflexa",NA,"MWC","N","20090615"
"10D","1st","","eragrostis.tenuifolia",NA,"MWC","N","20090615"
"10D","1st","","harpachne.schimperi",NA,"MWC","N","20090615"
"10D","1st","","microchloa.kunthii",NA,"MWC","N","20090615"
"10D","1st","","panicum.astrosanguinum",NA,"MWC","N","20090615"
"10D","1st","","setaria.acromelaena..small.",NA,"MWC","N","20090615"
"10D","1st","","setaria.sphaecealata..big.",NA,"MWC","N","20090615"
"10D","1st","","sporobolus.pyramidalis",NA,"MWC","N","20090615"
"10D","1st","","tragus.berteronianus",NA,"MWC","N","20090615"
"10D","1st","","x_3",NA,"MWC","N","20090615"
"10D","1st","","acalypha.crenata",NA,"MWC","N","20090615"
"10D","1st","","aerva.lanata",NA,"MWC","N","20090615"
"10D","1st","","amaranthus.hibridus",NA,"MWC","N","20090615"
"10D","1st","","aspilia.pluriseta",NA,"MWC","N","20090615"
"10D","1st","","asterolinon.adoense..v.",NA,"MWC","N","20090615"
"10D","1st","","caralluma.acutangula",NA,"MWC","N","20090615"
"10D","1st","","chenopodium.opulifolium",NA,"MWC","N","20090615"
"10D","1st","","chenopodium.schraderianum",NA,"MWC","N","20090615"
"10D","1st","","commelina.spp",NA,"MWC","N","20090615"
"10D","1st","","commicarpus.pedunculosus",NA,"MWC","N","20090615"
"10D","1st","","conyza.sp",NA,"MWC","N","20090615"
"10D","1st","","corchorus.sp",NA,"MWC","N","20090615"
"10D","1st","","crotelaria.sp",NA,"MWC","N","20090615"
"10D","1st","","cyathula.orthacantha",NA,"MWC","N","20090615"
"10D","1st","","dyscoriste.radicans",NA,"MWC","N","20090615"
"10D","1st","","euphorbia.inaequilatera",NA,"MWC","N","20090615"
"10D","1st","","evolvulus.alsinoides",NA,"MWC","N","20090615"
"10D","1st","","fern",NA,"MWC","N","20090615"
"10D","1st","","gutenbergia.sp",NA,"MWC","N","20090615"
"10D","1st","","hermannia.uhligii",NA,"MWC","N","20090615"
"10D","1st","","hibiscus.flavifolius",NA,"MWC","N","20090615"
"10D","1st","","hibiscus.trionum",NA,"MWC","N","20090615"
"10D","1st","","indigofera.brevicalyx",NA,"MWC","N","20090615"
"10D","1st","","indigofera.schimperi",NA,"MWC","N","20090615"
"10D","1st","","ipomea.sinensis",NA,"MWC","N","20090615"
"10D","1st","","justicia.dichipteroides",NA,"MWC","N","20090615"
"10D","1st","","k",NA,"MWC","N","20090615"
"10D","1st","","kyllinga.sp",NA,"MWC","N","20090615"
"10D","1st","","leucas.glabrata",NA,"MWC","N","20090615"
"10D","1st","","leucas.martiniscensis",NA,"MWC","N","20090615"
"10D","1st","","lily.a",NA,"MWC","N","20090615"
"10D","1st","","lily.b",NA,"MWC","N","20090615"
"10D","1st","","lippia.javanica",NA,"MWC","N","20090615"
"10D","1st","","melhania.spp.",NA,"MWC","N","20090615"
"10D","1st","","misopates.orontium",NA,"MWC","N","20090615"
"10D","1st","","mollugo.nudicaulis",NA,"MWC","N","20090615"
"10D","1st","","monechima.debile",NA,"MWC","N","20090615"
"10D","1st","","monsonia.augustifolia",NA,"MWC","N","20090615"
"10D","1st","","ocimum.sp",NA,"MWC","N","20090615"
"10D","1st","","osteospermum.vaillantii",NA,"MWC","N","20090615"
"10D","1st","","oxygonum.sinuatum",NA,"MWC","N","20090615"
"10D","1st","","pavonia.patens",NA,"MWC","N","20090615"
"10D","1st","","pelargonium.alchemilloides",NA,"MWC","N","20090615"
"10D","1st","","pentanisia.ouranogyne",NA,"MWC","N","20090615"
"10D","1st","","phyllanthus.maderaspatensis",NA,"MWC","N","20090615"
"10D","1st","","plectranthus.spp",NA,"MWC","N","20090615"
"10D","1st","","pollichia.campestris",NA,"MWC","N","20090615"
"10D","1st","","polygala..l.",NA,"MWC","N","20090615"
"10D","1st","","polygala.sphenoptera",NA,"MWC","N","20090615"
"10D","1st","","portulaca.oleracea",NA,"MWC","N","20090615"
"10D","1st","","portulaca.quadrifida",NA,"MWC","N","20090615"
"10D","1st","","pseudognaphalium..helichrysum.glumaceum.",NA,"MWC","N","20090615"
"10D","1st","","psilotrichum.schimperi",NA,"MWC","N","20090615"
"10D","1st","","rhinacanthus.ndorensis",NA,"MWC","N","20090615"
"10D","1st","","rhynchosia.holstii",NA,"MWC","N","20090615"
"10D","1st","","schkuhria.pinnata",NA,"MWC","N","20090615"
"10D","1st","","sida.2",NA,"MWC","N","20090615"
"10D","1st","","sida.cuneifolia",NA,"MWC","N","20090615"
"10D","1st","","solanum.incanum",NA,"MWC","N","20090615"
"10D","1st","","solanum.indicum",NA,"MWC","N","20090615"
"10D","1st","","tribulus.terrestris",NA,"MWC","N","20090615"
"10D","1st","","u",NA,"MWC","N","20090615"
"10D","1st","","w",NA,"MWC","N","20090615"
"10D","1st","","x_4",NA,"MWC","N","20090615"
"10D","1st","","x_5",NA,"MWC","N","20090615"
"10D","1st","","x_6",NA,"MWC","N","20090615"
"10D","1st","","x_7",NA,"MWC","N","20090615"
"10D","1st","","x_8",NA,"MWC","N","20090615"
"10B","1st","","bracharia.lacnantha",NA,"MWC","N","20090615"
"10B","1st","","lintonia.nutans",NA,"MWC","N","20090615"
"10B","1st","","pennisetum.mezianum",NA,"MWC","N","20090615"
"10B","1st","","pennisetum.straminium",NA,"MWC","N","20090615"
"10B","1st","","themeda.triandra",NA,"MWC","N","20090615"
"10B","1st","","bare",6,"MWC","N","20090615"
"10B","1st","","x_2",NA,"MWC","N","20090615"
"10B","1st","","aristida.kenyensis",NA,"MWC","N","20090615"
"10B","1st","","bothriochloa.insculpta",NA,"MWC","N","20090615"
"10B","1st","","bracharia.3",NA,"MWC","N","20090615"
"10B","1st","","bracharia.eruciformis",NA,"MWC","N","20090615"
"10B","1st","","chloris.sp",NA,"MWC","N","20090615"
"10B","1st","","cynodon.dactylon",NA,"MWC","N","20090615"
"10B","1st","","cynodon.plectostachyus",NA,"MWC","N","20090615"
"10B","1st","","cyperus...mariscus.spp",NA,"MWC","N","20090615"
"10B","1st","","digitaria.2",NA,"MWC","N","20090615"
"10B","1st","","digitaria.milanjiana",NA,"MWC","N","20090615"
"10B","1st","","dinebra.retroflexa",NA,"MWC","N","20090615"
"10B","1st","","eragrostis.tenuifolia",NA,"MWC","N","20090615"
"10B","1st","","harpachne.schimperi",NA,"MWC","N","20090615"
"10B","1st","","microchloa.kunthii",NA,"MWC","N","20090615"
"10B","1st","","panicum.astrosanguinum",NA,"MWC","N","20090615"
"10B","1st","","setaria.acromelaena..small.",NA,"MWC","N","20090615"
"10B","1st","","setaria.sphaecealata..big.",NA,"MWC","N","20090615"
"10B","1st","","sporobolus.pyramidalis",NA,"MWC","N","20090615"
"10B","1st","","tragus.berteronianus",NA,"MWC","N","20090615"
"10B","1st","","x_3",NA,"MWC","N","20090615"
"10B","1st","","acalypha.crenata",NA,"MWC","N","20090615"
"10B","1st","","aerva.lanata",NA,"MWC","N","20090615"
"10B","1st","","amaranthus.hibridus",NA,"MWC","N","20090615"
"10B","1st","","aspilia.pluriseta",NA,"MWC","N","20090615"
"10B","1st","","asterolinon.adoense..v.",NA,"MWC","N","20090615"
"10B","1st","","caralluma.acutangula",NA,"MWC","N","20090615"
"10B","1st","","chenopodium.opulifolium",NA,"MWC","N","20090615"
"10B","1st","","chenopodium.schraderianum",NA,"MWC","N","20090615"
"10B","1st","","commelina.spp",NA,"MWC","N","20090615"
"10B","1st","","commicarpus.pedunculosus",NA,"MWC","N","20090615"
"10B","1st","","conyza.sp",NA,"MWC","N","20090615"
"10B","1st","","corchorus.sp",NA,"MWC","N","20090615"
"10B","1st","","crotelaria.sp",NA,"MWC","N","20090615"
"10B","1st","","cyathula.orthacantha",NA,"MWC","N","20090615"
"10B","1st","","dyscoriste.radicans",NA,"MWC","N","20090615"
"10B","1st","","euphorbia.inaequilatera",NA,"MWC","N","20090615"
"10B","1st","","evolvulus.alsinoides",NA,"MWC","N","20090615"
"10B","1st","","fern",NA,"MWC","N","20090615"
"10B","1st","","gutenbergia.sp",NA,"MWC","N","20090615"
"10B","1st","","hermannia.uhligii",NA,"MWC","N","20090615"
"10B","1st","","hibiscus.flavifolius",NA,"MWC","N","20090615"
"10B","1st","","hibiscus.trionum",NA,"MWC","N","20090615"
"10B","1st","","indigofera.brevicalyx",NA,"MWC","N","20090615"
"10B","1st","","indigofera.schimperi",NA,"MWC","N","20090615"
"10B","1st","","ipomea.sinensis",NA,"MWC","N","20090615"
"10B","1st","","justicia.dichipteroides",NA,"MWC","N","20090615"
"10B","1st","","k",NA,"MWC","N","20090615"
"10B","1st","","kyllinga.sp",NA,"MWC","N","20090615"
"10B","1st","","leucas.glabrata",NA,"MWC","N","20090615"
"10B","1st","","leucas.martiniscensis",NA,"MWC","N","20090615"
"10B","1st","","lily.a",NA,"MWC","N","20090615"
"10B","1st","","lily.b",NA,"MWC","N","20090615"
"10B","1st","","lippia.javanica",NA,"MWC","N","20090615"
"10B","1st","","melhania.spp.",NA,"MWC","N","20090615"
"10B","1st","","misopates.orontium",NA,"MWC","N","20090615"
"10B","1st","","mollugo.nudicaulis",NA,"MWC","N","20090615"
"10B","1st","","monechima.debile",NA,"MWC","N","20090615"
"10B","1st","","monsonia.augustifolia",NA,"MWC","N","20090615"
"10B","1st","","ocimum.sp",NA,"MWC","N","20090615"
"10B","1st","","osteospermum.vaillantii",NA,"MWC","N","20090615"
"10B","1st","","oxygonum.sinuatum",NA,"MWC","N","20090615"
"10B","1st","","pavonia.patens",NA,"MWC","N","20090615"
"10B","1st","","pelargonium.alchemilloides",NA,"MWC","N","20090615"
"10B","1st","","pentanisia.ouranogyne",NA,"MWC","N","20090615"
"10B","1st","","phyllanthus.maderaspatensis",NA,"MWC","N","20090615"
"10B","1st","","plectranthus.spp",NA,"MWC","N","20090615"
"10B","1st","","pollichia.campestris",NA,"MWC","N","20090615"
"10B","1st","","polygala..l.",NA,"MWC","N","20090615"
"10B","1st","","polygala.sphenoptera",NA,"MWC","N","20090615"
"10B","1st","","portulaca.oleracea",NA,"MWC","N","20090615"
"10B","1st","","portulaca.quadrifida",NA,"MWC","N","20090615"
"10B","1st","","pseudognaphalium..helichrysum.glumaceum.",NA,"MWC","N","20090615"
"10B","1st","","psilotrichum.schimperi",NA,"MWC","N","20090615"
"10B","1st","","rhinacanthus.ndorensis",NA,"MWC","N","20090615"
"10B","1st","","rhynchosia.holstii",NA,"MWC","N","20090615"
"10B","1st","","schkuhria.pinnata",NA,"MWC","N","20090615"
"10B","1st","","sida.2",NA,"MWC","N","20090615"
"10B","1st","","sida.cuneifolia",NA,"MWC","N","20090615"
"10B","1st","","solanum.incanum",NA,"MWC","N","20090615"
"10B","1st","","solanum.indicum",NA,"MWC","N","20090615"
"10B","1st","","tribulus.terrestris",NA,"MWC","N","20090615"
"10B","1st","","u",NA,"MWC","N","20090615"
"10B","1st","","w",NA,"MWC","N","20090615"
"10B","1st","","x_4",NA,"MWC","N","20090615"
"10B","1st","","x_5",NA,"MWC","N","20090615"
"10B","1st","","x_6",NA,"MWC","N","20090615"
"10B","1st","","x_7",NA,"MWC","N","20090615"
"10B","1st","","x_8",NA,"MWC","N","20090615"
"1A","1st","","bracharia.lacnantha",NA,"O","N","20090617"
"1A","1st","","lintonia.nutans",NA,"O","N","20090617"
"1A","1st","","pennisetum.mezianum",NA,"O","N","20090617"
"1A","1st","","pennisetum.straminium",NA,"O","N","20090617"
"1A","1st","","themeda.triandra",NA,"O","N","20090617"
"1A","1st","","bare",NA,"O","N","20090617"
"1A","1st","","x_2",NA,"O","N","20090617"
"1A","1st","","aristida.kenyensis",NA,"O","N","20090617"
"1A","1st","","bothriochloa.insculpta",NA,"O","N","20090617"
"1A","1st","","bracharia.3",NA,"O","N","20090617"
"1A","1st","","bracharia.eruciformis",NA,"O","N","20090617"
"1A","1st","","chloris.sp",NA,"O","N","20090617"
"1A","1st","","cynodon.dactylon",NA,"O","N","20090617"
"1A","1st","","cynodon.plectostachyus",NA,"O","N","20090617"
"1A","1st","","cyperus...mariscus.spp",NA,"O","N","20090617"
"1A","1st","","digitaria.2",NA,"O","N","20090617"
"1A","1st","","digitaria.milanjiana",NA,"O","N","20090617"
"1A","1st","","dinebra.retroflexa",NA,"O","N","20090617"
"1A","1st","","eragrostis.tenuifolia",NA,"O","N","20090617"
"1A","1st","","harpachne.schimperi",NA,"O","N","20090617"
"1A","1st","","microchloa.kunthii",NA,"O","N","20090617"
"1A","1st","","panicum.astrosanguinum",NA,"O","N","20090617"
"1A","1st","","setaria.acromelaena..small.",NA,"O","N","20090617"
"1A","1st","","setaria.sphaecealata..big.",NA,"O","N","20090617"
"1A","1st","","sporobolus.pyramidalis",NA,"O","N","20090617"
"1A","1st","","tragus.berteronianus",NA,"O","N","20090617"
"1A","1st","","x_3",NA,"O","N","20090617"
"1A","1st","","acalypha.crenata",NA,"O","N","20090617"
"1A","1st","","aerva.lanata",NA,"O","N","20090617"
"1A","1st","","amaranthus.hibridus",NA,"O","N","20090617"
"1A","1st","","aspilia.pluriseta",NA,"O","N","20090617"
"1A","1st","","asterolinon.adoense..v.",NA,"O","N","20090617"
"1A","1st","","caralluma.acutangula",NA,"O","N","20090617"
"1A","1st","","chenopodium.opulifolium",NA,"O","N","20090617"
"1A","1st","","chenopodium.schraderianum",NA,"O","N","20090617"
"1A","1st","","commelina.spp",NA,"O","N","20090617"
"1A","1st","","commicarpus.pedunculosus",NA,"O","N","20090617"
"1A","1st","","conyza.sp",NA,"O","N","20090617"
"1A","1st","","corchorus.sp",NA,"O","N","20090617"
"1A","1st","","crotelaria.sp",NA,"O","N","20090617"
"1A","1st","","cyathula.orthacantha",NA,"O","N","20090617"
"1A","1st","","dyscoriste.radicans",NA,"O","N","20090617"
"1A","1st","","euphorbia.inaequilatera",NA,"O","N","20090617"
"1A","1st","","evolvulus.alsinoides",NA,"O","N","20090617"
"1A","1st","","fern",NA,"O","N","20090617"
"1A","1st","","gutenbergia.sp",NA,"O","N","20090617"
"1A","1st","","hermannia.uhligii",NA,"O","N","20090617"
"1A","1st","","hibiscus.flavifolius",NA,"O","N","20090617"
"1A","1st","","hibiscus.trionum",NA,"O","N","20090617"
"1A","1st","","indigofera.brevicalyx",NA,"O","N","20090617"
"1A","1st","","indigofera.schimperi",NA,"O","N","20090617"
"1A","1st","","ipomea.sinensis",NA,"O","N","20090617"
"1A","1st","","justicia.dichipteroides",NA,"O","N","20090617"
"1A","1st","","k",NA,"O","N","20090617"
"1A","1st","","kyllinga.sp",NA,"O","N","20090617"
"1A","1st","","leucas.glabrata",NA,"O","N","20090617"
"1A","1st","","leucas.martiniscensis",NA,"O","N","20090617"
"1A","1st","","lily.a",1,"O","N","20090617"
"1A","1st","","lily.b",NA,"O","N","20090617"
"1A","1st","","lippia.javanica",NA,"O","N","20090617"
"1A","1st","","melhania.spp.",NA,"O","N","20090617"
"1A","1st","","misopates.orontium",NA,"O","N","20090617"
"1A","1st","","mollugo.nudicaulis",NA,"O","N","20090617"
"1A","1st","","monechima.debile",1,"O","N","20090617"
"1A","1st","","monsonia.augustifolia",NA,"O","N","20090617"
"1A","1st","","ocimum.sp",NA,"O","N","20090617"
"1A","1st","","osteospermum.vaillantii",NA,"O","N","20090617"
"1A","1st","","oxygonum.sinuatum",NA,"O","N","20090617"
"1A","1st","","pavonia.patens",NA,"O","N","20090617"
"1A","1st","","pelargonium.alchemilloides",NA,"O","N","20090617"
"1A","1st","","pentanisia.ouranogyne",NA,"O","N","20090617"
"1A","1st","","phyllanthus.maderaspatensis",NA,"O","N","20090617"
"1A","1st","","plectranthus.spp",NA,"O","N","20090617"
"1A","1st","","pollichia.campestris",NA,"O","N","20090617"
"1A","1st","","polygala..l.",NA,"O","N","20090617"
"1A","1st","","polygala.sphenoptera",NA,"O","N","20090617"
"1A","1st","","portulaca.oleracea",NA,"O","N","20090617"
"1A","1st","","portulaca.quadrifida",NA,"O","N","20090617"
"1A","1st","","pseudognaphalium..helichrysum.glumaceum.",NA,"O","N","20090617"
"1A","1st","","psilotrichum.schimperi",NA,"O","N","20090617"
"1A","1st","","rhinacanthus.ndorensis",NA,"O","N","20090617"
"1A","1st","","rhynchosia.holstii",NA,"O","N","20090617"
"1A","1st","","schkuhria.pinnata",NA,"O","N","20090617"
"1A","1st","","sida.2",NA,"O","N","20090617"
"1A","1st","","sida.cuneifolia",NA,"O","N","20090617"
"1A","1st","","solanum.incanum",NA,"O","N","20090617"
"1A","1st","","solanum.indicum",NA,"O","N","20090617"
"1A","1st","","tribulus.terrestris",NA,"O","N","20090617"
"1A","1st","","u",NA,"O","N","20090617"
"1A","1st","","w",NA,"O","N","20090617"
"1A","1st","","x_4",NA,"O","N","20090617"
"1A","1st","","x_5",NA,"O","N","20090617"
"1A","1st","","x_6",NA,"O","N","20090617"
"1A","1st","","x_7",NA,"O","N","20090617"
"1A","1st","","x_8",NA,"O","N","20090617"
"1C","1st","","bracharia.lacnantha",NA,"O","N","20090617"
"1C","1st","","lintonia.nutans",NA,"O","N","20090617"
"1C","1st","","pennisetum.mezianum",NA,"O","N","20090617"
"1C","1st","","pennisetum.straminium",NA,"O","N","20090617"
"1C","1st","","themeda.triandra",NA,"O","N","20090617"
"1C","1st","","bare",1,"O","N","20090617"
"1C","1st","","x_2",NA,"O","N","20090617"
"1C","1st","","aristida.kenyensis",NA,"O","N","20090617"
"1C","1st","","bothriochloa.insculpta",NA,"O","N","20090617"
"1C","1st","","bracharia.3",NA,"O","N","20090617"
"1C","1st","","bracharia.eruciformis",NA,"O","N","20090617"
"1C","1st","","chloris.sp",NA,"O","N","20090617"
"1C","1st","","cynodon.dactylon",NA,"O","N","20090617"
"1C","1st","","cynodon.plectostachyus",NA,"O","N","20090617"
"1C","1st","","cyperus...mariscus.spp",NA,"O","N","20090617"
"1C","1st","","digitaria.2",NA,"O","N","20090617"
"1C","1st","","digitaria.milanjiana",NA,"O","N","20090617"
"1C","1st","","dinebra.retroflexa",NA,"O","N","20090617"
"1C","1st","","eragrostis.tenuifolia",NA,"O","N","20090617"
"1C","1st","","harpachne.schimperi",NA,"O","N","20090617"
"1C","1st","","microchloa.kunthii",NA,"O","N","20090617"
"1C","1st","","panicum.astrosanguinum",NA,"O","N","20090617"
"1C","1st","","setaria.acromelaena..small.",NA,"O","N","20090617"
"1C","1st","","setaria.sphaecealata..big.",NA,"O","N","20090617"
"1C","1st","","sporobolus.pyramidalis",NA,"O","N","20090617"
"1C","1st","","tragus.berteronianus",NA,"O","N","20090617"
"1C","1st","","x_3",NA,"O","N","20090617"
"1C","1st","","acalypha.crenata",NA,"O","N","20090617"
"1C","1st","","aerva.lanata",NA,"O","N","20090617"
"1C","1st","","amaranthus.hibridus",NA,"O","N","20090617"
"1C","1st","","aspilia.pluriseta",NA,"O","N","20090617"
"1C","1st","","asterolinon.adoense..v.",NA,"O","N","20090617"
"1C","1st","","caralluma.acutangula",NA,"O","N","20090617"
"1C","1st","","chenopodium.opulifolium",NA,"O","N","20090617"
"1C","1st","","chenopodium.schraderianum",NA,"O","N","20090617"
"1C","1st","","commelina.spp",NA,"O","N","20090617"
"1C","1st","","commicarpus.pedunculosus",NA,"O","N","20090617"
"1C","1st","","conyza.sp",NA,"O","N","20090617"
"1C","1st","","corchorus.sp",NA,"O","N","20090617"
"1C","1st","","crotelaria.sp",NA,"O","N","20090617"
"1C","1st","","cyathula.orthacantha",NA,"O","N","20090617"
"1C","1st","","dyscoriste.radicans",NA,"O","N","20090617"
"1C","1st","","euphorbia.inaequilatera",NA,"O","N","20090617"
"1C","1st","","evolvulus.alsinoides",NA,"O","N","20090617"
"1C","1st","","fern",NA,"O","N","20090617"
"1C","1st","","gutenbergia.sp",NA,"O","N","20090617"
"1C","1st","","hermannia.uhligii",NA,"O","N","20090617"
"1C","1st","","hibiscus.flavifolius",NA,"O","N","20090617"
"1C","1st","","hibiscus.trionum",NA,"O","N","20090617"
"1C","1st","","indigofera.brevicalyx",NA,"O","N","20090617"
"1C","1st","","indigofera.schimperi",NA,"O","N","20090617"
"1C","1st","","ipomea.sinensis",NA,"O","N","20090617"
"1C","1st","","justicia.dichipteroides",NA,"O","N","20090617"
"1C","1st","","k",NA,"O","N","20090617"
"1C","1st","","kyllinga.sp",NA,"O","N","20090617"
"1C","1st","","leucas.glabrata",NA,"O","N","20090617"
"1C","1st","","leucas.martiniscensis",NA,"O","N","20090617"
"1C","1st","","lily.a",NA,"O","N","20090617"
"1C","1st","","lily.b",NA,"O","N","20090617"
"1C","1st","","lippia.javanica",NA,"O","N","20090617"
"1C","1st","","melhania.spp.",NA,"O","N","20090617"
"1C","1st","","misopates.orontium",NA,"O","N","20090617"
"1C","1st","","mollugo.nudicaulis",NA,"O","N","20090617"
"1C","1st","","monechima.debile",NA,"O","N","20090617"
"1C","1st","","monsonia.augustifolia",NA,"O","N","20090617"
"1C","1st","","ocimum.sp",NA,"O","N","20090617"
"1C","1st","","osteospermum.vaillantii",NA,"O","N","20090617"
"1C","1st","","oxygonum.sinuatum",NA,"O","N","20090617"
"1C","1st","","pavonia.patens",NA,"O","N","20090617"
"1C","1st","","pelargonium.alchemilloides",NA,"O","N","20090617"
"1C","1st","","pentanisia.ouranogyne",NA,"O","N","20090617"
"1C","1st","","phyllanthus.maderaspatensis",NA,"O","N","20090617"
"1C","1st","","plectranthus.spp",NA,"O","N","20090617"
"1C","1st","","pollichia.campestris",NA,"O","N","20090617"
"1C","1st","","polygala..l.",NA,"O","N","20090617"
"1C","1st","","polygala.sphenoptera",NA,"O","N","20090617"
"1C","1st","","portulaca.oleracea",NA,"O","N","20090617"
"1C","1st","","portulaca.quadrifida",NA,"O","N","20090617"
"1C","1st","","pseudognaphalium..helichrysum.glumaceum.",NA,"O","N","20090617"
"1C","1st","","psilotrichum.schimperi",NA,"O","N","20090617"
"1C","1st","","rhinacanthus.ndorensis",NA,"O","N","20090617"
"1C","1st","","rhynchosia.holstii",NA,"O","N","20090617"
"1C","1st","","schkuhria.pinnata",NA,"O","N","20090617"
"1C","1st","","sida.2",NA,"O","N","20090617"
"1C","1st","","sida.cuneifolia",NA,"O","N","20090617"
"1C","1st","","solanum.incanum",NA,"O","N","20090617"
"1C","1st","","solanum.indicum",NA,"O","N","20090617"
"1C","1st","","tribulus.terrestris",NA,"O","N","20090617"
"1C","1st","","u",NA,"O","N","20090617"
"1C","1st","","w",NA,"O","N","20090617"
"1C","1st","","x_4",NA,"O","N","20090617"
"1C","1st","","x_5",NA,"O","N","20090617"
"1C","1st","","x_6",NA,"O","N","20090617"
"1C","1st","","x_7",NA,"O","N","20090617"
"1C","1st","","x_8",NA,"O","N","20090617"
"1E","1st","","bracharia.lacnantha",NA,"O","N","20090617"
"1E","1st","","lintonia.nutans",NA,"O","N","20090617"
"1E","1st","","pennisetum.mezianum",NA,"O","N","20090617"
"1E","1st","","pennisetum.straminium",NA,"O","N","20090617"
"1E","1st","","themeda.triandra",NA,"O","N","20090617"
"1E","1st","","bare",5,"O","N","20090617"
"1E","1st","","x_2",NA,"O","N","20090617"
"1E","1st","","aristida.kenyensis",NA,"O","N","20090617"
"1E","1st","","bothriochloa.insculpta",NA,"O","N","20090617"
"1E","1st","","bracharia.3",NA,"O","N","20090617"
"1E","1st","","bracharia.eruciformis",NA,"O","N","20090617"
"1E","1st","","chloris.sp",NA,"O","N","20090617"
"1E","1st","","cynodon.dactylon",NA,"O","N","20090617"
"1E","1st","","cynodon.plectostachyus",NA,"O","N","20090617"
"1E","1st","","cyperus...mariscus.spp",NA,"O","N","20090617"
"1E","1st","","digitaria.2",NA,"O","N","20090617"
"1E","1st","","digitaria.milanjiana",NA,"O","N","20090617"
"1E","1st","","dinebra.retroflexa",NA,"O","N","20090617"
"1E","1st","","eragrostis.tenuifolia",NA,"O","N","20090617"
"1E","1st","","harpachne.schimperi",NA,"O","N","20090617"
"1E","1st","","microchloa.kunthii",NA,"O","N","20090617"
"1E","1st","","panicum.astrosanguinum",NA,"O","N","20090617"
"1E","1st","","setaria.acromelaena..small.",NA,"O","N","20090617"
"1E","1st","","setaria.sphaecealata..big.",NA,"O","N","20090617"
"1E","1st","","sporobolus.pyramidalis",NA,"O","N","20090617"
"1E","1st","","tragus.berteronianus",NA,"O","N","20090617"
"1E","1st","","x_3",NA,"O","N","20090617"
"1E","1st","","acalypha.crenata",NA,"O","N","20090617"
"1E","1st","","aerva.lanata",NA,"O","N","20090617"
"1E","1st","","amaranthus.hibridus",NA,"O","N","20090617"
"1E","1st","","aspilia.pluriseta",NA,"O","N","20090617"
"1E","1st","","asterolinon.adoense..v.",NA,"O","N","20090617"
"1E","1st","","caralluma.acutangula",NA,"O","N","20090617"
"1E","1st","","chenopodium.opulifolium",NA,"O","N","20090617"
"1E","1st","","chenopodium.schraderianum",NA,"O","N","20090617"
"1E","1st","","commelina.spp",NA,"O","N","20090617"
"1E","1st","","commicarpus.pedunculosus",NA,"O","N","20090617"
"1E","1st","","conyza.sp",NA,"O","N","20090617"
"1E","1st","","corchorus.sp",NA,"O","N","20090617"
"1E","1st","","crotelaria.sp",NA,"O","N","20090617"
"1E","1st","","cyathula.orthacantha",NA,"O","N","20090617"
"1E","1st","","dyscoriste.radicans",NA,"O","N","20090617"
"1E","1st","","euphorbia.inaequilatera",NA,"O","N","20090617"
"1E","1st","","evolvulus.alsinoides",NA,"O","N","20090617"
"1E","1st","","fern",NA,"O","N","20090617"
"1E","1st","","gutenbergia.sp",NA,"O","N","20090617"
"1E","1st","","hermannia.uhligii",NA,"O","N","20090617"
"1E","1st","","hibiscus.flavifolius",NA,"O","N","20090617"
"1E","1st","","hibiscus.trionum",NA,"O","N","20090617"
"1E","1st","","indigofera.brevicalyx",NA,"O","N","20090617"
"1E","1st","","indigofera.schimperi",NA,"O","N","20090617"
"1E","1st","","ipomea.sinensis",NA,"O","N","20090617"
"1E","1st","","justicia.dichipteroides",NA,"O","N","20090617"
"1E","1st","","k",NA,"O","N","20090617"
"1E","1st","","kyllinga.sp",NA,"O","N","20090617"
"1E","1st","","leucas.glabrata",NA,"O","N","20090617"
"1E","1st","","leucas.martiniscensis",NA,"O","N","20090617"
"1E","1st","","lily.a",NA,"O","N","20090617"
"1E","1st","","lily.b",NA,"O","N","20090617"
"1E","1st","","lippia.javanica",NA,"O","N","20090617"
"1E","1st","","melhania.spp.",NA,"O","N","20090617"
"1E","1st","","misopates.orontium",NA,"O","N","20090617"
"1E","1st","","mollugo.nudicaulis",NA,"O","N","20090617"
"1E","1st","","monechima.debile",NA,"O","N","20090617"
"1E","1st","","monsonia.augustifolia",NA,"O","N","20090617"
"1E","1st","","ocimum.sp",NA,"O","N","20090617"
"1E","1st","","osteospermum.vaillantii",NA,"O","N","20090617"
"1E","1st","","oxygonum.sinuatum",NA,"O","N","20090617"
"1E","1st","","pavonia.patens",NA,"O","N","20090617"
"1E","1st","","pelargonium.alchemilloides",NA,"O","N","20090617"
"1E","1st","","pentanisia.ouranogyne",NA,"O","N","20090617"
"1E","1st","","phyllanthus.maderaspatensis",NA,"O","N","20090617"
"1E","1st","","plectranthus.spp",NA,"O","N","20090617"
"1E","1st","","pollichia.campestris",NA,"O","N","20090617"
"1E","1st","","polygala..l.",NA,"O","N","20090617"
"1E","1st","","polygala.sphenoptera",NA,"O","N","20090617"
"1E","1st","","portulaca.oleracea",NA,"O","N","20090617"
"1E","1st","","portulaca.quadrifida",NA,"O","N","20090617"
"1E","1st","","pseudognaphalium..helichrysum.glumaceum.",NA,"O","N","20090617"
"1E","1st","","psilotrichum.schimperi",NA,"O","N","20090617"
"1E","1st","","rhinacanthus.ndorensis",NA,"O","N","20090617"
"1E","1st","","rhynchosia.holstii",NA,"O","N","20090617"
"1E","1st","","schkuhria.pinnata",NA,"O","N","20090617"
"1E","1st","","sida.2",NA,"O","N","20090617"
"1E","1st","","sida.cuneifolia",NA,"O","N","20090617"
"1E","1st","","solanum.incanum",NA,"O","N","20090617"
"1E","1st","","solanum.indicum",NA,"O","N","20090617"
"1E","1st","","tribulus.terrestris",NA,"O","N","20090617"
"1E","1st","","u",NA,"O","N","20090617"
"1E","1st","","w",NA,"O","N","20090617"
"1E","1st","","x_4",NA,"O","N","20090617"
"1E","1st","","x_5",NA,"O","N","20090617"
"1E","1st","","x_6",NA,"O","N","20090617"
"1E","1st","","x_7",NA,"O","N","20090617"
"1E","1st","","x_8",NA,"O","N","20090617"
"1G","1st","","bracharia.lacnantha",NA,"O","N","20090617"
"1G","1st","","lintonia.nutans",NA,"O","N","20090617"
"1G","1st","","pennisetum.mezianum",NA,"O","N","20090617"
"1G","1st","","pennisetum.straminium",NA,"O","N","20090617"
"1G","1st","","themeda.triandra",NA,"O","N","20090617"
"1G","1st","","bare",NA,"O","N","20090617"
"1G","1st","","x_2",NA,"O","N","20090617"
"1G","1st","","aristida.kenyensis",NA,"O","N","20090617"
"1G","1st","","bothriochloa.insculpta",NA,"O","N","20090617"
"1G","1st","","bracharia.3",NA,"O","N","20090617"
"1G","1st","","bracharia.eruciformis",NA,"O","N","20090617"
"1G","1st","","chloris.sp",NA,"O","N","20090617"
"1G","1st","","cynodon.dactylon",NA,"O","N","20090617"
"1G","1st","","cynodon.plectostachyus",NA,"O","N","20090617"
"1G","1st","","cyperus...mariscus.spp",NA,"O","N","20090617"
"1G","1st","","digitaria.2",NA,"O","N","20090617"
"1G","1st","","digitaria.milanjiana",NA,"O","N","20090617"
"1G","1st","","dinebra.retroflexa",NA,"O","N","20090617"
"1G","1st","","eragrostis.tenuifolia",NA,"O","N","20090617"
"1G","1st","","harpachne.schimperi",NA,"O","N","20090617"
"1G","1st","","microchloa.kunthii",NA,"O","N","20090617"
"1G","1st","","panicum.astrosanguinum",NA,"O","N","20090617"
"1G","1st","","setaria.acromelaena..small.",NA,"O","N","20090617"
"1G","1st","","setaria.sphaecealata..big.",NA,"O","N","20090617"
"1G","1st","","sporobolus.pyramidalis",NA,"O","N","20090617"
"1G","1st","","tragus.berteronianus",NA,"O","N","20090617"
"1G","1st","","x_3",NA,"O","N","20090617"
"1G","1st","","acalypha.crenata",NA,"O","N","20090617"
"1G","1st","","aerva.lanata",NA,"O","N","20090617"
"1G","1st","","amaranthus.hibridus",NA,"O","N","20090617"
"1G","1st","","aspilia.pluriseta",NA,"O","N","20090617"
"1G","1st","","asterolinon.adoense..v.",NA,"O","N","20090617"
"1G","1st","","caralluma.acutangula",NA,"O","N","20090617"
"1G","1st","","chenopodium.opulifolium",NA,"O","N","20090617"
"1G","1st","","chenopodium.schraderianum",NA,"O","N","20090617"
"1G","1st","","commelina.spp",NA,"O","N","20090617"
"1G","1st","","commicarpus.pedunculosus",NA,"O","N","20090617"
"1G","1st","","conyza.sp",NA,"O","N","20090617"
"1G","1st","","corchorus.sp",NA,"O","N","20090617"
"1G","1st","","crotelaria.sp",NA,"O","N","20090617"
"1G","1st","","cyathula.orthacantha",NA,"O","N","20090617"
"1G","1st","","dyscoriste.radicans",NA,"O","N","20090617"
"1G","1st","","euphorbia.inaequilatera",NA,"O","N","20090617"
"1G","1st","","evolvulus.alsinoides",NA,"O","N","20090617"
"1G","1st","","fern",NA,"O","N","20090617"
"1G","1st","","gutenbergia.sp",NA,"O","N","20090617"
"1G","1st","","hermannia.uhligii",NA,"O","N","20090617"
"1G","1st","","hibiscus.flavifolius",NA,"O","N","20090617"
"1G","1st","","hibiscus.trionum",NA,"O","N","20090617"
"1G","1st","","indigofera.brevicalyx",NA,"O","N","20090617"
"1G","1st","","indigofera.schimperi",NA,"O","N","20090617"
"1G","1st","","ipomea.sinensis",NA,"O","N","20090617"
"1G","1st","","justicia.dichipteroides",NA,"O","N","20090617"
"1G","1st","","k",NA,"O","N","20090617"
"1G","1st","","kyllinga.sp",NA,"O","N","20090617"
"1G","1st","","leucas.glabrata",NA,"O","N","20090617"
"1G","1st","","leucas.martiniscensis",NA,"O","N","20090617"
"1G","1st","","lily.a",NA,"O","N","20090617"
"1G","1st","","lily.b",NA,"O","N","20090617"
"1G","1st","","lippia.javanica",NA,"O","N","20090617"
"1G","1st","","melhania.spp.",NA,"O","N","20090617"
"1G","1st","","misopates.orontium",NA,"O","N","20090617"
"1G","1st","","mollugo.nudicaulis",NA,"O","N","20090617"
"1G","1st","","monechima.debile",NA,"O","N","20090617"
"1G","1st","","monsonia.augustifolia",NA,"O","N","20090617"
"1G","1st","","ocimum.sp",NA,"O","N","20090617"
"1G","1st","","osteospermum.vaillantii",NA,"O","N","20090617"
"1G","1st","","oxygonum.sinuatum",NA,"O","N","20090617"
"1G","1st","","pavonia.patens",NA,"O","N","20090617"
"1G","1st","","pelargonium.alchemilloides",NA,"O","N","20090617"
"1G","1st","","pentanisia.ouranogyne",NA,"O","N","20090617"
"1G","1st","","phyllanthus.maderaspatensis",NA,"O","N","20090617"
"1G","1st","","plectranthus.spp",NA,"O","N","20090617"
"1G","1st","","pollichia.campestris",NA,"O","N","20090617"
"1G","1st","","polygala..l.",NA,"O","N","20090617"
"1G","1st","","polygala.sphenoptera",NA,"O","N","20090617"
"1G","1st","","portulaca.oleracea",NA,"O","N","20090617"
"1G","1st","","portulaca.quadrifida",NA,"O","N","20090617"
"1G","1st","","pseudognaphalium..helichrysum.glumaceum.",NA,"O","N","20090617"
"1G","1st","","psilotrichum.schimperi",NA,"O","N","20090617"
"1G","1st","","rhinacanthus.ndorensis",NA,"O","N","20090617"
"1G","1st","","rhynchosia.holstii",NA,"O","N","20090617"
"1G","1st","","schkuhria.pinnata",NA,"O","N","20090617"
"1G","1st","","sida.2",NA,"O","N","20090617"
"1G","1st","","sida.cuneifolia",NA,"O","N","20090617"
"1G","1st","","solanum.incanum",NA,"O","N","20090617"
"1G","1st","","solanum.indicum",NA,"O","N","20090617"
"1G","1st","","tribulus.terrestris",NA,"O","N","20090617"
"1G","1st","","u",NA,"O","N","20090617"
"1G","1st","","w",NA,"O","N","20090617"
"1G","1st","","x_4",NA,"O","N","20090617"
"1G","1st","","x_5",NA,"O","N","20090617"
"1G","1st","","x_6",NA,"O","N","20090617"
"1G","1st","","x_7",NA,"O","N","20090617"
"1G","1st","","x_8",NA,"O","N","20090617"
"1I","1st","","bracharia.lacnantha",NA,"O","N","20090617"
"1I","1st","","lintonia.nutans",NA,"O","N","20090617"
"1I","1st","","pennisetum.mezianum",NA,"O","N","20090617"
"1I","1st","","pennisetum.straminium",NA,"O","N","20090617"
"1I","1st","","themeda.triandra",NA,"O","N","20090617"
"1I","1st","","bare",NA,"O","N","20090617"
"1I","1st","","x_2",NA,"O","N","20090617"
"1I","1st","","aristida.kenyensis",NA,"O","N","20090617"
"1I","1st","","bothriochloa.insculpta",NA,"O","N","20090617"
"1I","1st","","bracharia.3",NA,"O","N","20090617"
"1I","1st","","bracharia.eruciformis",NA,"O","N","20090617"
"1I","1st","","chloris.sp",NA,"O","N","20090617"
"1I","1st","","cynodon.dactylon",NA,"O","N","20090617"
"1I","1st","","cynodon.plectostachyus",NA,"O","N","20090617"
"1I","1st","","cyperus...mariscus.spp",NA,"O","N","20090617"
"1I","1st","","digitaria.2",NA,"O","N","20090617"
"1I","1st","","digitaria.milanjiana",NA,"O","N","20090617"
"1I","1st","","dinebra.retroflexa",NA,"O","N","20090617"
"1I","1st","","eragrostis.tenuifolia",NA,"O","N","20090617"
"1I","1st","","harpachne.schimperi",NA,"O","N","20090617"
"1I","1st","","microchloa.kunthii",NA,"O","N","20090617"
"1I","1st","","panicum.astrosanguinum",NA,"O","N","20090617"
"1I","1st","","setaria.acromelaena..small.",NA,"O","N","20090617"
"1I","1st","","setaria.sphaecealata..big.",NA,"O","N","20090617"
"1I","1st","","sporobolus.pyramidalis",NA,"O","N","20090617"
"1I","1st","","tragus.berteronianus",NA,"O","N","20090617"
"1I","1st","","x_3",NA,"O","N","20090617"
"1I","1st","","acalypha.crenata",NA,"O","N","20090617"
"1I","1st","","aerva.lanata",NA,"O","N","20090617"
"1I","1st","","amaranthus.hibridus",NA,"O","N","20090617"
"1I","1st","","aspilia.pluriseta",NA,"O","N","20090617"
"1I","1st","","asterolinon.adoense..v.",NA,"O","N","20090617"
"1I","1st","","caralluma.acutangula",NA,"O","N","20090617"
"1I","1st","","chenopodium.opulifolium",NA,"O","N","20090617"
"1I","1st","","chenopodium.schraderianum",NA,"O","N","20090617"
"1I","1st","","commelina.spp",NA,"O","N","20090617"
"1I","1st","","commicarpus.pedunculosus",NA,"O","N","20090617"
"1I","1st","","conyza.sp",NA,"O","N","20090617"
"1I","1st","","corchorus.sp",NA,"O","N","20090617"
"1I","1st","","crotelaria.sp",NA,"O","N","20090617"
"1I","1st","","cyathula.orthacantha",NA,"O","N","20090617"
"1I","1st","","dyscoriste.radicans",NA,"O","N","20090617"
"1I","1st","","euphorbia.inaequilatera",NA,"O","N","20090617"
"1I","1st","","evolvulus.alsinoides",NA,"O","N","20090617"
"1I","1st","","fern",NA,"O","N","20090617"
"1I","1st","","gutenbergia.sp",NA,"O","N","20090617"
"1I","1st","","hermannia.uhligii",NA,"O","N","20090617"
"1I","1st","","hibiscus.flavifolius",NA,"O","N","20090617"
"1I","1st","","hibiscus.trionum",NA,"O","N","20090617"
"1I","1st","","indigofera.brevicalyx",NA,"O","N","20090617"
"1I","1st","","indigofera.schimperi",NA,"O","N","20090617"
"1I","1st","","ipomea.sinensis",NA,"O","N","20090617"
"1I","1st","","justicia.dichipteroides",NA,"O","N","20090617"
"1I","1st","","k",NA,"O","N","20090617"
"1I","1st","","kyllinga.sp",NA,"O","N","20090617"
"1I","1st","","leucas.glabrata",NA,"O","N","20090617"
"1I","1st","","leucas.martiniscensis",NA,"O","N","20090617"
"1I","1st","","lily.a",NA,"O","N","20090617"
"1I","1st","","lily.b",NA,"O","N","20090617"
"1I","1st","","lippia.javanica",NA,"O","N","20090617"
"1I","1st","","melhania.spp.",NA,"O","N","20090617"
"1I","1st","","misopates.orontium",NA,"O","N","20090617"
"1I","1st","","mollugo.nudicaulis",NA,"O","N","20090617"
"1I","1st","","monechima.debile",NA,"O","N","20090617"
"1I","1st","","monsonia.augustifolia",NA,"O","N","20090617"
"1I","1st","","ocimum.sp",NA,"O","N","20090617"
"1I","1st","","osteospermum.vaillantii",NA,"O","N","20090617"
"1I","1st","","oxygonum.sinuatum",NA,"O","N","20090617"
"1I","1st","","pavonia.patens",NA,"O","N","20090617"
"1I","1st","","pelargonium.alchemilloides",NA,"O","N","20090617"
"1I","1st","","pentanisia.ouranogyne",NA,"O","N","20090617"
"1I","1st","","phyllanthus.maderaspatensis",NA,"O","N","20090617"
"1I","1st","","plectranthus.spp",NA,"O","N","20090617"
"1I","1st","","pollichia.campestris",NA,"O","N","20090617"
"1I","1st","","polygala..l.",NA,"O","N","20090617"
"1I","1st","","polygala.sphenoptera",NA,"O","N","20090617"
"1I","1st","","portulaca.oleracea",NA,"O","N","20090617"
"1I","1st","","portulaca.quadrifida",NA,"O","N","20090617"
"1I","1st","","pseudognaphalium..helichrysum.glumaceum.",NA,"O","N","20090617"
"1I","1st","","psilotrichum.schimperi",NA,"O","N","20090617"
"1I","1st","","rhinacanthus.ndorensis",NA,"O","N","20090617"
"1I","1st","","rhynchosia.holstii",NA,"O","N","20090617"
"1I","1st","","schkuhria.pinnata",NA,"O","N","20090617"
"1I","1st","","sida.2",NA,"O","N","20090617"
"1I","1st","","sida.cuneifolia",NA,"O","N","20090617"
"1I","1st","","solanum.incanum",NA,"O","N","20090617"
"1I","1st","","solanum.indicum",NA,"O","N","20090617"
"1I","1st","","tribulus.terrestris",NA,"O","N","20090617"
"1I","1st","","u",NA,"O","N","20090617"
"1I","1st","","w",NA,"O","N","20090617"
"1I","1st","","x_4",NA,"O","N","20090617"
"1I","1st","","x_5",NA,"O","N","20090617"
"1I","1st","","x_6",NA,"O","N","20090617"
"1I","1st","","x_7",NA,"O","N","20090617"
"1I","1st","","x_8",NA,"O","N","20090617"
"2J","1st","","bracharia.lacnantha",NA,"O","N","20090617"
"2J","1st","","lintonia.nutans",NA,"O","N","20090617"
"2J","1st","","pennisetum.mezianum",NA,"O","N","20090617"
"2J","1st","","pennisetum.straminium",5,"O","N","20090617"
"2J","1st","","themeda.triandra",NA,"O","N","20090617"
"2J","1st","","bare",1,"O","N","20090617"
"2J","1st","","x_2",NA,"O","N","20090617"
"2J","1st","","aristida.kenyensis",NA,"O","N","20090617"
"2J","1st","","bothriochloa.insculpta",NA,"O","N","20090617"
"2J","1st","","bracharia.3",NA,"O","N","20090617"
"2J","1st","","bracharia.eruciformis",NA,"O","N","20090617"
"2J","1st","","chloris.sp",NA,"O","N","20090617"
"2J","1st","","cynodon.dactylon",NA,"O","N","20090617"
"2J","1st","","cynodon.plectostachyus",NA,"O","N","20090617"
"2J","1st","","cyperus...mariscus.spp",NA,"O","N","20090617"
"2J","1st","","digitaria.2",NA,"O","N","20090617"
"2J","1st","","digitaria.milanjiana",NA,"O","N","20090617"
"2J","1st","","dinebra.retroflexa",NA,"O","N","20090617"
"2J","1st","","eragrostis.tenuifolia",NA,"O","N","20090617"
"2J","1st","","harpachne.schimperi",NA,"O","N","20090617"
"2J","1st","","microchloa.kunthii",NA,"O","N","20090617"
"2J","1st","","panicum.astrosanguinum",NA,"O","N","20090617"
"2J","1st","","setaria.acromelaena..small.",NA,"O","N","20090617"
"2J","1st","","setaria.sphaecealata..big.",NA,"O","N","20090617"
"2J","1st","","sporobolus.pyramidalis",NA,"O","N","20090617"
"2J","1st","","tragus.berteronianus",NA,"O","N","20090617"
"2J","1st","","x_3",NA,"O","N","20090617"
"2J","1st","","acalypha.crenata",NA,"O","N","20090617"
"2J","1st","","aerva.lanata",NA,"O","N","20090617"
"2J","1st","","amaranthus.hibridus",NA,"O","N","20090617"
"2J","1st","","aspilia.pluriseta",2,"O","N","20090617"
"2J","1st","","asterolinon.adoense..v.",NA,"O","N","20090617"
"2J","1st","","caralluma.acutangula",NA,"O","N","20090617"
"2J","1st","","chenopodium.opulifolium",NA,"O","N","20090617"
"2J","1st","","chenopodium.schraderianum",NA,"O","N","20090617"
"2J","1st","","commelina.spp",NA,"O","N","20090617"
"2J","1st","","commicarpus.pedunculosus",NA,"O","N","20090617"
"2J","1st","","conyza.sp",NA,"O","N","20090617"
"2J","1st","","corchorus.sp",NA,"O","N","20090617"
"2J","1st","","crotelaria.sp",NA,"O","N","20090617"
"2J","1st","","cyathula.orthacantha",NA,"O","N","20090617"
"2J","1st","","dyscoriste.radicans",NA,"O","N","20090617"
"2J","1st","","euphorbia.inaequilatera",NA,"O","N","20090617"
"2J","1st","","evolvulus.alsinoides",NA,"O","N","20090617"
"2J","1st","","fern",NA,"O","N","20090617"
"2J","1st","","gutenbergia.sp",NA,"O","N","20090617"
"2J","1st","","hermannia.uhligii",NA,"O","N","20090617"
"2J","1st","","hibiscus.flavifolius",NA,"O","N","20090617"
"2J","1st","","hibiscus.trionum",NA,"O","N","20090617"
"2J","1st","","indigofera.brevicalyx",NA,"O","N","20090617"
"2J","1st","","indigofera.schimperi",NA,"O","N","20090617"
"2J","1st","","ipomea.sinensis",NA,"O","N","20090617"
"2J","1st","","justicia.dichipteroides",NA,"O","N","20090617"
"2J","1st","","k",NA,"O","N","20090617"
"2J","1st","","kyllinga.sp",NA,"O","N","20090617"
"2J","1st","","leucas.glabrata",NA,"O","N","20090617"
"2J","1st","","leucas.martiniscensis",NA,"O","N","20090617"
"2J","1st","","lily.a",NA,"O","N","20090617"
"2J","1st","","lily.b",NA,"O","N","20090617"
"2J","1st","","lippia.javanica",NA,"O","N","20090617"
"2J","1st","","melhania.spp.",NA,"O","N","20090617"
"2J","1st","","misopates.orontium",NA,"O","N","20090617"
"2J","1st","","mollugo.nudicaulis",NA,"O","N","20090617"
"2J","1st","","monechima.debile",NA,"O","N","20090617"
"2J","1st","","monsonia.augustifolia",NA,"O","N","20090617"
"2J","1st","","ocimum.sp",NA,"O","N","20090617"
"2J","1st","","osteospermum.vaillantii",NA,"O","N","20090617"
"2J","1st","","oxygonum.sinuatum",NA,"O","N","20090617"
"2J","1st","","pavonia.patens",NA,"O","N","20090617"
"2J","1st","","pelargonium.alchemilloides",NA,"O","N","20090617"
"2J","1st","","pentanisia.ouranogyne",NA,"O","N","20090617"
"2J","1st","","phyllanthus.maderaspatensis",NA,"O","N","20090617"
"2J","1st","","plectranthus.spp",NA,"O","N","20090617"
"2J","1st","","pollichia.campestris",NA,"O","N","20090617"
"2J","1st","","polygala..l.",NA,"O","N","20090617"
"2J","1st","","polygala.sphenoptera",NA,"O","N","20090617"
"2J","1st","","portulaca.oleracea",NA,"O","N","20090617"
"2J","1st","","portulaca.quadrifida",NA,"O","N","20090617"
"2J","1st","","pseudognaphalium..helichrysum.glumaceum.",6,"O","N","20090617"
"2J","1st","","psilotrichum.schimperi",NA,"O","N","20090617"
"2J","1st","","rhinacanthus.ndorensis",NA,"O","N","20090617"
"2J","1st","","rhynchosia.holstii",NA,"O","N","20090617"
"2J","1st","","schkuhria.pinnata",NA,"O","N","20090617"
"2J","1st","","sida.2",NA,"O","N","20090617"
"2J","1st","","sida.cuneifolia",NA,"O","N","20090617"
"2J","1st","","solanum.incanum",NA,"O","N","20090617"
"2J","1st","","solanum.indicum",NA,"O","N","20090617"
"2J","1st","","tribulus.terrestris",NA,"O","N","20090617"
"2J","1st","","u",NA,"O","N","20090617"
"2J","1st","","w",NA,"O","N","20090617"
"2J","1st","","x_4",NA,"O","N","20090617"
"2J","1st","","x_5",NA,"O","N","20090617"
"2J","1st","","x_6",NA,"O","N","20090617"
"2J","1st","","x_7",NA,"O","N","20090617"
"2J","1st","","x_8",NA,"O","N","20090617"
"2J","All","Lvs","bracharia.lacnantha",NA,"O","N","20090617"
"2J","All","Lvs","lintonia.nutans",NA,"O","N","20090617"
"2J","All","Lvs","pennisetum.mezianum",NA,"O","N","20090617"
"2J","All","Lvs","pennisetum.straminium",2,"O","N","20090617"
"2J","All","Lvs","themeda.triandra",NA,"O","N","20090617"
"2J","All","Lvs","bare",NA,"O","N","20090617"
"2J","All","Lvs","x_2",NA,"O","N","20090617"
"2J","All","Lvs","aristida.kenyensis",NA,"O","N","20090617"
"2J","All","Lvs","bothriochloa.insculpta",NA,"O","N","20090617"
"2J","All","Lvs","bracharia.3",NA,"O","N","20090617"
"2J","All","Lvs","bracharia.eruciformis",NA,"O","N","20090617"
"2J","All","Lvs","chloris.sp",NA,"O","N","20090617"
"2J","All","Lvs","cynodon.dactylon",NA,"O","N","20090617"
"2J","All","Lvs","cynodon.plectostachyus",NA,"O","N","20090617"
"2J","All","Lvs","cyperus...mariscus.spp",NA,"O","N","20090617"
"2J","All","Lvs","digitaria.2",NA,"O","N","20090617"
"2J","All","Lvs","digitaria.milanjiana",NA,"O","N","20090617"
"2J","All","Lvs","dinebra.retroflexa",NA,"O","N","20090617"
"2J","All","Lvs","eragrostis.tenuifolia",NA,"O","N","20090617"
"2J","All","Lvs","harpachne.schimperi",NA,"O","N","20090617"
"2J","All","Lvs","microchloa.kunthii",NA,"O","N","20090617"
"2J","All","Lvs","panicum.astrosanguinum",NA,"O","N","20090617"
"2J","All","Lvs","setaria.acromelaena..small.",NA,"O","N","20090617"
"2J","All","Lvs","setaria.sphaecealata..big.",NA,"O","N","20090617"
"2J","All","Lvs","sporobolus.pyramidalis",NA,"O","N","20090617"
"2J","All","Lvs","tragus.berteronianus",NA,"O","N","20090617"
"2J","All","Lvs","x_3",NA,"O","N","20090617"
"2J","All","Lvs","acalypha.crenata",NA,"O","N","20090617"
"2J","All","Lvs","aerva.lanata",NA,"O","N","20090617"
"2J","All","Lvs","amaranthus.hibridus",NA,"O","N","20090617"
"2J","All","Lvs","aspilia.pluriseta",NA,"O","N","20090617"
"2J","All","Lvs","asterolinon.adoense..v.",NA,"O","N","20090617"
"2J","All","Lvs","caralluma.acutangula",NA,"O","N","20090617"
"2J","All","Lvs","chenopodium.opulifolium",NA,"O","N","20090617"
"2J","All","Lvs","chenopodium.schraderianum",NA,"O","N","20090617"
"2J","All","Lvs","commelina.spp",NA,"O","N","20090617"
"2J","All","Lvs","commicarpus.pedunculosus",NA,"O","N","20090617"
"2J","All","Lvs","conyza.sp",NA,"O","N","20090617"
"2J","All","Lvs","corchorus.sp",NA,"O","N","20090617"
"2J","All","Lvs","crotelaria.sp",NA,"O","N","20090617"
"2J","All","Lvs","cyathula.orthacantha",NA,"O","N","20090617"
"2J","All","Lvs","dyscoriste.radicans",NA,"O","N","20090617"
"2J","All","Lvs","euphorbia.inaequilatera",NA,"O","N","20090617"
"2J","All","Lvs","evolvulus.alsinoides",NA,"O","N","20090617"
"2J","All","Lvs","fern",NA,"O","N","20090617"
"2J","All","Lvs","gutenbergia.sp",NA,"O","N","20090617"
"2J","All","Lvs","hermannia.uhligii",NA,"O","N","20090617"
"2J","All","Lvs","hibiscus.flavifolius",NA,"O","N","20090617"
"2J","All","Lvs","hibiscus.trionum",NA,"O","N","20090617"
"2J","All","Lvs","indigofera.brevicalyx",NA,"O","N","20090617"
"2J","All","Lvs","indigofera.schimperi",NA,"O","N","20090617"
"2J","All","Lvs","ipomea.sinensis",NA,"O","N","20090617"
"2J","All","Lvs","justicia.dichipteroides",NA,"O","N","20090617"
"2J","All","Lvs","k",NA,"O","N","20090617"
"2J","All","Lvs","kyllinga.sp",NA,"O","N","20090617"
"2J","All","Lvs","leucas.glabrata",NA,"O","N","20090617"
"2J","All","Lvs","leucas.martiniscensis",NA,"O","N","20090617"
"2J","All","Lvs","lily.a",NA,"O","N","20090617"
"2J","All","Lvs","lily.b",NA,"O","N","20090617"
"2J","All","Lvs","lippia.javanica",NA,"O","N","20090617"
"2J","All","Lvs","melhania.spp.",NA,"O","N","20090617"
"2J","All","Lvs","misopates.orontium",NA,"O","N","20090617"
"2J","All","Lvs","mollugo.nudicaulis",NA,"O","N","20090617"
"2J","All","Lvs","monechima.debile",NA,"O","N","20090617"
"2J","All","Lvs","monsonia.augustifolia",NA,"O","N","20090617"
"2J","All","Lvs","ocimum.sp",NA,"O","N","20090617"
"2J","All","Lvs","osteospermum.vaillantii",NA,"O","N","20090617"
"2J","All","Lvs","oxygonum.sinuatum",NA,"O","N","20090617"
"2J","All","Lvs","pavonia.patens",NA,"O","N","20090617"
"2J","All","Lvs","pelargonium.alchemilloides",NA,"O","N","20090617"
"2J","All","Lvs","pentanisia.ouranogyne",NA,"O","N","20090617"
"2J","All","Lvs","phyllanthus.maderaspatensis",NA,"O","N","20090617"
"2J","All","Lvs","plectranthus.spp",NA,"O","N","20090617"
"2J","All","Lvs","pollichia.campestris",NA,"O","N","20090617"
"2J","All","Lvs","polygala..l.",NA,"O","N","20090617"
"2J","All","Lvs","polygala.sphenoptera",NA,"O","N","20090617"
"2J","All","Lvs","portulaca.oleracea",NA,"O","N","20090617"
"2J","All","Lvs","portulaca.quadrifida",NA,"O","N","20090617"
"2J","All","Lvs","pseudognaphalium..helichrysum.glumaceum.",5,"O","N","20090617"
"2J","All","Lvs","psilotrichum.schimperi",NA,"O","N","20090617"
"2J","All","Lvs","rhinacanthus.ndorensis",NA,"O","N","20090617"
"2J","All","Lvs","rhynchosia.holstii",NA,"O","N","20090617"
"2J","All","Lvs","schkuhria.pinnata",NA,"O","N","20090617"
"2J","All","Lvs","sida.2",NA,"O","N","20090617"
"2J","All","Lvs","sida.cuneifolia",NA,"O","N","20090617"
"2J","All","Lvs","solanum.incanum",NA,"O","N","20090617"
"2J","All","Lvs","solanum.indicum",NA,"O","N","20090617"
"2J","All","Lvs","tribulus.terrestris",NA,"O","N","20090617"
"2J","All","Lvs","u",NA,"O","N","20090617"
"2J","All","Lvs","w",NA,"O","N","20090617"
"2J","All","Lvs","x_4",NA,"O","N","20090617"
"2J","All","Lvs","x_5",NA,"O","N","20090617"
"2J","All","Lvs","x_6",NA,"O","N","20090617"
"2J","All","Lvs","x_7",NA,"O","N","20090617"
"2J","All","Lvs","x_8",NA,"O","N","20090617"
"2J","All","Stm","bracharia.lacnantha",NA,"O","N","20090617"
"2J","All","Stm","lintonia.nutans",NA,"O","N","20090617"
"2J","All","Stm","pennisetum.mezianum",NA,"O","N","20090617"
"2J","All","Stm","pennisetum.straminium",7,"O","N","20090617"
"2J","All","Stm","themeda.triandra",NA,"O","N","20090617"
"2J","All","Stm","bare",NA,"O","N","20090617"
"2J","All","Stm","x_2",NA,"O","N","20090617"
"2J","All","Stm","aristida.kenyensis",NA,"O","N","20090617"
"2J","All","Stm","bothriochloa.insculpta",NA,"O","N","20090617"
"2J","All","Stm","bracharia.3",NA,"O","N","20090617"
"2J","All","Stm","bracharia.eruciformis",NA,"O","N","20090617"
"2J","All","Stm","chloris.sp",NA,"O","N","20090617"
"2J","All","Stm","cynodon.dactylon",NA,"O","N","20090617"
"2J","All","Stm","cynodon.plectostachyus",NA,"O","N","20090617"
"2J","All","Stm","cyperus...mariscus.spp",NA,"O","N","20090617"
"2J","All","Stm","digitaria.2",NA,"O","N","20090617"
"2J","All","Stm","digitaria.milanjiana",NA,"O","N","20090617"
"2J","All","Stm","dinebra.retroflexa",NA,"O","N","20090617"
"2J","All","Stm","eragrostis.tenuifolia",NA,"O","N","20090617"
"2J","All","Stm","harpachne.schimperi",NA,"O","N","20090617"
"2J","All","Stm","microchloa.kunthii",NA,"O","N","20090617"
"2J","All","Stm","panicum.astrosanguinum",NA,"O","N","20090617"
"2J","All","Stm","setaria.acromelaena..small.",NA,"O","N","20090617"
"2J","All","Stm","setaria.sphaecealata..big.",NA,"O","N","20090617"
"2J","All","Stm","sporobolus.pyramidalis",NA,"O","N","20090617"
"2J","All","Stm","tragus.berteronianus",NA,"O","N","20090617"
"2J","All","Stm","x_3",NA,"O","N","20090617"
"2J","All","Stm","acalypha.crenata",NA,"O","N","20090617"
"2J","All","Stm","aerva.lanata",NA,"O","N","20090617"
"2J","All","Stm","amaranthus.hibridus",NA,"O","N","20090617"
"2J","All","Stm","aspilia.pluriseta",2,"O","N","20090617"
"2J","All","Stm","asterolinon.adoense..v.",NA,"O","N","20090617"
"2J","All","Stm","caralluma.acutangula",NA,"O","N","20090617"
"2J","All","Stm","chenopodium.opulifolium",NA,"O","N","20090617"
"2J","All","Stm","chenopodium.schraderianum",NA,"O","N","20090617"
"2J","All","Stm","commelina.spp",NA,"O","N","20090617"
"2J","All","Stm","commicarpus.pedunculosus",NA,"O","N","20090617"
"2J","All","Stm","conyza.sp",NA,"O","N","20090617"
"2J","All","Stm","corchorus.sp",NA,"O","N","20090617"
"2J","All","Stm","crotelaria.sp",NA,"O","N","20090617"
"2J","All","Stm","cyathula.orthacantha",NA,"O","N","20090617"
"2J","All","Stm","dyscoriste.radicans",NA,"O","N","20090617"
"2J","All","Stm","euphorbia.inaequilatera",NA,"O","N","20090617"
"2J","All","Stm","evolvulus.alsinoides",NA,"O","N","20090617"
"2J","All","Stm","fern",NA,"O","N","20090617"
"2J","All","Stm","gutenbergia.sp",NA,"O","N","20090617"
"2J","All","Stm","hermannia.uhligii",NA,"O","N","20090617"
"2J","All","Stm","hibiscus.flavifolius",NA,"O","N","20090617"
"2J","All","Stm","hibiscus.trionum",NA,"O","N","20090617"
"2J","All","Stm","indigofera.brevicalyx",NA,"O","N","20090617"
"2J","All","Stm","indigofera.schimperi",NA,"O","N","20090617"
"2J","All","Stm","ipomea.sinensis",NA,"O","N","20090617"
"2J","All","Stm","justicia.dichipteroides",NA,"O","N","20090617"
"2J","All","Stm","k",NA,"O","N","20090617"
"2J","All","Stm","kyllinga.sp",NA,"O","N","20090617"
"2J","All","Stm","leucas.glabrata",NA,"O","N","20090617"
"2J","All","Stm","leucas.martiniscensis",NA,"O","N","20090617"
"2J","All","Stm","lily.a",NA,"O","N","20090617"
"2J","All","Stm","lily.b",NA,"O","N","20090617"
"2J","All","Stm","lippia.javanica",NA,"O","N","20090617"
"2J","All","Stm","melhania.spp.",NA,"O","N","20090617"
"2J","All","Stm","misopates.orontium",NA,"O","N","20090617"
"2J","All","Stm","mollugo.nudicaulis",NA,"O","N","20090617"
"2J","All","Stm","monechima.debile",NA,"O","N","20090617"
"2J","All","Stm","monsonia.augustifolia",NA,"O","N","20090617"
"2J","All","Stm","ocimum.sp",NA,"O","N","20090617"
"2J","All","Stm","osteospermum.vaillantii",NA,"O","N","20090617"
"2J","All","Stm","oxygonum.sinuatum",NA,"O","N","20090617"
"2J","All","Stm","pavonia.patens",NA,"O","N","20090617"
"2J","All","Stm","pelargonium.alchemilloides",NA,"O","N","20090617"
"2J","All","Stm","pentanisia.ouranogyne",NA,"O","N","20090617"
"2J","All","Stm","phyllanthus.maderaspatensis",NA,"O","N","20090617"
"2J","All","Stm","plectranthus.spp",NA,"O","N","20090617"
"2J","All","Stm","pollichia.campestris",NA,"O","N","20090617"
"2J","All","Stm","polygala..l.",NA,"O","N","20090617"
"2J","All","Stm","polygala.sphenoptera",NA,"O","N","20090617"
"2J","All","Stm","portulaca.oleracea",NA,"O","N","20090617"
"2J","All","Stm","portulaca.quadrifida",NA,"O","N","20090617"
"2J","All","Stm","pseudognaphalium..helichrysum.glumaceum.",5,"O","N","20090617"
"2J","All","Stm","psilotrichum.schimperi",NA,"O","N","20090617"
"2J","All","Stm","rhinacanthus.ndorensis",NA,"O","N","20090617"
"2J","All","Stm","rhynchosia.holstii",NA,"O","N","20090617"
"2J","All","Stm","schkuhria.pinnata",NA,"O","N","20090617"
"2J","All","Stm","sida.2",NA,"O","N","20090617"
"2J","All","Stm","sida.cuneifolia",NA,"O","N","20090617"
"2J","All","Stm","solanum.incanum",NA,"O","N","20090617"
"2J","All","Stm","solanum.indicum",NA,"O","N","20090617"
"2J","All","Stm","tribulus.terrestris",NA,"O","N","20090617"
"2J","All","Stm","u",NA,"O","N","20090617"
"2J","All","Stm","w",NA,"O","N","20090617"
"2J","All","Stm","x_4",NA,"O","N","20090617"
"2J","All","Stm","x_5",NA,"O","N","20090617"
"2J","All","Stm","x_6",NA,"O","N","20090617"
"2J","All","Stm","x_7",NA,"O","N","20090617"
"2J","All","Stm","x_8",NA,"O","N","20090617"
"2H","1st","","bracharia.lacnantha",NA,"O","N","20090617"
"2H","1st","","lintonia.nutans",9,"O","N","20090617"
"2H","1st","","pennisetum.mezianum",NA,"O","N","20090617"
"2H","1st","","pennisetum.straminium",NA,"O","N","20090617"
"2H","1st","","themeda.triandra",NA,"O","N","20090617"
"2H","1st","","bare",NA,"O","N","20090617"
"2H","1st","","x_2",NA,"O","N","20090617"
"2H","1st","","aristida.kenyensis",NA,"O","N","20090617"
"2H","1st","","bothriochloa.insculpta",NA,"O","N","20090617"
"2H","1st","","bracharia.3",NA,"O","N","20090617"
"2H","1st","","bracharia.eruciformis",NA,"O","N","20090617"
"2H","1st","","chloris.sp",NA,"O","N","20090617"
"2H","1st","","cynodon.dactylon",NA,"O","N","20090617"
"2H","1st","","cynodon.plectostachyus",NA,"O","N","20090617"
"2H","1st","","cyperus...mariscus.spp",NA,"O","N","20090617"
"2H","1st","","digitaria.2",NA,"O","N","20090617"
"2H","1st","","digitaria.milanjiana",NA,"O","N","20090617"
"2H","1st","","dinebra.retroflexa",NA,"O","N","20090617"
"2H","1st","","eragrostis.tenuifolia",NA,"O","N","20090617"
"2H","1st","","harpachne.schimperi",NA,"O","N","20090617"
"2H","1st","","microchloa.kunthii",NA,"O","N","20090617"
"2H","1st","","panicum.astrosanguinum",NA,"O","N","20090617"
"2H","1st","","setaria.acromelaena..small.",NA,"O","N","20090617"
"2H","1st","","setaria.sphaecealata..big.",NA,"O","N","20090617"
"2H","1st","","sporobolus.pyramidalis",NA,"O","N","20090617"
"2H","1st","","tragus.berteronianus",NA,"O","N","20090617"
"2H","1st","","x_3",NA,"O","N","20090617"
"2H","1st","","acalypha.crenata",NA,"O","N","20090617"
"2H","1st","","aerva.lanata",NA,"O","N","20090617"
"2H","1st","","amaranthus.hibridus",NA,"O","N","20090617"
"2H","1st","","aspilia.pluriseta",NA,"O","N","20090617"
"2H","1st","","asterolinon.adoense..v.",NA,"O","N","20090617"
"2H","1st","","caralluma.acutangula",NA,"O","N","20090617"
"2H","1st","","chenopodium.opulifolium",NA,"O","N","20090617"
"2H","1st","","chenopodium.schraderianum",NA,"O","N","20090617"
"2H","1st","","commelina.spp",NA,"O","N","20090617"
"2H","1st","","commicarpus.pedunculosus",NA,"O","N","20090617"
"2H","1st","","conyza.sp",NA,"O","N","20090617"
"2H","1st","","corchorus.sp",NA,"O","N","20090617"
"2H","1st","","crotelaria.sp",NA,"O","N","20090617"
"2H","1st","","cyathula.orthacantha",NA,"O","N","20090617"
"2H","1st","","dyscoriste.radicans",NA,"O","N","20090617"
"2H","1st","","euphorbia.inaequilatera",NA,"O","N","20090617"
"2H","1st","","evolvulus.alsinoides",NA,"O","N","20090617"
"2H","1st","","fern",NA,"O","N","20090617"
"2H","1st","","gutenbergia.sp",NA,"O","N","20090617"
"2H","1st","","hermannia.uhligii",NA,"O","N","20090617"
"2H","1st","","hibiscus.flavifolius",NA,"O","N","20090617"
"2H","1st","","hibiscus.trionum",NA,"O","N","20090617"
"2H","1st","","indigofera.brevicalyx",NA,"O","N","20090617"
"2H","1st","","indigofera.schimperi",NA,"O","N","20090617"
"2H","1st","","ipomea.sinensis",NA,"O","N","20090617"
"2H","1st","","justicia.dichipteroides",NA,"O","N","20090617"
"2H","1st","","k",NA,"O","N","20090617"
"2H","1st","","kyllinga.sp",NA,"O","N","20090617"
"2H","1st","","leucas.glabrata",NA,"O","N","20090617"
"2H","1st","","leucas.martiniscensis",NA,"O","N","20090617"
"2H","1st","","lily.a",NA,"O","N","20090617"
"2H","1st","","lily.b",NA,"O","N","20090617"
"2H","1st","","lippia.javanica",NA,"O","N","20090617"
"2H","1st","","melhania.spp.",NA,"O","N","20090617"
"2H","1st","","misopates.orontium",NA,"O","N","20090617"
"2H","1st","","mollugo.nudicaulis",NA,"O","N","20090617"
"2H","1st","","monechima.debile",NA,"O","N","20090617"
"2H","1st","","monsonia.augustifolia",NA,"O","N","20090617"
"2H","1st","","ocimum.sp",NA,"O","N","20090617"
"2H","1st","","osteospermum.vaillantii",NA,"O","N","20090617"
"2H","1st","","oxygonum.sinuatum",NA,"O","N","20090617"
"2H","1st","","pavonia.patens",NA,"O","N","20090617"
"2H","1st","","pelargonium.alchemilloides",NA,"O","N","20090617"
"2H","1st","","pentanisia.ouranogyne",NA,"O","N","20090617"
"2H","1st","","phyllanthus.maderaspatensis",NA,"O","N","20090617"
"2H","1st","","plectranthus.spp",NA,"O","N","20090617"
"2H","1st","","pollichia.campestris",NA,"O","N","20090617"
"2H","1st","","polygala..l.",NA,"O","N","20090617"
"2H","1st","","polygala.sphenoptera",NA,"O","N","20090617"
"2H","1st","","portulaca.oleracea",NA,"O","N","20090617"
"2H","1st","","portulaca.quadrifida",NA,"O","N","20090617"
"2H","1st","","pseudognaphalium..helichrysum.glumaceum.",NA,"O","N","20090617"
"2H","1st","","psilotrichum.schimperi",NA,"O","N","20090617"
"2H","1st","","rhinacanthus.ndorensis",NA,"O","N","20090617"
"2H","1st","","rhynchosia.holstii",NA,"O","N","20090617"
"2H","1st","","schkuhria.pinnata",NA,"O","N","20090617"
"2H","1st","","sida.2",NA,"O","N","20090617"
"2H","1st","","sida.cuneifolia",NA,"O","N","20090617"
"2H","1st","","solanum.incanum",NA,"O","N","20090617"
"2H","1st","","solanum.indicum",NA,"O","N","20090617"
"2H","1st","","tribulus.terrestris",NA,"O","N","20090617"
"2H","1st","","u",NA,"O","N","20090617"
"2H","1st","","w",NA,"O","N","20090617"
"2H","1st","","x_4",NA,"O","N","20090617"
"2H","1st","","x_5",NA,"O","N","20090617"
"2H","1st","","x_6",NA,"O","N","20090617"
"2H","1st","","x_7",NA,"O","N","20090617"
"2H","1st","","x_8",NA,"O","N","20090617"
"2H","All","Lvs","bracharia.lacnantha",NA,"O","N","20090617"
"2H","All","Lvs","lintonia.nutans",26,"O","N","20090617"
"2H","All","Lvs","pennisetum.mezianum",NA,"O","N","20090617"
"2H","All","Lvs","pennisetum.straminium",NA,"O","N","20090617"
"2H","All","Lvs","themeda.triandra",NA,"O","N","20090617"
"2H","All","Lvs","bare",NA,"O","N","20090617"
"2H","All","Lvs","x_2",NA,"O","N","20090617"
"2H","All","Lvs","aristida.kenyensis",NA,"O","N","20090617"
"2H","All","Lvs","bothriochloa.insculpta",NA,"O","N","20090617"
"2H","All","Lvs","bracharia.3",NA,"O","N","20090617"
"2H","All","Lvs","bracharia.eruciformis",NA,"O","N","20090617"
"2H","All","Lvs","chloris.sp",NA,"O","N","20090617"
"2H","All","Lvs","cynodon.dactylon",NA,"O","N","20090617"
"2H","All","Lvs","cynodon.plectostachyus",NA,"O","N","20090617"
"2H","All","Lvs","cyperus...mariscus.spp",NA,"O","N","20090617"
"2H","All","Lvs","digitaria.2",NA,"O","N","20090617"
"2H","All","Lvs","digitaria.milanjiana",NA,"O","N","20090617"
"2H","All","Lvs","dinebra.retroflexa",NA,"O","N","20090617"
"2H","All","Lvs","eragrostis.tenuifolia",NA,"O","N","20090617"
"2H","All","Lvs","harpachne.schimperi",NA,"O","N","20090617"
"2H","All","Lvs","microchloa.kunthii",NA,"O","N","20090617"
"2H","All","Lvs","panicum.astrosanguinum",NA,"O","N","20090617"
"2H","All","Lvs","setaria.acromelaena..small.",NA,"O","N","20090617"
"2H","All","Lvs","setaria.sphaecealata..big.",NA,"O","N","20090617"
"2H","All","Lvs","sporobolus.pyramidalis",NA,"O","N","20090617"
"2H","All","Lvs","tragus.berteronianus",NA,"O","N","20090617"
"2H","All","Lvs","x_3",NA,"O","N","20090617"
"2H","All","Lvs","acalypha.crenata",NA,"O","N","20090617"
"2H","All","Lvs","aerva.lanata",NA,"O","N","20090617"
"2H","All","Lvs","amaranthus.hibridus",NA,"O","N","20090617"
"2H","All","Lvs","aspilia.pluriseta",NA,"O","N","20090617"
"2H","All","Lvs","asterolinon.adoense..v.",NA,"O","N","20090617"
"2H","All","Lvs","caralluma.acutangula",NA,"O","N","20090617"
"2H","All","Lvs","chenopodium.opulifolium",NA,"O","N","20090617"
"2H","All","Lvs","chenopodium.schraderianum",NA,"O","N","20090617"
"2H","All","Lvs","commelina.spp",NA,"O","N","20090617"
"2H","All","Lvs","commicarpus.pedunculosus",NA,"O","N","20090617"
"2H","All","Lvs","conyza.sp",NA,"O","N","20090617"
"2H","All","Lvs","corchorus.sp",NA,"O","N","20090617"
"2H","All","Lvs","crotelaria.sp",NA,"O","N","20090617"
"2H","All","Lvs","cyathula.orthacantha",NA,"O","N","20090617"
"2H","All","Lvs","dyscoriste.radicans",NA,"O","N","20090617"
"2H","All","Lvs","euphorbia.inaequilatera",NA,"O","N","20090617"
"2H","All","Lvs","evolvulus.alsinoides",NA,"O","N","20090617"
"2H","All","Lvs","fern",NA,"O","N","20090617"
"2H","All","Lvs","gutenbergia.sp",NA,"O","N","20090617"
"2H","All","Lvs","hermannia.uhligii",NA,"O","N","20090617"
"2H","All","Lvs","hibiscus.flavifolius",NA,"O","N","20090617"
"2H","All","Lvs","hibiscus.trionum",NA,"O","N","20090617"
"2H","All","Lvs","indigofera.brevicalyx",NA,"O","N","20090617"
"2H","All","Lvs","indigofera.schimperi",NA,"O","N","20090617"
"2H","All","Lvs","ipomea.sinensis",NA,"O","N","20090617"
"2H","All","Lvs","justicia.dichipteroides",NA,"O","N","20090617"
"2H","All","Lvs","k",NA,"O","N","20090617"
"2H","All","Lvs","kyllinga.sp",NA,"O","N","20090617"
"2H","All","Lvs","leucas.glabrata",NA,"O","N","20090617"
"2H","All","Lvs","leucas.martiniscensis",NA,"O","N","20090617"
"2H","All","Lvs","lily.a",NA,"O","N","20090617"
"2H","All","Lvs","lily.b",NA,"O","N","20090617"
"2H","All","Lvs","lippia.javanica",NA,"O","N","20090617"
"2H","All","Lvs","melhania.spp.",NA,"O","N","20090617"
"2H","All","Lvs","misopates.orontium",NA,"O","N","20090617"
"2H","All","Lvs","mollugo.nudicaulis",NA,"O","N","20090617"
"2H","All","Lvs","monechima.debile",NA,"O","N","20090617"
"2H","All","Lvs","monsonia.augustifolia",NA,"O","N","20090617"
"2H","All","Lvs","ocimum.sp",NA,"O","N","20090617"
"2H","All","Lvs","osteospermum.vaillantii",NA,"O","N","20090617"
"2H","All","Lvs","oxygonum.sinuatum",NA,"O","N","20090617"
"2H","All","Lvs","pavonia.patens",NA,"O","N","20090617"
"2H","All","Lvs","pelargonium.alchemilloides",NA,"O","N","20090617"
"2H","All","Lvs","pentanisia.ouranogyne",NA,"O","N","20090617"
"2H","All","Lvs","phyllanthus.maderaspatensis",NA,"O","N","20090617"
"2H","All","Lvs","plectranthus.spp",NA,"O","N","20090617"
"2H","All","Lvs","pollichia.campestris",NA,"O","N","20090617"
"2H","All","Lvs","polygala..l.",NA,"O","N","20090617"
"2H","All","Lvs","polygala.sphenoptera",NA,"O","N","20090617"
"2H","All","Lvs","portulaca.oleracea",NA,"O","N","20090617"
"2H","All","Lvs","portulaca.quadrifida",NA,"O","N","20090617"
"2H","All","Lvs","pseudognaphalium..helichrysum.glumaceum.",NA,"O","N","20090617"
"2H","All","Lvs","psilotrichum.schimperi",NA,"O","N","20090617"
"2H","All","Lvs","rhinacanthus.ndorensis",NA,"O","N","20090617"
"2H","All","Lvs","rhynchosia.holstii",NA,"O","N","20090617"
"2H","All","Lvs","schkuhria.pinnata",NA,"O","N","20090617"
"2H","All","Lvs","sida.2",NA,"O","N","20090617"
"2H","All","Lvs","sida.cuneifolia",NA,"O","N","20090617"
"2H","All","Lvs","solanum.incanum",NA,"O","N","20090617"
"2H","All","Lvs","solanum.indicum",NA,"O","N","20090617"
"2H","All","Lvs","tribulus.terrestris",NA,"O","N","20090617"
"2H","All","Lvs","u",NA,"O","N","20090617"
"2H","All","Lvs","w",NA,"O","N","20090617"
"2H","All","Lvs","x_4",NA,"O","N","20090617"
"2H","All","Lvs","x_5",NA,"O","N","20090617"
"2H","All","Lvs","x_6",NA,"O","N","20090617"
"2H","All","Lvs","x_7",NA,"O","N","20090617"
"2H","All","Lvs","x_8",NA,"O","N","20090617"
"2H","All","Stm","bracharia.lacnantha",NA,"O","N","20090617"
"2H","All","Stm","lintonia.nutans",2,"O","N","20090617"
"2H","All","Stm","pennisetum.mezianum",NA,"O","N","20090617"
"2H","All","Stm","pennisetum.straminium",NA,"O","N","20090617"
"2H","All","Stm","themeda.triandra",NA,"O","N","20090617"
"2H","All","Stm","bare",NA,"O","N","20090617"
"2H","All","Stm","x_2",NA,"O","N","20090617"
"2H","All","Stm","aristida.kenyensis",NA,"O","N","20090617"
"2H","All","Stm","bothriochloa.insculpta",NA,"O","N","20090617"
"2H","All","Stm","bracharia.3",NA,"O","N","20090617"
"2H","All","Stm","bracharia.eruciformis",NA,"O","N","20090617"
"2H","All","Stm","chloris.sp",NA,"O","N","20090617"
"2H","All","Stm","cynodon.dactylon",NA,"O","N","20090617"
"2H","All","Stm","cynodon.plectostachyus",NA,"O","N","20090617"
"2H","All","Stm","cyperus...mariscus.spp",NA,"O","N","20090617"
"2H","All","Stm","digitaria.2",NA,"O","N","20090617"
"2H","All","Stm","digitaria.milanjiana",NA,"O","N","20090617"
"2H","All","Stm","dinebra.retroflexa",NA,"O","N","20090617"
"2H","All","Stm","eragrostis.tenuifolia",NA,"O","N","20090617"
"2H","All","Stm","harpachne.schimperi",NA,"O","N","20090617"
"2H","All","Stm","microchloa.kunthii",NA,"O","N","20090617"
"2H","All","Stm","panicum.astrosanguinum",NA,"O","N","20090617"
"2H","All","Stm","setaria.acromelaena..small.",NA,"O","N","20090617"
"2H","All","Stm","setaria.sphaecealata..big.",NA,"O","N","20090617"
"2H","All","Stm","sporobolus.pyramidalis",NA,"O","N","20090617"
"2H","All","Stm","tragus.berteronianus",NA,"O","N","20090617"
"2H","All","Stm","x_3",NA,"O","N","20090617"
"2H","All","Stm","acalypha.crenata",NA,"O","N","20090617"
"2H","All","Stm","aerva.lanata",NA,"O","N","20090617"
"2H","All","Stm","amaranthus.hibridus",NA,"O","N","20090617"
"2H","All","Stm","aspilia.pluriseta",NA,"O","N","20090617"
"2H","All","Stm","asterolinon.adoense..v.",NA,"O","N","20090617"
"2H","All","Stm","caralluma.acutangula",NA,"O","N","20090617"
"2H","All","Stm","chenopodium.opulifolium",NA,"O","N","20090617"
"2H","All","Stm","chenopodium.schraderianum",NA,"O","N","20090617"
"2H","All","Stm","commelina.spp",NA,"O","N","20090617"
"2H","All","Stm","commicarpus.pedunculosus",NA,"O","N","20090617"
"2H","All","Stm","conyza.sp",NA,"O","N","20090617"
"2H","All","Stm","corchorus.sp",NA,"O","N","20090617"
"2H","All","Stm","crotelaria.sp",NA,"O","N","20090617"
"2H","All","Stm","cyathula.orthacantha",NA,"O","N","20090617"
"2H","All","Stm","dyscoriste.radicans",NA,"O","N","20090617"
"2H","All","Stm","euphorbia.inaequilatera",NA,"O","N","20090617"
"2H","All","Stm","evolvulus.alsinoides",NA,"O","N","20090617"
"2H","All","Stm","fern",NA,"O","N","20090617"
"2H","All","Stm","gutenbergia.sp",NA,"O","N","20090617"
"2H","All","Stm","hermannia.uhligii",NA,"O","N","20090617"
"2H","All","Stm","hibiscus.flavifolius",NA,"O","N","20090617"
"2H","All","Stm","hibiscus.trionum",NA,"O","N","20090617"
"2H","All","Stm","indigofera.brevicalyx",NA,"O","N","20090617"
"2H","All","Stm","indigofera.schimperi",NA,"O","N","20090617"
"2H","All","Stm","ipomea.sinensis",NA,"O","N","20090617"
"2H","All","Stm","justicia.dichipteroides",NA,"O","N","20090617"
"2H","All","Stm","k",NA,"O","N","20090617"
"2H","All","Stm","kyllinga.sp",NA,"O","N","20090617"
"2H","All","Stm","leucas.glabrata",NA,"O","N","20090617"
"2H","All","Stm","leucas.martiniscensis",NA,"O","N","20090617"
"2H","All","Stm","lily.a",NA,"O","N","20090617"
"2H","All","Stm","lily.b",NA,"O","N","20090617"
"2H","All","Stm","lippia.javanica",NA,"O","N","20090617"
"2H","All","Stm","melhania.spp.",NA,"O","N","20090617"
"2H","All","Stm","misopates.orontium",NA,"O","N","20090617"
"2H","All","Stm","mollugo.nudicaulis",NA,"O","N","20090617"
"2H","All","Stm","monechima.debile",NA,"O","N","20090617"
"2H","All","Stm","monsonia.augustifolia",NA,"O","N","20090617"
"2H","All","Stm","ocimum.sp",NA,"O","N","20090617"
"2H","All","Stm","osteospermum.vaillantii",NA,"O","N","20090617"
"2H","All","Stm","oxygonum.sinuatum",NA,"O","N","20090617"
"2H","All","Stm","pavonia.patens",NA,"O","N","20090617"
"2H","All","Stm","pelargonium.alchemilloides",NA,"O","N","20090617"
"2H","All","Stm","pentanisia.ouranogyne",NA,"O","N","20090617"
"2H","All","Stm","phyllanthus.maderaspatensis",NA,"O","N","20090617"
"2H","All","Stm","plectranthus.spp",NA,"O","N","20090617"
"2H","All","Stm","pollichia.campestris",NA,"O","N","20090617"
"2H","All","Stm","polygala..l.",NA,"O","N","20090617"
"2H","All","Stm","polygala.sphenoptera",NA,"O","N","20090617"
"2H","All","Stm","portulaca.oleracea",NA,"O","N","20090617"
"2H","All","Stm","portulaca.quadrifida",NA,"O","N","20090617"
"2H","All","Stm","pseudognaphalium..helichrysum.glumaceum.",NA,"O","N","20090617"
"2H","All","Stm","psilotrichum.schimperi",NA,"O","N","20090617"
"2H","All","Stm","rhinacanthus.ndorensis",NA,"O","N","20090617"
"2H","All","Stm","rhynchosia.holstii",NA,"O","N","20090617"
"2H","All","Stm","schkuhria.pinnata",NA,"O","N","20090617"
"2H","All","Stm","sida.2",NA,"O","N","20090617"
"2H","All","Stm","sida.cuneifolia",NA,"O","N","20090617"
"2H","All","Stm","solanum.incanum",NA,"O","N","20090617"
"2H","All","Stm","solanum.indicum",NA,"O","N","20090617"
"2H","All","Stm","tribulus.terrestris",NA,"O","N","20090617"
"2H","All","Stm","u",NA,"O","N","20090617"
"2H","All","Stm","w",NA,"O","N","20090617"
"2H","All","Stm","x_4",NA,"O","N","20090617"
"2H","All","Stm","x_5",NA,"O","N","20090617"
"2H","All","Stm","x_6",NA,"O","N","20090617"
"2H","All","Stm","x_7",NA,"O","N","20090617"
"2H","All","Stm","x_8",NA,"O","N","20090617"
"2F","1st","","bracharia.lacnantha",NA,"O","N","20090617"
"2F","1st","","lintonia.nutans",NA,"O","N","20090617"
"2F","1st","","pennisetum.mezianum",3,"O","N","20090617"
"2F","1st","","pennisetum.straminium",2,"O","N","20090617"
"2F","1st","","themeda.triandra",9,"O","N","20090617"
"2F","1st","","bare",NA,"O","N","20090617"
"2F","1st","","x_2",NA,"O","N","20090617"
"2F","1st","","aristida.kenyensis",NA,"O","N","20090617"
"2F","1st","","bothriochloa.insculpta",NA,"O","N","20090617"
"2F","1st","","bracharia.3",NA,"O","N","20090617"
"2F","1st","","bracharia.eruciformis",NA,"O","N","20090617"
"2F","1st","","chloris.sp",NA,"O","N","20090617"
"2F","1st","","cynodon.dactylon",NA,"O","N","20090617"
"2F","1st","","cynodon.plectostachyus",NA,"O","N","20090617"
"2F","1st","","cyperus...mariscus.spp",NA,"O","N","20090617"
"2F","1st","","digitaria.2",NA,"O","N","20090617"
"2F","1st","","digitaria.milanjiana",NA,"O","N","20090617"
"2F","1st","","dinebra.retroflexa",NA,"O","N","20090617"
"2F","1st","","eragrostis.tenuifolia",NA,"O","N","20090617"
"2F","1st","","harpachne.schimperi",NA,"O","N","20090617"
"2F","1st","","microchloa.kunthii",NA,"O","N","20090617"
"2F","1st","","panicum.astrosanguinum",NA,"O","N","20090617"
"2F","1st","","setaria.acromelaena..small.",NA,"O","N","20090617"
"2F","1st","","setaria.sphaecealata..big.",NA,"O","N","20090617"
"2F","1st","","sporobolus.pyramidalis",NA,"O","N","20090617"
"2F","1st","","tragus.berteronianus",NA,"O","N","20090617"
"2F","1st","","x_3",NA,"O","N","20090617"
"2F","1st","","acalypha.crenata",NA,"O","N","20090617"
"2F","1st","","aerva.lanata",NA,"O","N","20090617"
"2F","1st","","amaranthus.hibridus",NA,"O","N","20090617"
"2F","1st","","aspilia.pluriseta",NA,"O","N","20090617"
"2F","1st","","asterolinon.adoense..v.",NA,"O","N","20090617"
"2F","1st","","caralluma.acutangula",NA,"O","N","20090617"
"2F","1st","","chenopodium.opulifolium",NA,"O","N","20090617"
"2F","1st","","chenopodium.schraderianum",NA,"O","N","20090617"
"2F","1st","","commelina.spp",NA,"O","N","20090617"
"2F","1st","","commicarpus.pedunculosus",NA,"O","N","20090617"
"2F","1st","","conyza.sp",NA,"O","N","20090617"
"2F","1st","","corchorus.sp",NA,"O","N","20090617"
"2F","1st","","crotelaria.sp",NA,"O","N","20090617"
"2F","1st","","cyathula.orthacantha",NA,"O","N","20090617"
"2F","1st","","dyscoriste.radicans",NA,"O","N","20090617"
"2F","1st","","euphorbia.inaequilatera",NA,"O","N","20090617"
"2F","1st","","evolvulus.alsinoides",NA,"O","N","20090617"
"2F","1st","","fern",NA,"O","N","20090617"
"2F","1st","","gutenbergia.sp",NA,"O","N","20090617"
"2F","1st","","hermannia.uhligii",NA,"O","N","20090617"
"2F","1st","","hibiscus.flavifolius",NA,"O","N","20090617"
"2F","1st","","hibiscus.trionum",NA,"O","N","20090617"
"2F","1st","","indigofera.brevicalyx",NA,"O","N","20090617"
"2F","1st","","indigofera.schimperi",NA,"O","N","20090617"
"2F","1st","","ipomea.sinensis",NA,"O","N","20090617"
"2F","1st","","justicia.dichipteroides",NA,"O","N","20090617"
"2F","1st","","k",NA,"O","N","20090617"
"2F","1st","","kyllinga.sp",NA,"O","N","20090617"
"2F","1st","","leucas.glabrata",NA,"O","N","20090617"
"2F","1st","","leucas.martiniscensis",NA,"O","N","20090617"
"2F","1st","","lily.a",NA,"O","N","20090617"
"2F","1st","","lily.b",NA,"O","N","20090617"
"2F","1st","","lippia.javanica",NA,"O","N","20090617"
"2F","1st","","melhania.spp.",NA,"O","N","20090617"
"2F","1st","","misopates.orontium",NA,"O","N","20090617"
"2F","1st","","mollugo.nudicaulis",NA,"O","N","20090617"
"2F","1st","","monechima.debile",NA,"O","N","20090617"
"2F","1st","","monsonia.augustifolia",NA,"O","N","20090617"
"2F","1st","","ocimum.sp",NA,"O","N","20090617"
"2F","1st","","osteospermum.vaillantii",NA,"O","N","20090617"
"2F","1st","","oxygonum.sinuatum",NA,"O","N","20090617"
"2F","1st","","pavonia.patens",NA,"O","N","20090617"
"2F","1st","","pelargonium.alchemilloides",NA,"O","N","20090617"
"2F","1st","","pentanisia.ouranogyne",NA,"O","N","20090617"
"2F","1st","","phyllanthus.maderaspatensis",NA,"O","N","20090617"
"2F","1st","","plectranthus.spp",NA,"O","N","20090617"
"2F","1st","","pollichia.campestris",NA,"O","N","20090617"
"2F","1st","","polygala..l.",NA,"O","N","20090617"
"2F","1st","","polygala.sphenoptera",NA,"O","N","20090617"
"2F","1st","","portulaca.oleracea",NA,"O","N","20090617"
"2F","1st","","portulaca.quadrifida",NA,"O","N","20090617"
"2F","1st","","pseudognaphalium..helichrysum.glumaceum.",NA,"O","N","20090617"
"2F","1st","","psilotrichum.schimperi",NA,"O","N","20090617"
"2F","1st","","rhinacanthus.ndorensis",NA,"O","N","20090617"
"2F","1st","","rhynchosia.holstii",NA,"O","N","20090617"
"2F","1st","","schkuhria.pinnata",NA,"O","N","20090617"
"2F","1st","","sida.2",NA,"O","N","20090617"
"2F","1st","","sida.cuneifolia",NA,"O","N","20090617"
"2F","1st","","solanum.incanum",NA,"O","N","20090617"
"2F","1st","","solanum.indicum",NA,"O","N","20090617"
"2F","1st","","tribulus.terrestris",NA,"O","N","20090617"
"2F","1st","","u",NA,"O","N","20090617"
"2F","1st","","w",NA,"O","N","20090617"
"2F","1st","","x_4",NA,"O","N","20090617"
"2F","1st","","x_5",NA,"O","N","20090617"
"2F","1st","","x_6",NA,"O","N","20090617"
"2F","1st","","x_7",NA,"O","N","20090617"
"2F","1st","","x_8",NA,"O","N","20090617"
"2F","All","Lvs","bracharia.lacnantha",NA,"O","N","20090617"
"2F","All","Lvs","lintonia.nutans",NA,"O","N","20090617"
"2F","All","Lvs","pennisetum.mezianum",9,"O","N","20090617"
"2F","All","Lvs","pennisetum.straminium",6,"O","N","20090617"
"2F","All","Lvs","themeda.triandra",27,"O","N","20090617"
"2F","All","Lvs","bare",NA,"O","N","20090617"
"2F","All","Lvs","x_2",NA,"O","N","20090617"
"2F","All","Lvs","aristida.kenyensis",NA,"O","N","20090617"
"2F","All","Lvs","bothriochloa.insculpta",NA,"O","N","20090617"
"2F","All","Lvs","bracharia.3",NA,"O","N","20090617"
"2F","All","Lvs","bracharia.eruciformis",NA,"O","N","20090617"
"2F","All","Lvs","chloris.sp",NA,"O","N","20090617"
"2F","All","Lvs","cynodon.dactylon",NA,"O","N","20090617"
"2F","All","Lvs","cynodon.plectostachyus",NA,"O","N","20090617"
"2F","All","Lvs","cyperus...mariscus.spp",NA,"O","N","20090617"
"2F","All","Lvs","digitaria.2",NA,"O","N","20090617"
"2F","All","Lvs","digitaria.milanjiana",NA,"O","N","20090617"
"2F","All","Lvs","dinebra.retroflexa",NA,"O","N","20090617"
"2F","All","Lvs","eragrostis.tenuifolia",NA,"O","N","20090617"
"2F","All","Lvs","harpachne.schimperi",NA,"O","N","20090617"
"2F","All","Lvs","microchloa.kunthii",NA,"O","N","20090617"
"2F","All","Lvs","panicum.astrosanguinum",NA,"O","N","20090617"
"2F","All","Lvs","setaria.acromelaena..small.",NA,"O","N","20090617"
"2F","All","Lvs","setaria.sphaecealata..big.",NA,"O","N","20090617"
"2F","All","Lvs","sporobolus.pyramidalis",NA,"O","N","20090617"
"2F","All","Lvs","tragus.berteronianus",NA,"O","N","20090617"
"2F","All","Lvs","x_3",NA,"O","N","20090617"
"2F","All","Lvs","acalypha.crenata",NA,"O","N","20090617"
"2F","All","Lvs","aerva.lanata",NA,"O","N","20090617"
"2F","All","Lvs","amaranthus.hibridus",NA,"O","N","20090617"
"2F","All","Lvs","aspilia.pluriseta",NA,"O","N","20090617"
"2F","All","Lvs","asterolinon.adoense..v.",NA,"O","N","20090617"
"2F","All","Lvs","caralluma.acutangula",NA,"O","N","20090617"
"2F","All","Lvs","chenopodium.opulifolium",NA,"O","N","20090617"
"2F","All","Lvs","chenopodium.schraderianum",NA,"O","N","20090617"
"2F","All","Lvs","commelina.spp",NA,"O","N","20090617"
"2F","All","Lvs","commicarpus.pedunculosus",NA,"O","N","20090617"
"2F","All","Lvs","conyza.sp",NA,"O","N","20090617"
"2F","All","Lvs","corchorus.sp",NA,"O","N","20090617"
"2F","All","Lvs","crotelaria.sp",NA,"O","N","20090617"
"2F","All","Lvs","cyathula.orthacantha",NA,"O","N","20090617"
"2F","All","Lvs","dyscoriste.radicans",NA,"O","N","20090617"
"2F","All","Lvs","euphorbia.inaequilatera",NA,"O","N","20090617"
"2F","All","Lvs","evolvulus.alsinoides",NA,"O","N","20090617"
"2F","All","Lvs","fern",NA,"O","N","20090617"
"2F","All","Lvs","gutenbergia.sp",NA,"O","N","20090617"
"2F","All","Lvs","hermannia.uhligii",NA,"O","N","20090617"
"2F","All","Lvs","hibiscus.flavifolius",NA,"O","N","20090617"
"2F","All","Lvs","hibiscus.trionum",NA,"O","N","20090617"
"2F","All","Lvs","indigofera.brevicalyx",NA,"O","N","20090617"
"2F","All","Lvs","indigofera.schimperi",NA,"O","N","20090617"
"2F","All","Lvs","ipomea.sinensis",NA,"O","N","20090617"
"2F","All","Lvs","justicia.dichipteroides",NA,"O","N","20090617"
"2F","All","Lvs","k",NA,"O","N","20090617"
"2F","All","Lvs","kyllinga.sp",NA,"O","N","20090617"
"2F","All","Lvs","leucas.glabrata",NA,"O","N","20090617"
"2F","All","Lvs","leucas.martiniscensis",NA,"O","N","20090617"
"2F","All","Lvs","lily.a",NA,"O","N","20090617"
"2F","All","Lvs","lily.b",NA,"O","N","20090617"
"2F","All","Lvs","lippia.javanica",NA,"O","N","20090617"
"2F","All","Lvs","melhania.spp.",NA,"O","N","20090617"
"2F","All","Lvs","misopates.orontium",NA,"O","N","20090617"
"2F","All","Lvs","mollugo.nudicaulis",NA,"O","N","20090617"
"2F","All","Lvs","monechima.debile",NA,"O","N","20090617"
"2F","All","Lvs","monsonia.augustifolia",NA,"O","N","20090617"
"2F","All","Lvs","ocimum.sp",NA,"O","N","20090617"
"2F","All","Lvs","osteospermum.vaillantii",NA,"O","N","20090617"
"2F","All","Lvs","oxygonum.sinuatum",NA,"O","N","20090617"
"2F","All","Lvs","pavonia.patens",NA,"O","N","20090617"
"2F","All","Lvs","pelargonium.alchemilloides",NA,"O","N","20090617"
"2F","All","Lvs","pentanisia.ouranogyne",NA,"O","N","20090617"
"2F","All","Lvs","phyllanthus.maderaspatensis",NA,"O","N","20090617"
"2F","All","Lvs","plectranthus.spp",NA,"O","N","20090617"
"2F","All","Lvs","pollichia.campestris",NA,"O","N","20090617"
"2F","All","Lvs","polygala..l.",NA,"O","N","20090617"
"2F","All","Lvs","polygala.sphenoptera",NA,"O","N","20090617"
"2F","All","Lvs","portulaca.oleracea",NA,"O","N","20090617"
"2F","All","Lvs","portulaca.quadrifida",NA,"O","N","20090617"
"2F","All","Lvs","pseudognaphalium..helichrysum.glumaceum.",NA,"O","N","20090617"
"2F","All","Lvs","psilotrichum.schimperi",NA,"O","N","20090617"
"2F","All","Lvs","rhinacanthus.ndorensis",NA,"O","N","20090617"
"2F","All","Lvs","rhynchosia.holstii",NA,"O","N","20090617"
"2F","All","Lvs","schkuhria.pinnata",NA,"O","N","20090617"
"2F","All","Lvs","sida.2",NA,"O","N","20090617"
"2F","All","Lvs","sida.cuneifolia",NA,"O","N","20090617"
"2F","All","Lvs","solanum.incanum",NA,"O","N","20090617"
"2F","All","Lvs","solanum.indicum",NA,"O","N","20090617"
"2F","All","Lvs","tribulus.terrestris",NA,"O","N","20090617"
"2F","All","Lvs","u",NA,"O","N","20090617"
"2F","All","Lvs","w",NA,"O","N","20090617"
"2F","All","Lvs","x_4",NA,"O","N","20090617"
"2F","All","Lvs","x_5",NA,"O","N","20090617"
"2F","All","Lvs","x_6",NA,"O","N","20090617"
"2F","All","Lvs","x_7",NA,"O","N","20090617"
"2F","All","Lvs","x_8",NA,"O","N","20090617"
"2F","All","Stm","bracharia.lacnantha",NA,"O","N","20090617"
"2F","All","Stm","lintonia.nutans",NA,"O","N","20090617"
"2F","All","Stm","pennisetum.mezianum",4,"O","N","20090617"
"2F","All","Stm","pennisetum.straminium",1,"O","N","20090617"
"2F","All","Stm","themeda.triandra",5,"O","N","20090617"
"2F","All","Stm","bare",NA,"O","N","20090617"
"2F","All","Stm","x_2",NA,"O","N","20090617"
"2F","All","Stm","aristida.kenyensis",NA,"O","N","20090617"
"2F","All","Stm","bothriochloa.insculpta",NA,"O","N","20090617"
"2F","All","Stm","bracharia.3",NA,"O","N","20090617"
"2F","All","Stm","bracharia.eruciformis",NA,"O","N","20090617"
"2F","All","Stm","chloris.sp",NA,"O","N","20090617"
"2F","All","Stm","cynodon.dactylon",NA,"O","N","20090617"
"2F","All","Stm","cynodon.plectostachyus",NA,"O","N","20090617"
"2F","All","Stm","cyperus...mariscus.spp",NA,"O","N","20090617"
"2F","All","Stm","digitaria.2",NA,"O","N","20090617"
"2F","All","Stm","digitaria.milanjiana",NA,"O","N","20090617"
"2F","All","Stm","dinebra.retroflexa",NA,"O","N","20090617"
"2F","All","Stm","eragrostis.tenuifolia",NA,"O","N","20090617"
"2F","All","Stm","harpachne.schimperi",NA,"O","N","20090617"
"2F","All","Stm","microchloa.kunthii",NA,"O","N","20090617"
"2F","All","Stm","panicum.astrosanguinum",NA,"O","N","20090617"
"2F","All","Stm","setaria.acromelaena..small.",NA,"O","N","20090617"
"2F","All","Stm","setaria.sphaecealata..big.",NA,"O","N","20090617"
"2F","All","Stm","sporobolus.pyramidalis",NA,"O","N","20090617"
"2F","All","Stm","tragus.berteronianus",NA,"O","N","20090617"
"2F","All","Stm","x_3",NA,"O","N","20090617"
"2F","All","Stm","acalypha.crenata",NA,"O","N","20090617"
"2F","All","Stm","aerva.lanata",NA,"O","N","20090617"
"2F","All","Stm","amaranthus.hibridus",NA,"O","N","20090617"
"2F","All","Stm","aspilia.pluriseta",NA,"O","N","20090617"
"2F","All","Stm","asterolinon.adoense..v.",NA,"O","N","20090617"
"2F","All","Stm","caralluma.acutangula",NA,"O","N","20090617"
"2F","All","Stm","chenopodium.opulifolium",NA,"O","N","20090617"
"2F","All","Stm","chenopodium.schraderianum",NA,"O","N","20090617"
"2F","All","Stm","commelina.spp",NA,"O","N","20090617"
"2F","All","Stm","commicarpus.pedunculosus",NA,"O","N","20090617"
"2F","All","Stm","conyza.sp",NA,"O","N","20090617"
"2F","All","Stm","corchorus.sp",NA,"O","N","20090617"
"2F","All","Stm","crotelaria.sp",NA,"O","N","20090617"
"2F","All","Stm","cyathula.orthacantha",NA,"O","N","20090617"
"2F","All","Stm","dyscoriste.radicans",NA,"O","N","20090617"
"2F","All","Stm","euphorbia.inaequilatera",NA,"O","N","20090617"
"2F","All","Stm","evolvulus.alsinoides",NA,"O","N","20090617"
"2F","All","Stm","fern",NA,"O","N","20090617"
"2F","All","Stm","gutenbergia.sp",NA,"O","N","20090617"
"2F","All","Stm","hermannia.uhligii",NA,"O","N","20090617"
"2F","All","Stm","hibiscus.flavifolius",NA,"O","N","20090617"
"2F","All","Stm","hibiscus.trionum",NA,"O","N","20090617"
"2F","All","Stm","indigofera.brevicalyx",NA,"O","N","20090617"
"2F","All","Stm","indigofera.schimperi",NA,"O","N","20090617"
"2F","All","Stm","ipomea.sinensis",NA,"O","N","20090617"
"2F","All","Stm","justicia.dichipteroides",NA,"O","N","20090617"
"2F","All","Stm","k",NA,"O","N","20090617"
"2F","All","Stm","kyllinga.sp",NA,"O","N","20090617"
"2F","All","Stm","leucas.glabrata",NA,"O","N","20090617"
"2F","All","Stm","leucas.martiniscensis",NA,"O","N","20090617"
"2F","All","Stm","lily.a",NA,"O","N","20090617"
"2F","All","Stm","lily.b",NA,"O","N","20090617"
"2F","All","Stm","lippia.javanica",NA,"O","N","20090617"
"2F","All","Stm","melhania.spp.",NA,"O","N","20090617"
"2F","All","Stm","misopates.orontium",NA,"O","N","20090617"
"2F","All","Stm","mollugo.nudicaulis",NA,"O","N","20090617"
"2F","All","Stm","monechima.debile",NA,"O","N","20090617"
"2F","All","Stm","monsonia.augustifolia",NA,"O","N","20090617"
"2F","All","Stm","ocimum.sp",NA,"O","N","20090617"
"2F","All","Stm","osteospermum.vaillantii",NA,"O","N","20090617"
"2F","All","Stm","oxygonum.sinuatum",NA,"O","N","20090617"
"2F","All","Stm","pavonia.patens",NA,"O","N","20090617"
"2F","All","Stm","pelargonium.alchemilloides",NA,"O","N","20090617"
"2F","All","Stm","pentanisia.ouranogyne",NA,"O","N","20090617"
"2F","All","Stm","phyllanthus.maderaspatensis",NA,"O","N","20090617"
"2F","All","Stm","plectranthus.spp",NA,"O","N","20090617"
"2F","All","Stm","pollichia.campestris",NA,"O","N","20090617"
"2F","All","Stm","polygala..l.",NA,"O","N","20090617"
"2F","All","Stm","polygala.sphenoptera",NA,"O","N","20090617"
"2F","All","Stm","portulaca.oleracea",NA,"O","N","20090617"
"2F","All","Stm","portulaca.quadrifida",NA,"O","N","20090617"
"2F","All","Stm","pseudognaphalium..helichrysum.glumaceum.",NA,"O","N","20090617"
"2F","All","Stm","psilotrichum.schimperi",NA,"O","N","20090617"
"2F","All","Stm","rhinacanthus.ndorensis",NA,"O","N","20090617"
"2F","All","Stm","rhynchosia.holstii",NA,"O","N","20090617"
"2F","All","Stm","schkuhria.pinnata",NA,"O","N","20090617"
"2F","All","Stm","sida.2",NA,"O","N","20090617"
"2F","All","Stm","sida.cuneifolia",NA,"O","N","20090617"
"2F","All","Stm","solanum.incanum",NA,"O","N","20090617"
"2F","All","Stm","solanum.indicum",NA,"O","N","20090617"
"2F","All","Stm","tribulus.terrestris",NA,"O","N","20090617"
"2F","All","Stm","u",NA,"O","N","20090617"
"2F","All","Stm","w",NA,"O","N","20090617"
"2F","All","Stm","x_4",NA,"O","N","20090617"
"2F","All","Stm","x_5",NA,"O","N","20090617"
"2F","All","Stm","x_6",NA,"O","N","20090617"
"2F","All","Stm","x_7",NA,"O","N","20090617"
"2F","All","Stm","x_8",NA,"O","N","20090617"
"2D","1st","","bracharia.lacnantha",2,"O","N","20090617"
"2D","1st","","lintonia.nutans",NA,"O","N","20090617"
"2D","1st","","pennisetum.mezianum",5,"O","N","20090617"
"2D","1st","","pennisetum.straminium",NA,"O","N","20090617"
"2D","1st","","themeda.triandra",2,"O","N","20090617"
"2D","1st","","bare",3,"O","N","20090617"
"2D","1st","","x_2",NA,"O","N","20090617"
"2D","1st","","aristida.kenyensis",NA,"O","N","20090617"
"2D","1st","","bothriochloa.insculpta",NA,"O","N","20090617"
"2D","1st","","bracharia.3",NA,"O","N","20090617"
"2D","1st","","bracharia.eruciformis",NA,"O","N","20090617"
"2D","1st","","chloris.sp",NA,"O","N","20090617"
"2D","1st","","cynodon.dactylon",NA,"O","N","20090617"
"2D","1st","","cynodon.plectostachyus",NA,"O","N","20090617"
"2D","1st","","cyperus...mariscus.spp",NA,"O","N","20090617"
"2D","1st","","digitaria.2",NA,"O","N","20090617"
"2D","1st","","digitaria.milanjiana",NA,"O","N","20090617"
"2D","1st","","dinebra.retroflexa",NA,"O","N","20090617"
"2D","1st","","eragrostis.tenuifolia",NA,"O","N","20090617"
"2D","1st","","harpachne.schimperi",NA,"O","N","20090617"
"2D","1st","","microchloa.kunthii",NA,"O","N","20090617"
"2D","1st","","panicum.astrosanguinum",NA,"O","N","20090617"
"2D","1st","","setaria.acromelaena..small.",NA,"O","N","20090617"
"2D","1st","","setaria.sphaecealata..big.",NA,"O","N","20090617"
"2D","1st","","sporobolus.pyramidalis",NA,"O","N","20090617"
"2D","1st","","tragus.berteronianus",NA,"O","N","20090617"
"2D","1st","","x_3",NA,"O","N","20090617"
"2D","1st","","acalypha.crenata",NA,"O","N","20090617"
"2D","1st","","aerva.lanata",NA,"O","N","20090617"
"2D","1st","","amaranthus.hibridus",NA,"O","N","20090617"
"2D","1st","","aspilia.pluriseta",NA,"O","N","20090617"
"2D","1st","","asterolinon.adoense..v.",NA,"O","N","20090617"
"2D","1st","","caralluma.acutangula",NA,"O","N","20090617"
"2D","1st","","chenopodium.opulifolium",NA,"O","N","20090617"
"2D","1st","","chenopodium.schraderianum",NA,"O","N","20090617"
"2D","1st","","commelina.spp",NA,"O","N","20090617"
"2D","1st","","commicarpus.pedunculosus",NA,"O","N","20090617"
"2D","1st","","conyza.sp",NA,"O","N","20090617"
"2D","1st","","corchorus.sp",NA,"O","N","20090617"
"2D","1st","","crotelaria.sp",NA,"O","N","20090617"
"2D","1st","","cyathula.orthacantha",NA,"O","N","20090617"
"2D","1st","","dyscoriste.radicans",NA,"O","N","20090617"
"2D","1st","","euphorbia.inaequilatera",NA,"O","N","20090617"
"2D","1st","","evolvulus.alsinoides",NA,"O","N","20090617"
"2D","1st","","fern",NA,"O","N","20090617"
"2D","1st","","gutenbergia.sp",NA,"O","N","20090617"
"2D","1st","","hermannia.uhligii",NA,"O","N","20090617"
"2D","1st","","hibiscus.flavifolius",NA,"O","N","20090617"
"2D","1st","","hibiscus.trionum",NA,"O","N","20090617"
"2D","1st","","indigofera.brevicalyx",NA,"O","N","20090617"
"2D","1st","","indigofera.schimperi",NA,"O","N","20090617"
"2D","1st","","ipomea.sinensis",NA,"O","N","20090617"
"2D","1st","","justicia.dichipteroides",NA,"O","N","20090617"
"2D","1st","","k",NA,"O","N","20090617"
"2D","1st","","kyllinga.sp",NA,"O","N","20090617"
"2D","1st","","leucas.glabrata",NA,"O","N","20090617"
"2D","1st","","leucas.martiniscensis",NA,"O","N","20090617"
"2D","1st","","lily.a",NA,"O","N","20090617"
"2D","1st","","lily.b",NA,"O","N","20090617"
"2D","1st","","lippia.javanica",NA,"O","N","20090617"
"2D","1st","","melhania.spp.",NA,"O","N","20090617"
"2D","1st","","misopates.orontium",NA,"O","N","20090617"
"2D","1st","","mollugo.nudicaulis",NA,"O","N","20090617"
"2D","1st","","monechima.debile",NA,"O","N","20090617"
"2D","1st","","monsonia.augustifolia",NA,"O","N","20090617"
"2D","1st","","ocimum.sp",NA,"O","N","20090617"
"2D","1st","","osteospermum.vaillantii",NA,"O","N","20090617"
"2D","1st","","oxygonum.sinuatum",NA,"O","N","20090617"
"2D","1st","","pavonia.patens",NA,"O","N","20090617"
"2D","1st","","pelargonium.alchemilloides",NA,"O","N","20090617"
"2D","1st","","pentanisia.ouranogyne",NA,"O","N","20090617"
"2D","1st","","phyllanthus.maderaspatensis",NA,"O","N","20090617"
"2D","1st","","plectranthus.spp",NA,"O","N","20090617"
"2D","1st","","pollichia.campestris",NA,"O","N","20090617"
"2D","1st","","polygala..l.",NA,"O","N","20090617"
"2D","1st","","polygala.sphenoptera",NA,"O","N","20090617"
"2D","1st","","portulaca.oleracea",NA,"O","N","20090617"
"2D","1st","","portulaca.quadrifida",NA,"O","N","20090617"
"2D","1st","","pseudognaphalium..helichrysum.glumaceum.",NA,"O","N","20090617"
"2D","1st","","psilotrichum.schimperi",NA,"O","N","20090617"
"2D","1st","","rhinacanthus.ndorensis",NA,"O","N","20090617"
"2D","1st","","rhynchosia.holstii",NA,"O","N","20090617"
"2D","1st","","schkuhria.pinnata",NA,"O","N","20090617"
"2D","1st","","sida.2",NA,"O","N","20090617"
"2D","1st","","sida.cuneifolia",NA,"O","N","20090617"
"2D","1st","","solanum.incanum",NA,"O","N","20090617"
"2D","1st","","solanum.indicum",NA,"O","N","20090617"
"2D","1st","","tribulus.terrestris",NA,"O","N","20090617"
"2D","1st","","u",NA,"O","N","20090617"
"2D","1st","","w",NA,"O","N","20090617"
"2D","1st","","x_4",NA,"O","N","20090617"
"2D","1st","","x_5",NA,"O","N","20090617"
"2D","1st","","x_6",NA,"O","N","20090617"
"2D","1st","","x_7",NA,"O","N","20090617"
"2D","1st","","x_8",NA,"O","N","20090617"
"2D","All","Lvs","bracharia.lacnantha",2,"O","N","20090617"
"2D","All","Lvs","lintonia.nutans",NA,"O","N","20090617"
"2D","All","Lvs","pennisetum.mezianum",8,"O","N","20090617"
"2D","All","Lvs","pennisetum.straminium",NA,"O","N","20090617"
"2D","All","Lvs","themeda.triandra",3,"O","N","20090617"
"2D","All","Lvs","bare",NA,"O","N","20090617"
"2D","All","Lvs","x_2",NA,"O","N","20090617"
"2D","All","Lvs","aristida.kenyensis",NA,"O","N","20090617"
"2D","All","Lvs","bothriochloa.insculpta",NA,"O","N","20090617"
"2D","All","Lvs","bracharia.3",NA,"O","N","20090617"
"2D","All","Lvs","bracharia.eruciformis",NA,"O","N","20090617"
"2D","All","Lvs","chloris.sp",NA,"O","N","20090617"
"2D","All","Lvs","cynodon.dactylon",NA,"O","N","20090617"
"2D","All","Lvs","cynodon.plectostachyus",NA,"O","N","20090617"
"2D","All","Lvs","cyperus...mariscus.spp",NA,"O","N","20090617"
"2D","All","Lvs","digitaria.2",NA,"O","N","20090617"
"2D","All","Lvs","digitaria.milanjiana",NA,"O","N","20090617"
"2D","All","Lvs","dinebra.retroflexa",NA,"O","N","20090617"
"2D","All","Lvs","eragrostis.tenuifolia",NA,"O","N","20090617"
"2D","All","Lvs","harpachne.schimperi",NA,"O","N","20090617"
"2D","All","Lvs","microchloa.kunthii",NA,"O","N","20090617"
"2D","All","Lvs","panicum.astrosanguinum",NA,"O","N","20090617"
"2D","All","Lvs","setaria.acromelaena..small.",NA,"O","N","20090617"
"2D","All","Lvs","setaria.sphaecealata..big.",NA,"O","N","20090617"
"2D","All","Lvs","sporobolus.pyramidalis",NA,"O","N","20090617"
"2D","All","Lvs","tragus.berteronianus",NA,"O","N","20090617"
"2D","All","Lvs","x_3",NA,"O","N","20090617"
"2D","All","Lvs","acalypha.crenata",NA,"O","N","20090617"
"2D","All","Lvs","aerva.lanata",NA,"O","N","20090617"
"2D","All","Lvs","amaranthus.hibridus",NA,"O","N","20090617"
"2D","All","Lvs","aspilia.pluriseta",NA,"O","N","20090617"
"2D","All","Lvs","asterolinon.adoense..v.",NA,"O","N","20090617"
"2D","All","Lvs","caralluma.acutangula",NA,"O","N","20090617"
"2D","All","Lvs","chenopodium.opulifolium",NA,"O","N","20090617"
"2D","All","Lvs","chenopodium.schraderianum",NA,"O","N","20090617"
"2D","All","Lvs","commelina.spp",NA,"O","N","20090617"
"2D","All","Lvs","commicarpus.pedunculosus",NA,"O","N","20090617"
"2D","All","Lvs","conyza.sp",NA,"O","N","20090617"
"2D","All","Lvs","corchorus.sp",NA,"O","N","20090617"
"2D","All","Lvs","crotelaria.sp",NA,"O","N","20090617"
"2D","All","Lvs","cyathula.orthacantha",NA,"O","N","20090617"
"2D","All","Lvs","dyscoriste.radicans",NA,"O","N","20090617"
"2D","All","Lvs","euphorbia.inaequilatera",NA,"O","N","20090617"
"2D","All","Lvs","evolvulus.alsinoides",NA,"O","N","20090617"
"2D","All","Lvs","fern",NA,"O","N","20090617"
"2D","All","Lvs","gutenbergia.sp",NA,"O","N","20090617"
"2D","All","Lvs","hermannia.uhligii",NA,"O","N","20090617"
"2D","All","Lvs","hibiscus.flavifolius",NA,"O","N","20090617"
"2D","All","Lvs","hibiscus.trionum",NA,"O","N","20090617"
"2D","All","Lvs","indigofera.brevicalyx",NA,"O","N","20090617"
"2D","All","Lvs","indigofera.schimperi",NA,"O","N","20090617"
"2D","All","Lvs","ipomea.sinensis",NA,"O","N","20090617"
"2D","All","Lvs","justicia.dichipteroides",NA,"O","N","20090617"
"2D","All","Lvs","k",NA,"O","N","20090617"
"2D","All","Lvs","kyllinga.sp",NA,"O","N","20090617"
"2D","All","Lvs","leucas.glabrata",NA,"O","N","20090617"
"2D","All","Lvs","leucas.martiniscensis",NA,"O","N","20090617"
"2D","All","Lvs","lily.a",NA,"O","N","20090617"
"2D","All","Lvs","lily.b",NA,"O","N","20090617"
"2D","All","Lvs","lippia.javanica",NA,"O","N","20090617"
"2D","All","Lvs","melhania.spp.",NA,"O","N","20090617"
"2D","All","Lvs","misopates.orontium",NA,"O","N","20090617"
"2D","All","Lvs","mollugo.nudicaulis",NA,"O","N","20090617"
"2D","All","Lvs","monechima.debile",NA,"O","N","20090617"
"2D","All","Lvs","monsonia.augustifolia",NA,"O","N","20090617"
"2D","All","Lvs","ocimum.sp",NA,"O","N","20090617"
"2D","All","Lvs","osteospermum.vaillantii",NA,"O","N","20090617"
"2D","All","Lvs","oxygonum.sinuatum",NA,"O","N","20090617"
"2D","All","Lvs","pavonia.patens",NA,"O","N","20090617"
"2D","All","Lvs","pelargonium.alchemilloides",NA,"O","N","20090617"
"2D","All","Lvs","pentanisia.ouranogyne",NA,"O","N","20090617"
"2D","All","Lvs","phyllanthus.maderaspatensis",NA,"O","N","20090617"
"2D","All","Lvs","plectranthus.spp",NA,"O","N","20090617"
"2D","All","Lvs","pollichia.campestris",NA,"O","N","20090617"
"2D","All","Lvs","polygala..l.",NA,"O","N","20090617"
"2D","All","Lvs","polygala.sphenoptera",NA,"O","N","20090617"
"2D","All","Lvs","portulaca.oleracea",NA,"O","N","20090617"
"2D","All","Lvs","portulaca.quadrifida",NA,"O","N","20090617"
"2D","All","Lvs","pseudognaphalium..helichrysum.glumaceum.",NA,"O","N","20090617"
"2D","All","Lvs","psilotrichum.schimperi",NA,"O","N","20090617"
"2D","All","Lvs","rhinacanthus.ndorensis",NA,"O","N","20090617"
"2D","All","Lvs","rhynchosia.holstii",NA,"O","N","20090617"
"2D","All","Lvs","schkuhria.pinnata",NA,"O","N","20090617"
"2D","All","Lvs","sida.2",NA,"O","N","20090617"
"2D","All","Lvs","sida.cuneifolia",NA,"O","N","20090617"
"2D","All","Lvs","solanum.incanum",NA,"O","N","20090617"
"2D","All","Lvs","solanum.indicum",NA,"O","N","20090617"
"2D","All","Lvs","tribulus.terrestris",NA,"O","N","20090617"
"2D","All","Lvs","u",NA,"O","N","20090617"
"2D","All","Lvs","w",NA,"O","N","20090617"
"2D","All","Lvs","x_4",NA,"O","N","20090617"
"2D","All","Lvs","x_5",NA,"O","N","20090617"
"2D","All","Lvs","x_6",NA,"O","N","20090617"
"2D","All","Lvs","x_7",NA,"O","N","20090617"
"2D","All","Lvs","x_8",NA,"O","N","20090617"
"2D","All","Stm","bracharia.lacnantha",NA,"O","N","20090617"
"2D","All","Stm","lintonia.nutans",NA,"O","N","20090617"
"2D","All","Stm","pennisetum.mezianum",4,"O","N","20090617"
"2D","All","Stm","pennisetum.straminium",NA,"O","N","20090617"
"2D","All","Stm","themeda.triandra",NA,"O","N","20090617"
"2D","All","Stm","bare",NA,"O","N","20090617"
"2D","All","Stm","x_2",NA,"O","N","20090617"
"2D","All","Stm","aristida.kenyensis",NA,"O","N","20090617"
"2D","All","Stm","bothriochloa.insculpta",NA,"O","N","20090617"
"2D","All","Stm","bracharia.3",NA,"O","N","20090617"
"2D","All","Stm","bracharia.eruciformis",NA,"O","N","20090617"
"2D","All","Stm","chloris.sp",NA,"O","N","20090617"
"2D","All","Stm","cynodon.dactylon",NA,"O","N","20090617"
"2D","All","Stm","cynodon.plectostachyus",NA,"O","N","20090617"
"2D","All","Stm","cyperus...mariscus.spp",NA,"O","N","20090617"
"2D","All","Stm","digitaria.2",NA,"O","N","20090617"
"2D","All","Stm","digitaria.milanjiana",NA,"O","N","20090617"
"2D","All","Stm","dinebra.retroflexa",NA,"O","N","20090617"
"2D","All","Stm","eragrostis.tenuifolia",NA,"O","N","20090617"
"2D","All","Stm","harpachne.schimperi",NA,"O","N","20090617"
"2D","All","Stm","microchloa.kunthii",NA,"O","N","20090617"
"2D","All","Stm","panicum.astrosanguinum",NA,"O","N","20090617"
"2D","All","Stm","setaria.acromelaena..small.",NA,"O","N","20090617"
"2D","All","Stm","setaria.sphaecealata..big.",NA,"O","N","20090617"
"2D","All","Stm","sporobolus.pyramidalis",NA,"O","N","20090617"
"2D","All","Stm","tragus.berteronianus",NA,"O","N","20090617"
"2D","All","Stm","x_3",NA,"O","N","20090617"
"2D","All","Stm","acalypha.crenata",NA,"O","N","20090617"
"2D","All","Stm","aerva.lanata",NA,"O","N","20090617"
"2D","All","Stm","amaranthus.hibridus",NA,"O","N","20090617"
"2D","All","Stm","aspilia.pluriseta",NA,"O","N","20090617"
"2D","All","Stm","asterolinon.adoense..v.",NA,"O","N","20090617"
"2D","All","Stm","caralluma.acutangula",NA,"O","N","20090617"
"2D","All","Stm","chenopodium.opulifolium",NA,"O","N","20090617"
"2D","All","Stm","chenopodium.schraderianum",NA,"O","N","20090617"
"2D","All","Stm","commelina.spp",NA,"O","N","20090617"
"2D","All","Stm","commicarpus.pedunculosus",NA,"O","N","20090617"
"2D","All","Stm","conyza.sp",NA,"O","N","20090617"
"2D","All","Stm","corchorus.sp",NA,"O","N","20090617"
"2D","All","Stm","crotelaria.sp",NA,"O","N","20090617"
"2D","All","Stm","cyathula.orthacantha",NA,"O","N","20090617"
"2D","All","Stm","dyscoriste.radicans",NA,"O","N","20090617"
"2D","All","Stm","euphorbia.inaequilatera",NA,"O","N","20090617"
"2D","All","Stm","evolvulus.alsinoides",NA,"O","N","20090617"
"2D","All","Stm","fern",NA,"O","N","20090617"
"2D","All","Stm","gutenbergia.sp",NA,"O","N","20090617"
"2D","All","Stm","hermannia.uhligii",NA,"O","N","20090617"
"2D","All","Stm","hibiscus.flavifolius",NA,"O","N","20090617"
"2D","All","Stm","hibiscus.trionum",NA,"O","N","20090617"
"2D","All","Stm","indigofera.brevicalyx",NA,"O","N","20090617"
"2D","All","Stm","indigofera.schimperi",NA,"O","N","20090617"
"2D","All","Stm","ipomea.sinensis",NA,"O","N","20090617"
"2D","All","Stm","justicia.dichipteroides",NA,"O","N","20090617"
"2D","All","Stm","k",NA,"O","N","20090617"
"2D","All","Stm","kyllinga.sp",NA,"O","N","20090617"
"2D","All","Stm","leucas.glabrata",NA,"O","N","20090617"
"2D","All","Stm","leucas.martiniscensis",NA,"O","N","20090617"
"2D","All","Stm","lily.a",NA,"O","N","20090617"
"2D","All","Stm","lily.b",NA,"O","N","20090617"
"2D","All","Stm","lippia.javanica",NA,"O","N","20090617"
"2D","All","Stm","melhania.spp.",NA,"O","N","20090617"
"2D","All","Stm","misopates.orontium",NA,"O","N","20090617"
"2D","All","Stm","mollugo.nudicaulis",NA,"O","N","20090617"
"2D","All","Stm","monechima.debile",NA,"O","N","20090617"
"2D","All","Stm","monsonia.augustifolia",NA,"O","N","20090617"
"2D","All","Stm","ocimum.sp",NA,"O","N","20090617"
"2D","All","Stm","osteospermum.vaillantii",NA,"O","N","20090617"
"2D","All","Stm","oxygonum.sinuatum",NA,"O","N","20090617"
"2D","All","Stm","pavonia.patens",NA,"O","N","20090617"
"2D","All","Stm","pelargonium.alchemilloides",NA,"O","N","20090617"
"2D","All","Stm","pentanisia.ouranogyne",NA,"O","N","20090617"
"2D","All","Stm","phyllanthus.maderaspatensis",NA,"O","N","20090617"
"2D","All","Stm","plectranthus.spp",NA,"O","N","20090617"
"2D","All","Stm","pollichia.campestris",NA,"O","N","20090617"
"2D","All","Stm","polygala..l.",NA,"O","N","20090617"
"2D","All","Stm","polygala.sphenoptera",NA,"O","N","20090617"
"2D","All","Stm","portulaca.oleracea",NA,"O","N","20090617"
"2D","All","Stm","portulaca.quadrifida",NA,"O","N","20090617"
"2D","All","Stm","pseudognaphalium..helichrysum.glumaceum.",NA,"O","N","20090617"
"2D","All","Stm","psilotrichum.schimperi",NA,"O","N","20090617"
"2D","All","Stm","rhinacanthus.ndorensis",NA,"O","N","20090617"
"2D","All","Stm","rhynchosia.holstii",NA,"O","N","20090617"
"2D","All","Stm","schkuhria.pinnata",NA,"O","N","20090617"
"2D","All","Stm","sida.2",NA,"O","N","20090617"
"2D","All","Stm","sida.cuneifolia",NA,"O","N","20090617"
"2D","All","Stm","solanum.incanum",NA,"O","N","20090617"
"2D","All","Stm","solanum.indicum",NA,"O","N","20090617"
"2D","All","Stm","tribulus.terrestris",NA,"O","N","20090617"
"2D","All","Stm","u",NA,"O","N","20090617"
"2D","All","Stm","w",NA,"O","N","20090617"
"2D","All","Stm","x_4",NA,"O","N","20090617"
"2D","All","Stm","x_5",NA,"O","N","20090617"
"2D","All","Stm","x_6",NA,"O","N","20090617"
"2D","All","Stm","x_7",NA,"O","N","20090617"
"2D","All","Stm","x_8",NA,"O","N","20090617"
"2B","1st","","bracharia.lacnantha",NA,"O","N","20090617"
"2B","1st","","lintonia.nutans",NA,"O","N","20090617"
"2B","1st","","pennisetum.mezianum",NA,"O","N","20090617"
"2B","1st","","pennisetum.straminium",9,"O","N","20090617"
"2B","1st","","themeda.triandra",2,"O","N","20090617"
"2B","1st","","bare",NA,"O","N","20090617"
"2B","1st","","x_2",NA,"O","N","20090617"
"2B","1st","","aristida.kenyensis",NA,"O","N","20090617"
"2B","1st","","bothriochloa.insculpta",NA,"O","N","20090617"
"2B","1st","","bracharia.3",NA,"O","N","20090617"
"2B","1st","","bracharia.eruciformis",NA,"O","N","20090617"
"2B","1st","","chloris.sp",NA,"O","N","20090617"
"2B","1st","","cynodon.dactylon",NA,"O","N","20090617"
"2B","1st","","cynodon.plectostachyus",NA,"O","N","20090617"
"2B","1st","","cyperus...mariscus.spp",NA,"O","N","20090617"
"2B","1st","","digitaria.2",NA,"O","N","20090617"
"2B","1st","","digitaria.milanjiana",NA,"O","N","20090617"
"2B","1st","","dinebra.retroflexa",NA,"O","N","20090617"
"2B","1st","","eragrostis.tenuifolia",NA,"O","N","20090617"
"2B","1st","","harpachne.schimperi",NA,"O","N","20090617"
"2B","1st","","microchloa.kunthii",NA,"O","N","20090617"
"2B","1st","","panicum.astrosanguinum",NA,"O","N","20090617"
"2B","1st","","setaria.acromelaena..small.",NA,"O","N","20090617"
"2B","1st","","setaria.sphaecealata..big.",NA,"O","N","20090617"
"2B","1st","","sporobolus.pyramidalis",NA,"O","N","20090617"
"2B","1st","","tragus.berteronianus",NA,"O","N","20090617"
"2B","1st","","x_3",NA,"O","N","20090617"
"2B","1st","","acalypha.crenata",NA,"O","N","20090617"
"2B","1st","","aerva.lanata",NA,"O","N","20090617"
"2B","1st","","amaranthus.hibridus",NA,"O","N","20090617"
"2B","1st","","aspilia.pluriseta",3,"O","N","20090617"
"2B","1st","","asterolinon.adoense..v.",NA,"O","N","20090617"
"2B","1st","","caralluma.acutangula",NA,"O","N","20090617"
"2B","1st","","chenopodium.opulifolium",NA,"O","N","20090617"
"2B","1st","","chenopodium.schraderianum",NA,"O","N","20090617"
"2B","1st","","commelina.spp",NA,"O","N","20090617"
"2B","1st","","commicarpus.pedunculosus",NA,"O","N","20090617"
"2B","1st","","conyza.sp",NA,"O","N","20090617"
"2B","1st","","corchorus.sp",NA,"O","N","20090617"
"2B","1st","","crotelaria.sp",NA,"O","N","20090617"
"2B","1st","","cyathula.orthacantha",NA,"O","N","20090617"
"2B","1st","","dyscoriste.radicans",NA,"O","N","20090617"
"2B","1st","","euphorbia.inaequilatera",NA,"O","N","20090617"
"2B","1st","","evolvulus.alsinoides",NA,"O","N","20090617"
"2B","1st","","fern",NA,"O","N","20090617"
"2B","1st","","gutenbergia.sp",NA,"O","N","20090617"
"2B","1st","","hermannia.uhligii",NA,"O","N","20090617"
"2B","1st","","hibiscus.flavifolius",NA,"O","N","20090617"
"2B","1st","","hibiscus.trionum",NA,"O","N","20090617"
"2B","1st","","indigofera.brevicalyx",NA,"O","N","20090617"
"2B","1st","","indigofera.schimperi",NA,"O","N","20090617"
"2B","1st","","ipomea.sinensis",NA,"O","N","20090617"
"2B","1st","","justicia.dichipteroides",NA,"O","N","20090617"
"2B","1st","","k",NA,"O","N","20090617"
"2B","1st","","kyllinga.sp",NA,"O","N","20090617"
"2B","1st","","leucas.glabrata",NA,"O","N","20090617"
"2B","1st","","leucas.martiniscensis",NA,"O","N","20090617"
"2B","1st","","lily.a",NA,"O","N","20090617"
"2B","1st","","lily.b",NA,"O","N","20090617"
"2B","1st","","lippia.javanica",NA,"O","N","20090617"
"2B","1st","","melhania.spp.",NA,"O","N","20090617"
"2B","1st","","misopates.orontium",NA,"O","N","20090617"
"2B","1st","","mollugo.nudicaulis",NA,"O","N","20090617"
"2B","1st","","monechima.debile",NA,"O","N","20090617"
"2B","1st","","monsonia.augustifolia",NA,"O","N","20090617"
"2B","1st","","ocimum.sp",NA,"O","N","20090617"
"2B","1st","","osteospermum.vaillantii",NA,"O","N","20090617"
"2B","1st","","oxygonum.sinuatum",NA,"O","N","20090617"
"2B","1st","","pavonia.patens",NA,"O","N","20090617"
"2B","1st","","pelargonium.alchemilloides",NA,"O","N","20090617"
"2B","1st","","pentanisia.ouranogyne",NA,"O","N","20090617"
"2B","1st","","phyllanthus.maderaspatensis",NA,"O","N","20090617"
"2B","1st","","plectranthus.spp",NA,"O","N","20090617"
"2B","1st","","pollichia.campestris",NA,"O","N","20090617"
"2B","1st","","polygala..l.",NA,"O","N","20090617"
"2B","1st","","polygala.sphenoptera",NA,"O","N","20090617"
"2B","1st","","portulaca.oleracea",NA,"O","N","20090617"
"2B","1st","","portulaca.quadrifida",NA,"O","N","20090617"
"2B","1st","","pseudognaphalium..helichrysum.glumaceum.",NA,"O","N","20090617"
"2B","1st","","psilotrichum.schimperi",NA,"O","N","20090617"
"2B","1st","","rhinacanthus.ndorensis",NA,"O","N","20090617"
"2B","1st","","rhynchosia.holstii",NA,"O","N","20090617"
"2B","1st","","schkuhria.pinnata",NA,"O","N","20090617"
"2B","1st","","sida.2",NA,"O","N","20090617"
"2B","1st","","sida.cuneifolia",NA,"O","N","20090617"
"2B","1st","","solanum.incanum",NA,"O","N","20090617"
"2B","1st","","solanum.indicum",NA,"O","N","20090617"
"2B","1st","","tribulus.terrestris",NA,"O","N","20090617"
"2B","1st","","u",NA,"O","N","20090617"
"2B","1st","","w",NA,"O","N","20090617"
"2B","1st","","x_4",NA,"O","N","20090617"
"2B","1st","","x_5",NA,"O","N","20090617"
"2B","1st","","x_6",NA,"O","N","20090617"
"2B","1st","","x_7",NA,"O","N","20090617"
"2B","1st","","x_8",NA,"O","N","20090617"
"2B","All","Lvs","bracharia.lacnantha",NA,"O","N","20090617"
"2B","All","Lvs","lintonia.nutans",NA,"O","N","20090617"
"2B","All","Lvs","pennisetum.mezianum",NA,"O","N","20090617"
"2B","All","Lvs","pennisetum.straminium",7,"O","N","20090617"
"2B","All","Lvs","themeda.triandra",4,"O","N","20090617"
"2B","All","Lvs","bare",NA,"O","N","20090617"
"2B","All","Lvs","x_2",NA,"O","N","20090617"
"2B","All","Lvs","aristida.kenyensis",NA,"O","N","20090617"
"2B","All","Lvs","bothriochloa.insculpta",NA,"O","N","20090617"
"2B","All","Lvs","bracharia.3",NA,"O","N","20090617"
"2B","All","Lvs","bracharia.eruciformis",NA,"O","N","20090617"
"2B","All","Lvs","chloris.sp",NA,"O","N","20090617"
"2B","All","Lvs","cynodon.dactylon",NA,"O","N","20090617"
"2B","All","Lvs","cynodon.plectostachyus",NA,"O","N","20090617"
"2B","All","Lvs","cyperus...mariscus.spp",NA,"O","N","20090617"
"2B","All","Lvs","digitaria.2",NA,"O","N","20090617"
"2B","All","Lvs","digitaria.milanjiana",NA,"O","N","20090617"
"2B","All","Lvs","dinebra.retroflexa",NA,"O","N","20090617"
"2B","All","Lvs","eragrostis.tenuifolia",NA,"O","N","20090617"
"2B","All","Lvs","harpachne.schimperi",NA,"O","N","20090617"
"2B","All","Lvs","microchloa.kunthii",NA,"O","N","20090617"
"2B","All","Lvs","panicum.astrosanguinum",NA,"O","N","20090617"
"2B","All","Lvs","setaria.acromelaena..small.",NA,"O","N","20090617"
"2B","All","Lvs","setaria.sphaecealata..big.",NA,"O","N","20090617"
"2B","All","Lvs","sporobolus.pyramidalis",NA,"O","N","20090617"
"2B","All","Lvs","tragus.berteronianus",NA,"O","N","20090617"
"2B","All","Lvs","x_3",NA,"O","N","20090617"
"2B","All","Lvs","acalypha.crenata",NA,"O","N","20090617"
"2B","All","Lvs","aerva.lanata",NA,"O","N","20090617"
"2B","All","Lvs","amaranthus.hibridus",NA,"O","N","20090617"
"2B","All","Lvs","aspilia.pluriseta",NA,"O","N","20090617"
"2B","All","Lvs","asterolinon.adoense..v.",NA,"O","N","20090617"
"2B","All","Lvs","caralluma.acutangula",NA,"O","N","20090617"
"2B","All","Lvs","chenopodium.opulifolium",NA,"O","N","20090617"
"2B","All","Lvs","chenopodium.schraderianum",NA,"O","N","20090617"
"2B","All","Lvs","commelina.spp",NA,"O","N","20090617"
"2B","All","Lvs","commicarpus.pedunculosus",NA,"O","N","20090617"
"2B","All","Lvs","conyza.sp",NA,"O","N","20090617"
"2B","All","Lvs","corchorus.sp",NA,"O","N","20090617"
"2B","All","Lvs","crotelaria.sp",NA,"O","N","20090617"
"2B","All","Lvs","cyathula.orthacantha",NA,"O","N","20090617"
"2B","All","Lvs","dyscoriste.radicans",NA,"O","N","20090617"
"2B","All","Lvs","euphorbia.inaequilatera",NA,"O","N","20090617"
"2B","All","Lvs","evolvulus.alsinoides",NA,"O","N","20090617"
"2B","All","Lvs","fern",NA,"O","N","20090617"
"2B","All","Lvs","gutenbergia.sp",NA,"O","N","20090617"
"2B","All","Lvs","hermannia.uhligii",NA,"O","N","20090617"
"2B","All","Lvs","hibiscus.flavifolius",NA,"O","N","20090617"
"2B","All","Lvs","hibiscus.trionum",NA,"O","N","20090617"
"2B","All","Lvs","indigofera.brevicalyx",NA,"O","N","20090617"
"2B","All","Lvs","indigofera.schimperi",NA,"O","N","20090617"
"2B","All","Lvs","ipomea.sinensis",NA,"O","N","20090617"
"2B","All","Lvs","justicia.dichipteroides",NA,"O","N","20090617"
"2B","All","Lvs","k",NA,"O","N","20090617"
"2B","All","Lvs","kyllinga.sp",NA,"O","N","20090617"
"2B","All","Lvs","leucas.glabrata",NA,"O","N","20090617"
"2B","All","Lvs","leucas.martiniscensis",NA,"O","N","20090617"
"2B","All","Lvs","lily.a",NA,"O","N","20090617"
"2B","All","Lvs","lily.b",NA,"O","N","20090617"
"2B","All","Lvs","lippia.javanica",NA,"O","N","20090617"
"2B","All","Lvs","melhania.spp.",NA,"O","N","20090617"
"2B","All","Lvs","misopates.orontium",NA,"O","N","20090617"
"2B","All","Lvs","mollugo.nudicaulis",NA,"O","N","20090617"
"2B","All","Lvs","monechima.debile",NA,"O","N","20090617"
"2B","All","Lvs","monsonia.augustifolia",NA,"O","N","20090617"
"2B","All","Lvs","ocimum.sp",NA,"O","N","20090617"
"2B","All","Lvs","osteospermum.vaillantii",NA,"O","N","20090617"
"2B","All","Lvs","oxygonum.sinuatum",NA,"O","N","20090617"
"2B","All","Lvs","pavonia.patens",NA,"O","N","20090617"
"2B","All","Lvs","pelargonium.alchemilloides",NA,"O","N","20090617"
"2B","All","Lvs","pentanisia.ouranogyne",NA,"O","N","20090617"
"2B","All","Lvs","phyllanthus.maderaspatensis",NA,"O","N","20090617"
"2B","All","Lvs","plectranthus.spp",NA,"O","N","20090617"
"2B","All","Lvs","pollichia.campestris",NA,"O","N","20090617"
"2B","All","Lvs","polygala..l.",NA,"O","N","20090617"
"2B","All","Lvs","polygala.sphenoptera",NA,"O","N","20090617"
"2B","All","Lvs","portulaca.oleracea",NA,"O","N","20090617"
"2B","All","Lvs","portulaca.quadrifida",NA,"O","N","20090617"
"2B","All","Lvs","pseudognaphalium..helichrysum.glumaceum.",NA,"O","N","20090617"
"2B","All","Lvs","psilotrichum.schimperi",NA,"O","N","20090617"
"2B","All","Lvs","rhinacanthus.ndorensis",NA,"O","N","20090617"
"2B","All","Lvs","rhynchosia.holstii",NA,"O","N","20090617"
"2B","All","Lvs","schkuhria.pinnata",NA,"O","N","20090617"
"2B","All","Lvs","sida.2",NA,"O","N","20090617"
"2B","All","Lvs","sida.cuneifolia",NA,"O","N","20090617"
"2B","All","Lvs","solanum.incanum",NA,"O","N","20090617"
"2B","All","Lvs","solanum.indicum",NA,"O","N","20090617"
"2B","All","Lvs","tribulus.terrestris",NA,"O","N","20090617"
"2B","All","Lvs","u",NA,"O","N","20090617"
"2B","All","Lvs","w",NA,"O","N","20090617"
"2B","All","Lvs","x_4",NA,"O","N","20090617"
"2B","All","Lvs","x_5",NA,"O","N","20090617"
"2B","All","Lvs","x_6",NA,"O","N","20090617"
"2B","All","Lvs","x_7",NA,"O","N","20090617"
"2B","All","Lvs","x_8",NA,"O","N","20090617"
"2B","All","Stm","bracharia.lacnantha",NA,"O","N","20090617"
"2B","All","Stm","lintonia.nutans",NA,"O","N","20090617"
"2B","All","Stm","pennisetum.mezianum",NA,"O","N","20090617"
"2B","All","Stm","pennisetum.straminium",22,"O","N","20090617"
"2B","All","Stm","themeda.triandra",2,"O","N","20090617"
"2B","All","Stm","bare",NA,"O","N","20090617"
"2B","All","Stm","x_2",NA,"O","N","20090617"
"2B","All","Stm","aristida.kenyensis",NA,"O","N","20090617"
"2B","All","Stm","bothriochloa.insculpta",NA,"O","N","20090617"
"2B","All","Stm","bracharia.3",NA,"O","N","20090617"
"2B","All","Stm","bracharia.eruciformis",NA,"O","N","20090617"
"2B","All","Stm","chloris.sp",NA,"O","N","20090617"
"2B","All","Stm","cynodon.dactylon",NA,"O","N","20090617"
"2B","All","Stm","cynodon.plectostachyus",NA,"O","N","20090617"
"2B","All","Stm","cyperus...mariscus.spp",NA,"O","N","20090617"
"2B","All","Stm","digitaria.2",NA,"O","N","20090617"
"2B","All","Stm","digitaria.milanjiana",NA,"O","N","20090617"
"2B","All","Stm","dinebra.retroflexa",NA,"O","N","20090617"
"2B","All","Stm","eragrostis.tenuifolia",NA,"O","N","20090617"
"2B","All","Stm","harpachne.schimperi",NA,"O","N","20090617"
"2B","All","Stm","microchloa.kunthii",NA,"O","N","20090617"
"2B","All","Stm","panicum.astrosanguinum",NA,"O","N","20090617"
"2B","All","Stm","setaria.acromelaena..small.",NA,"O","N","20090617"
"2B","All","Stm","setaria.sphaecealata..big.",NA,"O","N","20090617"
"2B","All","Stm","sporobolus.pyramidalis",NA,"O","N","20090617"
"2B","All","Stm","tragus.berteronianus",NA,"O","N","20090617"
"2B","All","Stm","x_3",NA,"O","N","20090617"
"2B","All","Stm","acalypha.crenata",NA,"O","N","20090617"
"2B","All","Stm","aerva.lanata",NA,"O","N","20090617"
"2B","All","Stm","amaranthus.hibridus",NA,"O","N","20090617"
"2B","All","Stm","aspilia.pluriseta",3,"O","N","20090617"
"2B","All","Stm","asterolinon.adoense..v.",NA,"O","N","20090617"
"2B","All","Stm","caralluma.acutangula",NA,"O","N","20090617"
"2B","All","Stm","chenopodium.opulifolium",NA,"O","N","20090617"
"2B","All","Stm","chenopodium.schraderianum",NA,"O","N","20090617"
"2B","All","Stm","commelina.spp",NA,"O","N","20090617"
"2B","All","Stm","commicarpus.pedunculosus",NA,"O","N","20090617"
"2B","All","Stm","conyza.sp",NA,"O","N","20090617"
"2B","All","Stm","corchorus.sp",NA,"O","N","20090617"
"2B","All","Stm","crotelaria.sp",NA,"O","N","20090617"
"2B","All","Stm","cyathula.orthacantha",NA,"O","N","20090617"
"2B","All","Stm","dyscoriste.radicans",NA,"O","N","20090617"
"2B","All","Stm","euphorbia.inaequilatera",NA,"O","N","20090617"
"2B","All","Stm","evolvulus.alsinoides",NA,"O","N","20090617"
"2B","All","Stm","fern",NA,"O","N","20090617"
"2B","All","Stm","gutenbergia.sp",NA,"O","N","20090617"
"2B","All","Stm","hermannia.uhligii",NA,"O","N","20090617"
"2B","All","Stm","hibiscus.flavifolius",NA,"O","N","20090617"
"2B","All","Stm","hibiscus.trionum",NA,"O","N","20090617"
"2B","All","Stm","indigofera.brevicalyx",NA,"O","N","20090617"
"2B","All","Stm","indigofera.schimperi",NA,"O","N","20090617"
"2B","All","Stm","ipomea.sinensis",NA,"O","N","20090617"
"2B","All","Stm","justicia.dichipteroides",NA,"O","N","20090617"
"2B","All","Stm","k",NA,"O","N","20090617"
"2B","All","Stm","kyllinga.sp",NA,"O","N","20090617"
"2B","All","Stm","leucas.glabrata",NA,"O","N","20090617"
"2B","All","Stm","leucas.martiniscensis",NA,"O","N","20090617"
"2B","All","Stm","lily.a",NA,"O","N","20090617"
"2B","All","Stm","lily.b",NA,"O","N","20090617"
"2B","All","Stm","lippia.javanica",NA,"O","N","20090617"
"2B","All","Stm","melhania.spp.",NA,"O","N","20090617"
"2B","All","Stm","misopates.orontium",NA,"O","N","20090617"
"2B","All","Stm","mollugo.nudicaulis",NA,"O","N","20090617"
"2B","All","Stm","monechima.debile",NA,"O","N","20090617"
"2B","All","Stm","monsonia.augustifolia",NA,"O","N","20090617"
"2B","All","Stm","ocimum.sp",NA,"O","N","20090617"
"2B","All","Stm","osteospermum.vaillantii",NA,"O","N","20090617"
"2B","All","Stm","oxygonum.sinuatum",NA,"O","N","20090617"
"2B","All","Stm","pavonia.patens",NA,"O","N","20090617"
"2B","All","Stm","pelargonium.alchemilloides",NA,"O","N","20090617"
"2B","All","Stm","pentanisia.ouranogyne",NA,"O","N","20090617"
"2B","All","Stm","phyllanthus.maderaspatensis",NA,"O","N","20090617"
"2B","All","Stm","plectranthus.spp",NA,"O","N","20090617"
"2B","All","Stm","pollichia.campestris",NA,"O","N","20090617"
"2B","All","Stm","polygala..l.",NA,"O","N","20090617"
"2B","All","Stm","polygala.sphenoptera",NA,"O","N","20090617"
"2B","All","Stm","portulaca.oleracea",NA,"O","N","20090617"
"2B","All","Stm","portulaca.quadrifida",NA,"O","N","20090617"
"2B","All","Stm","pseudognaphalium..helichrysum.glumaceum.",NA,"O","N","20090617"
"2B","All","Stm","psilotrichum.schimperi",NA,"O","N","20090617"
"2B","All","Stm","rhinacanthus.ndorensis",NA,"O","N","20090617"
"2B","All","Stm","rhynchosia.holstii",NA,"O","N","20090617"
"2B","All","Stm","schkuhria.pinnata",NA,"O","N","20090617"
"2B","All","Stm","sida.2",NA,"O","N","20090617"
"2B","All","Stm","sida.cuneifolia",NA,"O","N","20090617"
"2B","All","Stm","solanum.incanum",NA,"O","N","20090617"
"2B","All","Stm","solanum.indicum",NA,"O","N","20090617"
"2B","All","Stm","tribulus.terrestris",NA,"O","N","20090617"
"2B","All","Stm","u",NA,"O","N","20090617"
"2B","All","Stm","w",NA,"O","N","20090617"
"2B","All","Stm","x_4",NA,"O","N","20090617"
"2B","All","Stm","x_5",NA,"O","N","20090617"
"2B","All","Stm","x_6",NA,"O","N","20090617"
"2B","All","Stm","x_7",NA,"O","N","20090617"
"2B","All","Stm","x_8",NA,"O","N","20090617"
"3A","1st","","bracharia.lacnantha",NA,"O","N","20090617"
"3A","1st","","lintonia.nutans",NA,"O","N","20090617"
"3A","1st","","pennisetum.mezianum",NA,"O","N","20090617"
"3A","1st","","pennisetum.straminium",NA,"O","N","20090617"
"3A","1st","","themeda.triandra",NA,"O","N","20090617"
"3A","1st","","bare",1,"O","N","20090617"
"3A","1st","","x_2",NA,"O","N","20090617"
"3A","1st","","aristida.kenyensis",NA,"O","N","20090617"
"3A","1st","","bothriochloa.insculpta",NA,"O","N","20090617"
"3A","1st","","bracharia.3",NA,"O","N","20090617"
"3A","1st","","bracharia.eruciformis",NA,"O","N","20090617"
"3A","1st","","chloris.sp",NA,"O","N","20090617"
"3A","1st","","cynodon.dactylon",NA,"O","N","20090617"
"3A","1st","","cynodon.plectostachyus",NA,"O","N","20090617"
"3A","1st","","cyperus...mariscus.spp",NA,"O","N","20090617"
"3A","1st","","digitaria.2",NA,"O","N","20090617"
"3A","1st","","digitaria.milanjiana",NA,"O","N","20090617"
"3A","1st","","dinebra.retroflexa",NA,"O","N","20090617"
"3A","1st","","eragrostis.tenuifolia",NA,"O","N","20090617"
"3A","1st","","harpachne.schimperi",NA,"O","N","20090617"
"3A","1st","","microchloa.kunthii",NA,"O","N","20090617"
"3A","1st","","panicum.astrosanguinum",NA,"O","N","20090617"
"3A","1st","","setaria.acromelaena..small.",NA,"O","N","20090617"
"3A","1st","","setaria.sphaecealata..big.",NA,"O","N","20090617"
"3A","1st","","sporobolus.pyramidalis",NA,"O","N","20090617"
"3A","1st","","tragus.berteronianus",NA,"O","N","20090617"
"3A","1st","","x_3",NA,"O","N","20090617"
"3A","1st","","acalypha.crenata",NA,"O","N","20090617"
"3A","1st","","aerva.lanata",NA,"O","N","20090617"
"3A","1st","","amaranthus.hibridus",NA,"O","N","20090617"
"3A","1st","","aspilia.pluriseta",NA,"O","N","20090617"
"3A","1st","","asterolinon.adoense..v.",NA,"O","N","20090617"
"3A","1st","","caralluma.acutangula",NA,"O","N","20090617"
"3A","1st","","chenopodium.opulifolium",NA,"O","N","20090617"
"3A","1st","","chenopodium.schraderianum",NA,"O","N","20090617"
"3A","1st","","commelina.spp",NA,"O","N","20090617"
"3A","1st","","commicarpus.pedunculosus",NA,"O","N","20090617"
"3A","1st","","conyza.sp",NA,"O","N","20090617"
"3A","1st","","corchorus.sp",NA,"O","N","20090617"
"3A","1st","","crotelaria.sp",NA,"O","N","20090617"
"3A","1st","","cyathula.orthacantha",NA,"O","N","20090617"
"3A","1st","","dyscoriste.radicans",NA,"O","N","20090617"
"3A","1st","","euphorbia.inaequilatera",NA,"O","N","20090617"
"3A","1st","","evolvulus.alsinoides",NA,"O","N","20090617"
"3A","1st","","fern",NA,"O","N","20090617"
"3A","1st","","gutenbergia.sp",NA,"O","N","20090617"
"3A","1st","","hermannia.uhligii",NA,"O","N","20090617"
"3A","1st","","hibiscus.flavifolius",NA,"O","N","20090617"
"3A","1st","","hibiscus.trionum",NA,"O","N","20090617"
"3A","1st","","indigofera.brevicalyx",NA,"O","N","20090617"
"3A","1st","","indigofera.schimperi",NA,"O","N","20090617"
"3A","1st","","ipomea.sinensis",NA,"O","N","20090617"
"3A","1st","","justicia.dichipteroides",NA,"O","N","20090617"
"3A","1st","","k",NA,"O","N","20090617"
"3A","1st","","kyllinga.sp",NA,"O","N","20090617"
"3A","1st","","leucas.glabrata",NA,"O","N","20090617"
"3A","1st","","leucas.martiniscensis",NA,"O","N","20090617"
"3A","1st","","lily.a",NA,"O","N","20090617"
"3A","1st","","lily.b",NA,"O","N","20090617"
"3A","1st","","lippia.javanica",NA,"O","N","20090617"
"3A","1st","","melhania.spp.",NA,"O","N","20090617"
"3A","1st","","misopates.orontium",NA,"O","N","20090617"
"3A","1st","","mollugo.nudicaulis",NA,"O","N","20090617"
"3A","1st","","monechima.debile",NA,"O","N","20090617"
"3A","1st","","monsonia.augustifolia",NA,"O","N","20090617"
"3A","1st","","ocimum.sp",NA,"O","N","20090617"
"3A","1st","","osteospermum.vaillantii",NA,"O","N","20090617"
"3A","1st","","oxygonum.sinuatum",NA,"O","N","20090617"
"3A","1st","","pavonia.patens",NA,"O","N","20090617"
"3A","1st","","pelargonium.alchemilloides",NA,"O","N","20090617"
"3A","1st","","pentanisia.ouranogyne",NA,"O","N","20090617"
"3A","1st","","phyllanthus.maderaspatensis",NA,"O","N","20090617"
"3A","1st","","plectranthus.spp",NA,"O","N","20090617"
"3A","1st","","pollichia.campestris",NA,"O","N","20090617"
"3A","1st","","polygala..l.",NA,"O","N","20090617"
"3A","1st","","polygala.sphenoptera",NA,"O","N","20090617"
"3A","1st","","portulaca.oleracea",NA,"O","N","20090617"
"3A","1st","","portulaca.quadrifida",NA,"O","N","20090617"
"3A","1st","","pseudognaphalium..helichrysum.glumaceum.",NA,"O","N","20090617"
"3A","1st","","psilotrichum.schimperi",NA,"O","N","20090617"
"3A","1st","","rhinacanthus.ndorensis",NA,"O","N","20090617"
"3A","1st","","rhynchosia.holstii",NA,"O","N","20090617"
"3A","1st","","schkuhria.pinnata",NA,"O","N","20090617"
"3A","1st","","sida.2",NA,"O","N","20090617"
"3A","1st","","sida.cuneifolia",NA,"O","N","20090617"
"3A","1st","","solanum.incanum",NA,"O","N","20090617"
"3A","1st","","solanum.indicum",NA,"O","N","20090617"
"3A","1st","","tribulus.terrestris",NA,"O","N","20090617"
"3A","1st","","u",NA,"O","N","20090617"
"3A","1st","","w",NA,"O","N","20090617"
"3A","1st","","x_4",NA,"O","N","20090617"
"3A","1st","","x_5",NA,"O","N","20090617"
"3A","1st","","x_6",NA,"O","N","20090617"
"3A","1st","","x_7",NA,"O","N","20090617"
"3A","1st","","x_8",NA,"O","N","20090617"
"3C","1st","","bracharia.lacnantha",NA,"O","N","20090617"
"3C","1st","","lintonia.nutans",NA,"O","N","20090617"
"3C","1st","","pennisetum.mezianum",NA,"O","N","20090617"
"3C","1st","","pennisetum.straminium",NA,"O","N","20090617"
"3C","1st","","themeda.triandra",NA,"O","N","20090617"
"3C","1st","","bare",NA,"O","N","20090617"
"3C","1st","","x_2",NA,"O","N","20090617"
"3C","1st","","aristida.kenyensis",NA,"O","N","20090617"
"3C","1st","","bothriochloa.insculpta",NA,"O","N","20090617"
"3C","1st","","bracharia.3",NA,"O","N","20090617"
"3C","1st","","bracharia.eruciformis",NA,"O","N","20090617"
"3C","1st","","chloris.sp",NA,"O","N","20090617"
"3C","1st","","cynodon.dactylon",NA,"O","N","20090617"
"3C","1st","","cynodon.plectostachyus",NA,"O","N","20090617"
"3C","1st","","cyperus...mariscus.spp",NA,"O","N","20090617"
"3C","1st","","digitaria.2",NA,"O","N","20090617"
"3C","1st","","digitaria.milanjiana",NA,"O","N","20090617"
"3C","1st","","dinebra.retroflexa",NA,"O","N","20090617"
"3C","1st","","eragrostis.tenuifolia",NA,"O","N","20090617"
"3C","1st","","harpachne.schimperi",NA,"O","N","20090617"
"3C","1st","","microchloa.kunthii",NA,"O","N","20090617"
"3C","1st","","panicum.astrosanguinum",NA,"O","N","20090617"
"3C","1st","","setaria.acromelaena..small.",NA,"O","N","20090617"
"3C","1st","","setaria.sphaecealata..big.",NA,"O","N","20090617"
"3C","1st","","sporobolus.pyramidalis",NA,"O","N","20090617"
"3C","1st","","tragus.berteronianus",NA,"O","N","20090617"
"3C","1st","","x_3",NA,"O","N","20090617"
"3C","1st","","acalypha.crenata",NA,"O","N","20090617"
"3C","1st","","aerva.lanata",NA,"O","N","20090617"
"3C","1st","","amaranthus.hibridus",NA,"O","N","20090617"
"3C","1st","","aspilia.pluriseta",2,"O","N","20090617"
"3C","1st","","asterolinon.adoense..v.",NA,"O","N","20090617"
"3C","1st","","caralluma.acutangula",NA,"O","N","20090617"
"3C","1st","","chenopodium.opulifolium",NA,"O","N","20090617"
"3C","1st","","chenopodium.schraderianum",NA,"O","N","20090617"
"3C","1st","","commelina.spp",NA,"O","N","20090617"
"3C","1st","","commicarpus.pedunculosus",NA,"O","N","20090617"
"3C","1st","","conyza.sp",NA,"O","N","20090617"
"3C","1st","","corchorus.sp",NA,"O","N","20090617"
"3C","1st","","crotelaria.sp",NA,"O","N","20090617"
"3C","1st","","cyathula.orthacantha",NA,"O","N","20090617"
"3C","1st","","dyscoriste.radicans",NA,"O","N","20090617"
"3C","1st","","euphorbia.inaequilatera",NA,"O","N","20090617"
"3C","1st","","evolvulus.alsinoides",NA,"O","N","20090617"
"3C","1st","","fern",NA,"O","N","20090617"
"3C","1st","","gutenbergia.sp",NA,"O","N","20090617"
"3C","1st","","hermannia.uhligii",NA,"O","N","20090617"
"3C","1st","","hibiscus.flavifolius",NA,"O","N","20090617"
"3C","1st","","hibiscus.trionum",NA,"O","N","20090617"
"3C","1st","","indigofera.brevicalyx",NA,"O","N","20090617"
"3C","1st","","indigofera.schimperi",NA,"O","N","20090617"
"3C","1st","","ipomea.sinensis",NA,"O","N","20090617"
"3C","1st","","justicia.dichipteroides",NA,"O","N","20090617"
"3C","1st","","k",NA,"O","N","20090617"
"3C","1st","","kyllinga.sp",NA,"O","N","20090617"
"3C","1st","","leucas.glabrata",NA,"O","N","20090617"
"3C","1st","","leucas.martiniscensis",NA,"O","N","20090617"
"3C","1st","","lily.a",NA,"O","N","20090617"
"3C","1st","","lily.b",NA,"O","N","20090617"
"3C","1st","","lippia.javanica",NA,"O","N","20090617"
"3C","1st","","melhania.spp.",NA,"O","N","20090617"
"3C","1st","","misopates.orontium",NA,"O","N","20090617"
"3C","1st","","mollugo.nudicaulis",NA,"O","N","20090617"
"3C","1st","","monechima.debile",NA,"O","N","20090617"
"3C","1st","","monsonia.augustifolia",NA,"O","N","20090617"
"3C","1st","","ocimum.sp",NA,"O","N","20090617"
"3C","1st","","osteospermum.vaillantii",NA,"O","N","20090617"
"3C","1st","","oxygonum.sinuatum",NA,"O","N","20090617"
"3C","1st","","pavonia.patens",NA,"O","N","20090617"
"3C","1st","","pelargonium.alchemilloides",NA,"O","N","20090617"
"3C","1st","","pentanisia.ouranogyne",NA,"O","N","20090617"
"3C","1st","","phyllanthus.maderaspatensis",NA,"O","N","20090617"
"3C","1st","","plectranthus.spp",NA,"O","N","20090617"
"3C","1st","","pollichia.campestris",NA,"O","N","20090617"
"3C","1st","","polygala..l.",NA,"O","N","20090617"
"3C","1st","","polygala.sphenoptera",NA,"O","N","20090617"
"3C","1st","","portulaca.oleracea",NA,"O","N","20090617"
"3C","1st","","portulaca.quadrifida",NA,"O","N","20090617"
"3C","1st","","pseudognaphalium..helichrysum.glumaceum.",NA,"O","N","20090617"
"3C","1st","","psilotrichum.schimperi",NA,"O","N","20090617"
"3C","1st","","rhinacanthus.ndorensis",NA,"O","N","20090617"
"3C","1st","","rhynchosia.holstii",NA,"O","N","20090617"
"3C","1st","","schkuhria.pinnata",NA,"O","N","20090617"
"3C","1st","","sida.2",NA,"O","N","20090617"
"3C","1st","","sida.cuneifolia",NA,"O","N","20090617"
"3C","1st","","solanum.incanum",NA,"O","N","20090617"
"3C","1st","","solanum.indicum",NA,"O","N","20090617"
"3C","1st","","tribulus.terrestris",NA,"O","N","20090617"
"3C","1st","","u",NA,"O","N","20090617"
"3C","1st","","w",NA,"O","N","20090617"
"3C","1st","","x_4",NA,"O","N","20090617"
"3C","1st","","x_5",NA,"O","N","20090617"
"3C","1st","","x_6",NA,"O","N","20090617"
"3C","1st","","x_7",NA,"O","N","20090617"
"3C","1st","","x_8",NA,"O","N","20090617"
"3E","1st","","bracharia.lacnantha",NA,"O","N","20090617"
"3E","1st","","lintonia.nutans",NA,"O","N","20090617"
"3E","1st","","pennisetum.mezianum",NA,"O","N","20090617"
"3E","1st","","pennisetum.straminium",NA,"O","N","20090617"
"3E","1st","","themeda.triandra",NA,"O","N","20090617"
"3E","1st","","bare",3,"O","N","20090617"
"3E","1st","","x_2",NA,"O","N","20090617"
"3E","1st","","aristida.kenyensis",NA,"O","N","20090617"
"3E","1st","","bothriochloa.insculpta",NA,"O","N","20090617"
"3E","1st","","bracharia.3",NA,"O","N","20090617"
"3E","1st","","bracharia.eruciformis",NA,"O","N","20090617"
"3E","1st","","chloris.sp",NA,"O","N","20090617"
"3E","1st","","cynodon.dactylon",NA,"O","N","20090617"
"3E","1st","","cynodon.plectostachyus",NA,"O","N","20090617"
"3E","1st","","cyperus...mariscus.spp",NA,"O","N","20090617"
"3E","1st","","digitaria.2",NA,"O","N","20090617"
"3E","1st","","digitaria.milanjiana",NA,"O","N","20090617"
"3E","1st","","dinebra.retroflexa",NA,"O","N","20090617"
"3E","1st","","eragrostis.tenuifolia",NA,"O","N","20090617"
"3E","1st","","harpachne.schimperi",NA,"O","N","20090617"
"3E","1st","","microchloa.kunthii",NA,"O","N","20090617"
"3E","1st","","panicum.astrosanguinum",NA,"O","N","20090617"
"3E","1st","","setaria.acromelaena..small.",NA,"O","N","20090617"
"3E","1st","","setaria.sphaecealata..big.",NA,"O","N","20090617"
"3E","1st","","sporobolus.pyramidalis",NA,"O","N","20090617"
"3E","1st","","tragus.berteronianus",NA,"O","N","20090617"
"3E","1st","","x_3",NA,"O","N","20090617"
"3E","1st","","acalypha.crenata",NA,"O","N","20090617"
"3E","1st","","aerva.lanata",NA,"O","N","20090617"
"3E","1st","","amaranthus.hibridus",NA,"O","N","20090617"
"3E","1st","","aspilia.pluriseta",NA,"O","N","20090617"
"3E","1st","","asterolinon.adoense..v.",NA,"O","N","20090617"
"3E","1st","","caralluma.acutangula",NA,"O","N","20090617"
"3E","1st","","chenopodium.opulifolium",NA,"O","N","20090617"
"3E","1st","","chenopodium.schraderianum",NA,"O","N","20090617"
"3E","1st","","commelina.spp",NA,"O","N","20090617"
"3E","1st","","commicarpus.pedunculosus",NA,"O","N","20090617"
"3E","1st","","conyza.sp",NA,"O","N","20090617"
"3E","1st","","corchorus.sp",NA,"O","N","20090617"
"3E","1st","","crotelaria.sp",NA,"O","N","20090617"
"3E","1st","","cyathula.orthacantha",NA,"O","N","20090617"
"3E","1st","","dyscoriste.radicans",1,"O","N","20090617"
"3E","1st","","euphorbia.inaequilatera",NA,"O","N","20090617"
"3E","1st","","evolvulus.alsinoides",NA,"O","N","20090617"
"3E","1st","","fern",NA,"O","N","20090617"
"3E","1st","","gutenbergia.sp",NA,"O","N","20090617"
"3E","1st","","hermannia.uhligii",NA,"O","N","20090617"
"3E","1st","","hibiscus.flavifolius",NA,"O","N","20090617"
"3E","1st","","hibiscus.trionum",NA,"O","N","20090617"
"3E","1st","","indigofera.brevicalyx",NA,"O","N","20090617"
"3E","1st","","indigofera.schimperi",NA,"O","N","20090617"
"3E","1st","","ipomea.sinensis",NA,"O","N","20090617"
"3E","1st","","justicia.dichipteroides",NA,"O","N","20090617"
"3E","1st","","k",NA,"O","N","20090617"
"3E","1st","","kyllinga.sp",NA,"O","N","20090617"
"3E","1st","","leucas.glabrata",NA,"O","N","20090617"
"3E","1st","","leucas.martiniscensis",NA,"O","N","20090617"
"3E","1st","","lily.a",NA,"O","N","20090617"
"3E","1st","","lily.b",NA,"O","N","20090617"
"3E","1st","","lippia.javanica",NA,"O","N","20090617"
"3E","1st","","melhania.spp.",NA,"O","N","20090617"
"3E","1st","","misopates.orontium",NA,"O","N","20090617"
"3E","1st","","mollugo.nudicaulis",NA,"O","N","20090617"
"3E","1st","","monechima.debile",NA,"O","N","20090617"
"3E","1st","","monsonia.augustifolia",NA,"O","N","20090617"
"3E","1st","","ocimum.sp",NA,"O","N","20090617"
"3E","1st","","osteospermum.vaillantii",NA,"O","N","20090617"
"3E","1st","","oxygonum.sinuatum",NA,"O","N","20090617"
"3E","1st","","pavonia.patens",NA,"O","N","20090617"
"3E","1st","","pelargonium.alchemilloides",NA,"O","N","20090617"
"3E","1st","","pentanisia.ouranogyne",NA,"O","N","20090617"
"3E","1st","","phyllanthus.maderaspatensis",NA,"O","N","20090617"
"3E","1st","","plectranthus.spp",NA,"O","N","20090617"
"3E","1st","","pollichia.campestris",NA,"O","N","20090617"
"3E","1st","","polygala..l.",NA,"O","N","20090617"
"3E","1st","","polygala.sphenoptera",NA,"O","N","20090617"
"3E","1st","","portulaca.oleracea",NA,"O","N","20090617"
"3E","1st","","portulaca.quadrifida",NA,"O","N","20090617"
"3E","1st","","pseudognaphalium..helichrysum.glumaceum.",NA,"O","N","20090617"
"3E","1st","","psilotrichum.schimperi",NA,"O","N","20090617"
"3E","1st","","rhinacanthus.ndorensis",NA,"O","N","20090617"
"3E","1st","","rhynchosia.holstii",NA,"O","N","20090617"
"3E","1st","","schkuhria.pinnata",NA,"O","N","20090617"
"3E","1st","","sida.2",NA,"O","N","20090617"
"3E","1st","","sida.cuneifolia",NA,"O","N","20090617"
"3E","1st","","solanum.incanum",NA,"O","N","20090617"
"3E","1st","","solanum.indicum",NA,"O","N","20090617"
"3E","1st","","tribulus.terrestris",NA,"O","N","20090617"
"3E","1st","","u",NA,"O","N","20090617"
"3E","1st","","w",NA,"O","N","20090617"
"3E","1st","","x_4",NA,"O","N","20090617"
"3E","1st","","x_5",NA,"O","N","20090617"
"3E","1st","","x_6",NA,"O","N","20090617"
"3E","1st","","x_7",NA,"O","N","20090617"
"3E","1st","","x_8",NA,"O","N","20090617"
"3G","1st","","bracharia.lacnantha",NA,"O","N","20090617"
"3G","1st","","lintonia.nutans",NA,"O","N","20090617"
"3G","1st","","pennisetum.mezianum",NA,"O","N","20090617"
"3G","1st","","pennisetum.straminium",NA,"O","N","20090617"
"3G","1st","","themeda.triandra",NA,"O","N","20090617"
"3G","1st","","bare",NA,"O","N","20090617"
"3G","1st","","x_2",NA,"O","N","20090617"
"3G","1st","","aristida.kenyensis",NA,"O","N","20090617"
"3G","1st","","bothriochloa.insculpta",NA,"O","N","20090617"
"3G","1st","","bracharia.3",NA,"O","N","20090617"
"3G","1st","","bracharia.eruciformis",NA,"O","N","20090617"
"3G","1st","","chloris.sp",NA,"O","N","20090617"
"3G","1st","","cynodon.dactylon",NA,"O","N","20090617"
"3G","1st","","cynodon.plectostachyus",NA,"O","N","20090617"
"3G","1st","","cyperus...mariscus.spp",NA,"O","N","20090617"
"3G","1st","","digitaria.2",NA,"O","N","20090617"
"3G","1st","","digitaria.milanjiana",NA,"O","N","20090617"
"3G","1st","","dinebra.retroflexa",NA,"O","N","20090617"
"3G","1st","","eragrostis.tenuifolia",NA,"O","N","20090617"
"3G","1st","","harpachne.schimperi",NA,"O","N","20090617"
"3G","1st","","microchloa.kunthii",NA,"O","N","20090617"
"3G","1st","","panicum.astrosanguinum",NA,"O","N","20090617"
"3G","1st","","setaria.acromelaena..small.",NA,"O","N","20090617"
"3G","1st","","setaria.sphaecealata..big.",NA,"O","N","20090617"
"3G","1st","","sporobolus.pyramidalis",NA,"O","N","20090617"
"3G","1st","","tragus.berteronianus",NA,"O","N","20090617"
"3G","1st","","x_3",NA,"O","N","20090617"
"3G","1st","","acalypha.crenata",NA,"O","N","20090617"
"3G","1st","","aerva.lanata",NA,"O","N","20090617"
"3G","1st","","amaranthus.hibridus",NA,"O","N","20090617"
"3G","1st","","aspilia.pluriseta",NA,"O","N","20090617"
"3G","1st","","asterolinon.adoense..v.",NA,"O","N","20090617"
"3G","1st","","caralluma.acutangula",NA,"O","N","20090617"
"3G","1st","","chenopodium.opulifolium",NA,"O","N","20090617"
"3G","1st","","chenopodium.schraderianum",NA,"O","N","20090617"
"3G","1st","","commelina.spp",NA,"O","N","20090617"
"3G","1st","","commicarpus.pedunculosus",NA,"O","N","20090617"
"3G","1st","","conyza.sp",NA,"O","N","20090617"
"3G","1st","","corchorus.sp",NA,"O","N","20090617"
"3G","1st","","crotelaria.sp",NA,"O","N","20090617"
"3G","1st","","cyathula.orthacantha",NA,"O","N","20090617"
"3G","1st","","dyscoriste.radicans",NA,"O","N","20090617"
"3G","1st","","euphorbia.inaequilatera",NA,"O","N","20090617"
"3G","1st","","evolvulus.alsinoides",NA,"O","N","20090617"
"3G","1st","","fern",NA,"O","N","20090617"
"3G","1st","","gutenbergia.sp",NA,"O","N","20090617"
"3G","1st","","hermannia.uhligii",NA,"O","N","20090617"
"3G","1st","","hibiscus.flavifolius",NA,"O","N","20090617"
"3G","1st","","hibiscus.trionum",NA,"O","N","20090617"
"3G","1st","","indigofera.brevicalyx",NA,"O","N","20090617"
"3G","1st","","indigofera.schimperi",NA,"O","N","20090617"
"3G","1st","","ipomea.sinensis",NA,"O","N","20090617"
"3G","1st","","justicia.dichipteroides",NA,"O","N","20090617"
"3G","1st","","k",NA,"O","N","20090617"
"3G","1st","","kyllinga.sp",NA,"O","N","20090617"
"3G","1st","","leucas.glabrata",NA,"O","N","20090617"
"3G","1st","","leucas.martiniscensis",NA,"O","N","20090617"
"3G","1st","","lily.a",NA,"O","N","20090617"
"3G","1st","","lily.b",NA,"O","N","20090617"
"3G","1st","","lippia.javanica",NA,"O","N","20090617"
"3G","1st","","melhania.spp.",NA,"O","N","20090617"
"3G","1st","","misopates.orontium",NA,"O","N","20090617"
"3G","1st","","mollugo.nudicaulis",NA,"O","N","20090617"
"3G","1st","","monechima.debile",NA,"O","N","20090617"
"3G","1st","","monsonia.augustifolia",NA,"O","N","20090617"
"3G","1st","","ocimum.sp",NA,"O","N","20090617"
"3G","1st","","osteospermum.vaillantii",NA,"O","N","20090617"
"3G","1st","","oxygonum.sinuatum",NA,"O","N","20090617"
"3G","1st","","pavonia.patens",NA,"O","N","20090617"
"3G","1st","","pelargonium.alchemilloides",NA,"O","N","20090617"
"3G","1st","","pentanisia.ouranogyne",NA,"O","N","20090617"
"3G","1st","","phyllanthus.maderaspatensis",NA,"O","N","20090617"
"3G","1st","","plectranthus.spp",NA,"O","N","20090617"
"3G","1st","","pollichia.campestris",NA,"O","N","20090617"
"3G","1st","","polygala..l.",NA,"O","N","20090617"
"3G","1st","","polygala.sphenoptera",NA,"O","N","20090617"
"3G","1st","","portulaca.oleracea",NA,"O","N","20090617"
"3G","1st","","portulaca.quadrifida",NA,"O","N","20090617"
"3G","1st","","pseudognaphalium..helichrysum.glumaceum.",NA,"O","N","20090617"
"3G","1st","","psilotrichum.schimperi",NA,"O","N","20090617"
"3G","1st","","rhinacanthus.ndorensis",NA,"O","N","20090617"
"3G","1st","","rhynchosia.holstii",NA,"O","N","20090617"
"3G","1st","","schkuhria.pinnata",NA,"O","N","20090617"
"3G","1st","","sida.2",NA,"O","N","20090617"
"3G","1st","","sida.cuneifolia",NA,"O","N","20090617"
"3G","1st","","solanum.incanum",NA,"O","N","20090617"
"3G","1st","","solanum.indicum",NA,"O","N","20090617"
"3G","1st","","tribulus.terrestris",NA,"O","N","20090617"
"3G","1st","","u",NA,"O","N","20090617"
"3G","1st","","w",NA,"O","N","20090617"
"3G","1st","","x_4",NA,"O","N","20090617"
"3G","1st","","x_5",NA,"O","N","20090617"
"3G","1st","","x_6",NA,"O","N","20090617"
"3G","1st","","x_7",NA,"O","N","20090617"
"3G","1st","","x_8",NA,"O","N","20090617"
"3I","1st","","bracharia.lacnantha",NA,"O","N","20090617"
"3I","1st","","lintonia.nutans",NA,"O","N","20090617"
"3I","1st","","pennisetum.mezianum",NA,"O","N","20090617"
"3I","1st","","pennisetum.straminium",NA,"O","N","20090617"
"3I","1st","","themeda.triandra",NA,"O","N","20090617"
"3I","1st","","bare",3,"O","N","20090617"
"3I","1st","","x_2",NA,"O","N","20090617"
"3I","1st","","aristida.kenyensis",NA,"O","N","20090617"
"3I","1st","","bothriochloa.insculpta",NA,"O","N","20090617"
"3I","1st","","bracharia.3",NA,"O","N","20090617"
"3I","1st","","bracharia.eruciformis",NA,"O","N","20090617"
"3I","1st","","chloris.sp",NA,"O","N","20090617"
"3I","1st","","cynodon.dactylon",NA,"O","N","20090617"
"3I","1st","","cynodon.plectostachyus",NA,"O","N","20090617"
"3I","1st","","cyperus...mariscus.spp",NA,"O","N","20090617"
"3I","1st","","digitaria.2",NA,"O","N","20090617"
"3I","1st","","digitaria.milanjiana",NA,"O","N","20090617"
"3I","1st","","dinebra.retroflexa",NA,"O","N","20090617"
"3I","1st","","eragrostis.tenuifolia",NA,"O","N","20090617"
"3I","1st","","harpachne.schimperi",NA,"O","N","20090617"
"3I","1st","","microchloa.kunthii",NA,"O","N","20090617"
"3I","1st","","panicum.astrosanguinum",NA,"O","N","20090617"
"3I","1st","","setaria.acromelaena..small.",NA,"O","N","20090617"
"3I","1st","","setaria.sphaecealata..big.",NA,"O","N","20090617"
"3I","1st","","sporobolus.pyramidalis",NA,"O","N","20090617"
"3I","1st","","tragus.berteronianus",NA,"O","N","20090617"
"3I","1st","","x_3",NA,"O","N","20090617"
"3I","1st","","acalypha.crenata",NA,"O","N","20090617"
"3I","1st","","aerva.lanata",NA,"O","N","20090617"
"3I","1st","","amaranthus.hibridus",NA,"O","N","20090617"
"3I","1st","","aspilia.pluriseta",NA,"O","N","20090617"
"3I","1st","","asterolinon.adoense..v.",NA,"O","N","20090617"
"3I","1st","","caralluma.acutangula",NA,"O","N","20090617"
"3I","1st","","chenopodium.opulifolium",NA,"O","N","20090617"
"3I","1st","","chenopodium.schraderianum",NA,"O","N","20090617"
"3I","1st","","commelina.spp",NA,"O","N","20090617"
"3I","1st","","commicarpus.pedunculosus",NA,"O","N","20090617"
"3I","1st","","conyza.sp",NA,"O","N","20090617"
"3I","1st","","corchorus.sp",NA,"O","N","20090617"
"3I","1st","","crotelaria.sp",NA,"O","N","20090617"
"3I","1st","","cyathula.orthacantha",NA,"O","N","20090617"
"3I","1st","","dyscoriste.radicans",NA,"O","N","20090617"
"3I","1st","","euphorbia.inaequilatera",NA,"O","N","20090617"
"3I","1st","","evolvulus.alsinoides",NA,"O","N","20090617"
"3I","1st","","fern",NA,"O","N","20090617"
"3I","1st","","gutenbergia.sp",NA,"O","N","20090617"
"3I","1st","","hermannia.uhligii",NA,"O","N","20090617"
"3I","1st","","hibiscus.flavifolius",NA,"O","N","20090617"
"3I","1st","","hibiscus.trionum",NA,"O","N","20090617"
"3I","1st","","indigofera.brevicalyx",NA,"O","N","20090617"
"3I","1st","","indigofera.schimperi",NA,"O","N","20090617"
"3I","1st","","ipomea.sinensis",NA,"O","N","20090617"
"3I","1st","","justicia.dichipteroides",NA,"O","N","20090617"
"3I","1st","","k",NA,"O","N","20090617"
"3I","1st","","kyllinga.sp",NA,"O","N","20090617"
"3I","1st","","leucas.glabrata",NA,"O","N","20090617"
"3I","1st","","leucas.martiniscensis",NA,"O","N","20090617"
"3I","1st","","lily.a",NA,"O","N","20090617"
"3I","1st","","lily.b",NA,"O","N","20090617"
"3I","1st","","lippia.javanica",NA,"O","N","20090617"
"3I","1st","","melhania.spp.",NA,"O","N","20090617"
"3I","1st","","misopates.orontium",NA,"O","N","20090617"
"3I","1st","","mollugo.nudicaulis",NA,"O","N","20090617"
"3I","1st","","monechima.debile",NA,"O","N","20090617"
"3I","1st","","monsonia.augustifolia",NA,"O","N","20090617"
"3I","1st","","ocimum.sp",NA,"O","N","20090617"
"3I","1st","","osteospermum.vaillantii",NA,"O","N","20090617"
"3I","1st","","oxygonum.sinuatum",NA,"O","N","20090617"
"3I","1st","","pavonia.patens",NA,"O","N","20090617"
"3I","1st","","pelargonium.alchemilloides",NA,"O","N","20090617"
"3I","1st","","pentanisia.ouranogyne",NA,"O","N","20090617"
"3I","1st","","phyllanthus.maderaspatensis",NA,"O","N","20090617"
"3I","1st","","plectranthus.spp",NA,"O","N","20090617"
"3I","1st","","pollichia.campestris",NA,"O","N","20090617"
"3I","1st","","polygala..l.",NA,"O","N","20090617"
"3I","1st","","polygala.sphenoptera",NA,"O","N","20090617"
"3I","1st","","portulaca.oleracea",NA,"O","N","20090617"
"3I","1st","","portulaca.quadrifida",NA,"O","N","20090617"
"3I","1st","","pseudognaphalium..helichrysum.glumaceum.",NA,"O","N","20090617"
"3I","1st","","psilotrichum.schimperi",NA,"O","N","20090617"
"3I","1st","","rhinacanthus.ndorensis",NA,"O","N","20090617"
"3I","1st","","rhynchosia.holstii",NA,"O","N","20090617"
"3I","1st","","schkuhria.pinnata",NA,"O","N","20090617"
"3I","1st","","sida.2",NA,"O","N","20090617"
"3I","1st","","sida.cuneifolia",NA,"O","N","20090617"
"3I","1st","","solanum.incanum",NA,"O","N","20090617"
"3I","1st","","solanum.indicum",NA,"O","N","20090617"
"3I","1st","","tribulus.terrestris",NA,"O","N","20090617"
"3I","1st","","u",NA,"O","N","20090617"
"3I","1st","","w",NA,"O","N","20090617"
"3I","1st","","x_4",NA,"O","N","20090617"
"3I","1st","","x_5",NA,"O","N","20090617"
"3I","1st","","x_6",NA,"O","N","20090617"
"3I","1st","","x_7",NA,"O","N","20090617"
"3I","1st","","x_8",NA,"O","N","20090617"
"4J","1st","","bracharia.lacnantha",1,"O","N","20090617"
"4J","1st","","lintonia.nutans",NA,"O","N","20090617"
"4J","1st","","pennisetum.mezianum",NA,"O","N","20090617"
"4J","1st","","pennisetum.straminium",NA,"O","N","20090617"
"4J","1st","","themeda.triandra",NA,"O","N","20090617"
"4J","1st","","bare",3,"O","N","20090617"
"4J","1st","","x_2",NA,"O","N","20090617"
"4J","1st","","aristida.kenyensis",NA,"O","N","20090617"
"4J","1st","","bothriochloa.insculpta",NA,"O","N","20090617"
"4J","1st","","bracharia.3",NA,"O","N","20090617"
"4J","1st","","bracharia.eruciformis",NA,"O","N","20090617"
"4J","1st","","chloris.sp",NA,"O","N","20090617"
"4J","1st","","cynodon.dactylon",NA,"O","N","20090617"
"4J","1st","","cynodon.plectostachyus",NA,"O","N","20090617"
"4J","1st","","cyperus...mariscus.spp",NA,"O","N","20090617"
"4J","1st","","digitaria.2",NA,"O","N","20090617"
"4J","1st","","digitaria.milanjiana",NA,"O","N","20090617"
"4J","1st","","dinebra.retroflexa",NA,"O","N","20090617"
"4J","1st","","eragrostis.tenuifolia",NA,"O","N","20090617"
"4J","1st","","harpachne.schimperi",NA,"O","N","20090617"
"4J","1st","","microchloa.kunthii",NA,"O","N","20090617"
"4J","1st","","panicum.astrosanguinum",NA,"O","N","20090617"
"4J","1st","","setaria.acromelaena..small.",NA,"O","N","20090617"
"4J","1st","","setaria.sphaecealata..big.",NA,"O","N","20090617"
"4J","1st","","sporobolus.pyramidalis",NA,"O","N","20090617"
"4J","1st","","tragus.berteronianus",NA,"O","N","20090617"
"4J","1st","","x_3",NA,"O","N","20090617"
"4J","1st","","acalypha.crenata",NA,"O","N","20090617"
"4J","1st","","aerva.lanata",NA,"O","N","20090617"
"4J","1st","","amaranthus.hibridus",NA,"O","N","20090617"
"4J","1st","","aspilia.pluriseta",NA,"O","N","20090617"
"4J","1st","","asterolinon.adoense..v.",NA,"O","N","20090617"
"4J","1st","","caralluma.acutangula",NA,"O","N","20090617"
"4J","1st","","chenopodium.opulifolium",NA,"O","N","20090617"
"4J","1st","","chenopodium.schraderianum",NA,"O","N","20090617"
"4J","1st","","commelina.spp",NA,"O","N","20090617"
"4J","1st","","commicarpus.pedunculosus",NA,"O","N","20090617"
"4J","1st","","conyza.sp",NA,"O","N","20090617"
"4J","1st","","corchorus.sp",NA,"O","N","20090617"
"4J","1st","","crotelaria.sp",NA,"O","N","20090617"
"4J","1st","","cyathula.orthacantha",NA,"O","N","20090617"
"4J","1st","","dyscoriste.radicans",NA,"O","N","20090617"
"4J","1st","","euphorbia.inaequilatera",NA,"O","N","20090617"
"4J","1st","","evolvulus.alsinoides",NA,"O","N","20090617"
"4J","1st","","fern",NA,"O","N","20090617"
"4J","1st","","gutenbergia.sp",NA,"O","N","20090617"
"4J","1st","","hermannia.uhligii",NA,"O","N","20090617"
"4J","1st","","hibiscus.flavifolius",NA,"O","N","20090617"
"4J","1st","","hibiscus.trionum",NA,"O","N","20090617"
"4J","1st","","indigofera.brevicalyx",NA,"O","N","20090617"
"4J","1st","","indigofera.schimperi",NA,"O","N","20090617"
"4J","1st","","ipomea.sinensis",NA,"O","N","20090617"
"4J","1st","","justicia.dichipteroides",NA,"O","N","20090617"
"4J","1st","","k",NA,"O","N","20090617"
"4J","1st","","kyllinga.sp",NA,"O","N","20090617"
"4J","1st","","leucas.glabrata",NA,"O","N","20090617"
"4J","1st","","leucas.martiniscensis",NA,"O","N","20090617"
"4J","1st","","lily.a",NA,"O","N","20090617"
"4J","1st","","lily.b",NA,"O","N","20090617"
"4J","1st","","lippia.javanica",NA,"O","N","20090617"
"4J","1st","","melhania.spp.",NA,"O","N","20090617"
"4J","1st","","misopates.orontium",NA,"O","N","20090617"
"4J","1st","","mollugo.nudicaulis",NA,"O","N","20090617"
"4J","1st","","monechima.debile",NA,"O","N","20090617"
"4J","1st","","monsonia.augustifolia",NA,"O","N","20090617"
"4J","1st","","ocimum.sp",NA,"O","N","20090617"
"4J","1st","","osteospermum.vaillantii",NA,"O","N","20090617"
"4J","1st","","oxygonum.sinuatum",NA,"O","N","20090617"
"4J","1st","","pavonia.patens",NA,"O","N","20090617"
"4J","1st","","pelargonium.alchemilloides",NA,"O","N","20090617"
"4J","1st","","pentanisia.ouranogyne",NA,"O","N","20090617"
"4J","1st","","phyllanthus.maderaspatensis",NA,"O","N","20090617"
"4J","1st","","plectranthus.spp",NA,"O","N","20090617"
"4J","1st","","pollichia.campestris",NA,"O","N","20090617"
"4J","1st","","polygala..l.",NA,"O","N","20090617"
"4J","1st","","polygala.sphenoptera",NA,"O","N","20090617"
"4J","1st","","portulaca.oleracea",NA,"O","N","20090617"
"4J","1st","","portulaca.quadrifida",NA,"O","N","20090617"
"4J","1st","","pseudognaphalium..helichrysum.glumaceum.",6,"O","N","20090617"
"4J","1st","","psilotrichum.schimperi",NA,"O","N","20090617"
"4J","1st","","rhinacanthus.ndorensis",NA,"O","N","20090617"
"4J","1st","","rhynchosia.holstii",NA,"O","N","20090617"
"4J","1st","","schkuhria.pinnata",NA,"O","N","20090617"
"4J","1st","","sida.2",NA,"O","N","20090617"
"4J","1st","","sida.cuneifolia",NA,"O","N","20090617"
"4J","1st","","solanum.incanum",NA,"O","N","20090617"
"4J","1st","","solanum.indicum",NA,"O","N","20090617"
"4J","1st","","tribulus.terrestris",NA,"O","N","20090617"
"4J","1st","","u",NA,"O","N","20090617"
"4J","1st","","w",NA,"O","N","20090617"
"4J","1st","","x_4",NA,"O","N","20090617"
"4J","1st","","x_5",NA,"O","N","20090617"
"4J","1st","","x_6",NA,"O","N","20090617"
"4J","1st","","x_7",NA,"O","N","20090617"
"4J","1st","","x_8",NA,"O","N","20090617"
"4H","1st","","bracharia.lacnantha",9,"O","N","20090617"
"4H","1st","","lintonia.nutans",NA,"O","N","20090617"
"4H","1st","","pennisetum.mezianum",NA,"O","N","20090617"
"4H","1st","","pennisetum.straminium",NA,"O","N","20090617"
"4H","1st","","themeda.triandra",NA,"O","N","20090617"
"4H","1st","","bare",NA,"O","N","20090617"
"4H","1st","","x_2",NA,"O","N","20090617"
"4H","1st","","aristida.kenyensis",NA,"O","N","20090617"
"4H","1st","","bothriochloa.insculpta",NA,"O","N","20090617"
"4H","1st","","bracharia.3",NA,"O","N","20090617"
"4H","1st","","bracharia.eruciformis",NA,"O","N","20090617"
"4H","1st","","chloris.sp",NA,"O","N","20090617"
"4H","1st","","cynodon.dactylon",NA,"O","N","20090617"
"4H","1st","","cynodon.plectostachyus",NA,"O","N","20090617"
"4H","1st","","cyperus...mariscus.spp",NA,"O","N","20090617"
"4H","1st","","digitaria.2",NA,"O","N","20090617"
"4H","1st","","digitaria.milanjiana",NA,"O","N","20090617"
"4H","1st","","dinebra.retroflexa",NA,"O","N","20090617"
"4H","1st","","eragrostis.tenuifolia",NA,"O","N","20090617"
"4H","1st","","harpachne.schimperi",NA,"O","N","20090617"
"4H","1st","","microchloa.kunthii",NA,"O","N","20090617"
"4H","1st","","panicum.astrosanguinum",NA,"O","N","20090617"
"4H","1st","","setaria.acromelaena..small.",NA,"O","N","20090617"
"4H","1st","","setaria.sphaecealata..big.",NA,"O","N","20090617"
"4H","1st","","sporobolus.pyramidalis",NA,"O","N","20090617"
"4H","1st","","tragus.berteronianus",NA,"O","N","20090617"
"4H","1st","","x_3",NA,"O","N","20090617"
"4H","1st","","acalypha.crenata",NA,"O","N","20090617"
"4H","1st","","aerva.lanata",NA,"O","N","20090617"
"4H","1st","","amaranthus.hibridus",NA,"O","N","20090617"
"4H","1st","","aspilia.pluriseta",NA,"O","N","20090617"
"4H","1st","","asterolinon.adoense..v.",NA,"O","N","20090617"
"4H","1st","","caralluma.acutangula",NA,"O","N","20090617"
"4H","1st","","chenopodium.opulifolium",NA,"O","N","20090617"
"4H","1st","","chenopodium.schraderianum",NA,"O","N","20090617"
"4H","1st","","commelina.spp",NA,"O","N","20090617"
"4H","1st","","commicarpus.pedunculosus",NA,"O","N","20090617"
"4H","1st","","conyza.sp",NA,"O","N","20090617"
"4H","1st","","corchorus.sp",NA,"O","N","20090617"
"4H","1st","","crotelaria.sp",NA,"O","N","20090617"
"4H","1st","","cyathula.orthacantha",NA,"O","N","20090617"
"4H","1st","","dyscoriste.radicans",NA,"O","N","20090617"
"4H","1st","","euphorbia.inaequilatera",NA,"O","N","20090617"
"4H","1st","","evolvulus.alsinoides",NA,"O","N","20090617"
"4H","1st","","fern",NA,"O","N","20090617"
"4H","1st","","gutenbergia.sp",NA,"O","N","20090617"
"4H","1st","","hermannia.uhligii",NA,"O","N","20090617"
"4H","1st","","hibiscus.flavifolius",NA,"O","N","20090617"
"4H","1st","","hibiscus.trionum",NA,"O","N","20090617"
"4H","1st","","indigofera.brevicalyx",NA,"O","N","20090617"
"4H","1st","","indigofera.schimperi",NA,"O","N","20090617"
"4H","1st","","ipomea.sinensis",NA,"O","N","20090617"
"4H","1st","","justicia.dichipteroides",NA,"O","N","20090617"
"4H","1st","","k",NA,"O","N","20090617"
"4H","1st","","kyllinga.sp",NA,"O","N","20090617"
"4H","1st","","leucas.glabrata",NA,"O","N","20090617"
"4H","1st","","leucas.martiniscensis",NA,"O","N","20090617"
"4H","1st","","lily.a",NA,"O","N","20090617"
"4H","1st","","lily.b",NA,"O","N","20090617"
"4H","1st","","lippia.javanica",NA,"O","N","20090617"
"4H","1st","","melhania.spp.",NA,"O","N","20090617"
"4H","1st","","misopates.orontium",NA,"O","N","20090617"
"4H","1st","","mollugo.nudicaulis",NA,"O","N","20090617"
"4H","1st","","monechima.debile",NA,"O","N","20090617"
"4H","1st","","monsonia.augustifolia",NA,"O","N","20090617"
"4H","1st","","ocimum.sp",NA,"O","N","20090617"
"4H","1st","","osteospermum.vaillantii",NA,"O","N","20090617"
"4H","1st","","oxygonum.sinuatum",NA,"O","N","20090617"
"4H","1st","","pavonia.patens",NA,"O","N","20090617"
"4H","1st","","pelargonium.alchemilloides",NA,"O","N","20090617"
"4H","1st","","pentanisia.ouranogyne",NA,"O","N","20090617"
"4H","1st","","phyllanthus.maderaspatensis",NA,"O","N","20090617"
"4H","1st","","plectranthus.spp",NA,"O","N","20090617"
"4H","1st","","pollichia.campestris",NA,"O","N","20090617"
"4H","1st","","polygala..l.",NA,"O","N","20090617"
"4H","1st","","polygala.sphenoptera",NA,"O","N","20090617"
"4H","1st","","portulaca.oleracea",NA,"O","N","20090617"
"4H","1st","","portulaca.quadrifida",NA,"O","N","20090617"
"4H","1st","","pseudognaphalium..helichrysum.glumaceum.",3,"O","N","20090617"
"4H","1st","","psilotrichum.schimperi",NA,"O","N","20090617"
"4H","1st","","rhinacanthus.ndorensis",NA,"O","N","20090617"
"4H","1st","","rhynchosia.holstii",1,"O","N","20090617"
"4H","1st","","schkuhria.pinnata",NA,"O","N","20090617"
"4H","1st","","sida.2",NA,"O","N","20090617"
"4H","1st","","sida.cuneifolia",NA,"O","N","20090617"
"4H","1st","","solanum.incanum",NA,"O","N","20090617"
"4H","1st","","solanum.indicum",NA,"O","N","20090617"
"4H","1st","","tribulus.terrestris",NA,"O","N","20090617"
"4H","1st","","u",NA,"O","N","20090617"
"4H","1st","","w",NA,"O","N","20090617"
"4H","1st","","x_4",NA,"O","N","20090617"
"4H","1st","","x_5",NA,"O","N","20090617"
"4H","1st","","x_6",NA,"O","N","20090617"
"4H","1st","","x_7",NA,"O","N","20090617"
"4H","1st","","x_8",NA,"O","N","20090617"
"4F","1st","","bracharia.lacnantha",NA,"O","N","20090617"
"4F","1st","","lintonia.nutans",NA,"O","N","20090617"
"4F","1st","","pennisetum.mezianum",NA,"O","N","20090617"
"4F","1st","","pennisetum.straminium",9,"O","N","20090617"
"4F","1st","","themeda.triandra",2,"O","N","20090617"
"4F","1st","","bare",NA,"O","N","20090617"
"4F","1st","","x_2",NA,"O","N","20090617"
"4F","1st","","aristida.kenyensis",NA,"O","N","20090617"
"4F","1st","","bothriochloa.insculpta",NA,"O","N","20090617"
"4F","1st","","bracharia.3",NA,"O","N","20090617"
"4F","1st","","bracharia.eruciformis",NA,"O","N","20090617"
"4F","1st","","chloris.sp",NA,"O","N","20090617"
"4F","1st","","cynodon.dactylon",NA,"O","N","20090617"
"4F","1st","","cynodon.plectostachyus",NA,"O","N","20090617"
"4F","1st","","cyperus...mariscus.spp",NA,"O","N","20090617"
"4F","1st","","digitaria.2",NA,"O","N","20090617"
"4F","1st","","digitaria.milanjiana",NA,"O","N","20090617"
"4F","1st","","dinebra.retroflexa",NA,"O","N","20090617"
"4F","1st","","eragrostis.tenuifolia",NA,"O","N","20090617"
"4F","1st","","harpachne.schimperi",NA,"O","N","20090617"
"4F","1st","","microchloa.kunthii",NA,"O","N","20090617"
"4F","1st","","panicum.astrosanguinum",NA,"O","N","20090617"
"4F","1st","","setaria.acromelaena..small.",NA,"O","N","20090617"
"4F","1st","","setaria.sphaecealata..big.",NA,"O","N","20090617"
"4F","1st","","sporobolus.pyramidalis",NA,"O","N","20090617"
"4F","1st","","tragus.berteronianus",NA,"O","N","20090617"
"4F","1st","","x_3",NA,"O","N","20090617"
"4F","1st","","acalypha.crenata",NA,"O","N","20090617"
"4F","1st","","aerva.lanata",NA,"O","N","20090617"
"4F","1st","","amaranthus.hibridus",NA,"O","N","20090617"
"4F","1st","","aspilia.pluriseta",NA,"O","N","20090617"
"4F","1st","","asterolinon.adoense..v.",NA,"O","N","20090617"
"4F","1st","","caralluma.acutangula",NA,"O","N","20090617"
"4F","1st","","chenopodium.opulifolium",NA,"O","N","20090617"
"4F","1st","","chenopodium.schraderianum",NA,"O","N","20090617"
"4F","1st","","commelina.spp",NA,"O","N","20090617"
"4F","1st","","commicarpus.pedunculosus",NA,"O","N","20090617"
"4F","1st","","conyza.sp",NA,"O","N","20090617"
"4F","1st","","corchorus.sp",NA,"O","N","20090617"
"4F","1st","","crotelaria.sp",NA,"O","N","20090617"
"4F","1st","","cyathula.orthacantha",NA,"O","N","20090617"
"4F","1st","","dyscoriste.radicans",1,"O","N","20090617"
"4F","1st","","euphorbia.inaequilatera",NA,"O","N","20090617"
"4F","1st","","evolvulus.alsinoides",NA,"O","N","20090617"
"4F","1st","","fern",NA,"O","N","20090617"
"4F","1st","","gutenbergia.sp",NA,"O","N","20090617"
"4F","1st","","hermannia.uhligii",NA,"O","N","20090617"
"4F","1st","","hibiscus.flavifolius",NA,"O","N","20090617"
"4F","1st","","hibiscus.trionum",NA,"O","N","20090617"
"4F","1st","","indigofera.brevicalyx",NA,"O","N","20090617"
"4F","1st","","indigofera.schimperi",NA,"O","N","20090617"
"4F","1st","","ipomea.sinensis",NA,"O","N","20090617"
"4F","1st","","justicia.dichipteroides",NA,"O","N","20090617"
"4F","1st","","k",NA,"O","N","20090617"
"4F","1st","","kyllinga.sp",NA,"O","N","20090617"
"4F","1st","","leucas.glabrata",NA,"O","N","20090617"
"4F","1st","","leucas.martiniscensis",NA,"O","N","20090617"
"4F","1st","","lily.a",NA,"O","N","20090617"
"4F","1st","","lily.b",NA,"O","N","20090617"
"4F","1st","","lippia.javanica",NA,"O","N","20090617"
"4F","1st","","melhania.spp.",NA,"O","N","20090617"
"4F","1st","","misopates.orontium",NA,"O","N","20090617"
"4F","1st","","mollugo.nudicaulis",NA,"O","N","20090617"
"4F","1st","","monechima.debile",NA,"O","N","20090617"
"4F","1st","","monsonia.augustifolia",NA,"O","N","20090617"
"4F","1st","","ocimum.sp",NA,"O","N","20090617"
"4F","1st","","osteospermum.vaillantii",NA,"O","N","20090617"
"4F","1st","","oxygonum.sinuatum",NA,"O","N","20090617"
"4F","1st","","pavonia.patens",NA,"O","N","20090617"
"4F","1st","","pelargonium.alchemilloides",NA,"O","N","20090617"
"4F","1st","","pentanisia.ouranogyne",NA,"O","N","20090617"
"4F","1st","","phyllanthus.maderaspatensis",NA,"O","N","20090617"
"4F","1st","","plectranthus.spp",NA,"O","N","20090617"
"4F","1st","","pollichia.campestris",NA,"O","N","20090617"
"4F","1st","","polygala..l.",NA,"O","N","20090617"
"4F","1st","","polygala.sphenoptera",NA,"O","N","20090617"
"4F","1st","","portulaca.oleracea",NA,"O","N","20090617"
"4F","1st","","portulaca.quadrifida",NA,"O","N","20090617"
"4F","1st","","pseudognaphalium..helichrysum.glumaceum.",NA,"O","N","20090617"
"4F","1st","","psilotrichum.schimperi",NA,"O","N","20090617"
"4F","1st","","rhinacanthus.ndorensis",NA,"O","N","20090617"
"4F","1st","","rhynchosia.holstii",NA,"O","N","20090617"
"4F","1st","","schkuhria.pinnata",NA,"O","N","20090617"
"4F","1st","","sida.2",NA,"O","N","20090617"
"4F","1st","","sida.cuneifolia",NA,"O","N","20090617"
"4F","1st","","solanum.incanum",NA,"O","N","20090617"
"4F","1st","","solanum.indicum",NA,"O","N","20090617"
"4F","1st","","tribulus.terrestris",NA,"O","N","20090617"
"4F","1st","","u",NA,"O","N","20090617"
"4F","1st","","w",NA,"O","N","20090617"
"4F","1st","","x_4",NA,"O","N","20090617"
"4F","1st","","x_5",NA,"O","N","20090617"
"4F","1st","","x_6",NA,"O","N","20090617"
"4F","1st","","x_7",NA,"O","N","20090617"
"4F","1st","","x_8",NA,"O","N","20090617"
"4D","1st","","bracharia.lacnantha",6,"O","N","20090617"
"4D","1st","","lintonia.nutans",NA,"O","N","20090617"
"4D","1st","","pennisetum.mezianum",NA,"O","N","20090617"
"4D","1st","","pennisetum.straminium",NA,"O","N","20090617"
"4D","1st","","themeda.triandra",NA,"O","N","20090617"
"4D","1st","","bare",1,"O","N","20090617"
"4D","1st","","x_2",NA,"O","N","20090617"
"4D","1st","","aristida.kenyensis",NA,"O","N","20090617"
"4D","1st","","bothriochloa.insculpta",NA,"O","N","20090617"
"4D","1st","","bracharia.3",NA,"O","N","20090617"
"4D","1st","","bracharia.eruciformis",NA,"O","N","20090617"
"4D","1st","","chloris.sp",NA,"O","N","20090617"
"4D","1st","","cynodon.dactylon",NA,"O","N","20090617"
"4D","1st","","cynodon.plectostachyus",NA,"O","N","20090617"
"4D","1st","","cyperus...mariscus.spp",NA,"O","N","20090617"
"4D","1st","","digitaria.2",NA,"O","N","20090617"
"4D","1st","","digitaria.milanjiana",NA,"O","N","20090617"
"4D","1st","","dinebra.retroflexa",NA,"O","N","20090617"
"4D","1st","","eragrostis.tenuifolia",NA,"O","N","20090617"
"4D","1st","","harpachne.schimperi",NA,"O","N","20090617"
"4D","1st","","microchloa.kunthii",NA,"O","N","20090617"
"4D","1st","","panicum.astrosanguinum",NA,"O","N","20090617"
"4D","1st","","setaria.acromelaena..small.",NA,"O","N","20090617"
"4D","1st","","setaria.sphaecealata..big.",NA,"O","N","20090617"
"4D","1st","","sporobolus.pyramidalis",NA,"O","N","20090617"
"4D","1st","","tragus.berteronianus",NA,"O","N","20090617"
"4D","1st","","x_3",NA,"O","N","20090617"
"4D","1st","","acalypha.crenata",NA,"O","N","20090617"
"4D","1st","","aerva.lanata",NA,"O","N","20090617"
"4D","1st","","amaranthus.hibridus",NA,"O","N","20090617"
"4D","1st","","aspilia.pluriseta",NA,"O","N","20090617"
"4D","1st","","asterolinon.adoense..v.",NA,"O","N","20090617"
"4D","1st","","caralluma.acutangula",NA,"O","N","20090617"
"4D","1st","","chenopodium.opulifolium",NA,"O","N","20090617"
"4D","1st","","chenopodium.schraderianum",NA,"O","N","20090617"
"4D","1st","","commelina.spp",NA,"O","N","20090617"
"4D","1st","","commicarpus.pedunculosus",NA,"O","N","20090617"
"4D","1st","","conyza.sp",NA,"O","N","20090617"
"4D","1st","","corchorus.sp",NA,"O","N","20090617"
"4D","1st","","crotelaria.sp",NA,"O","N","20090617"
"4D","1st","","cyathula.orthacantha",NA,"O","N","20090617"
"4D","1st","","dyscoriste.radicans",NA,"O","N","20090617"
"4D","1st","","euphorbia.inaequilatera",NA,"O","N","20090617"
"4D","1st","","evolvulus.alsinoides",NA,"O","N","20090617"
"4D","1st","","fern",NA,"O","N","20090617"
"4D","1st","","gutenbergia.sp",NA,"O","N","20090617"
"4D","1st","","hermannia.uhligii",NA,"O","N","20090617"
"4D","1st","","hibiscus.flavifolius",NA,"O","N","20090617"
"4D","1st","","hibiscus.trionum",NA,"O","N","20090617"
"4D","1st","","indigofera.brevicalyx",NA,"O","N","20090617"
"4D","1st","","indigofera.schimperi",NA,"O","N","20090617"
"4D","1st","","ipomea.sinensis",NA,"O","N","20090617"
"4D","1st","","justicia.dichipteroides",NA,"O","N","20090617"
"4D","1st","","k",NA,"O","N","20090617"
"4D","1st","","kyllinga.sp",NA,"O","N","20090617"
"4D","1st","","leucas.glabrata",NA,"O","N","20090617"
"4D","1st","","leucas.martiniscensis",NA,"O","N","20090617"
"4D","1st","","lily.a",NA,"O","N","20090617"
"4D","1st","","lily.b",NA,"O","N","20090617"
"4D","1st","","lippia.javanica",NA,"O","N","20090617"
"4D","1st","","melhania.spp.",NA,"O","N","20090617"
"4D","1st","","misopates.orontium",NA,"O","N","20090617"
"4D","1st","","mollugo.nudicaulis",NA,"O","N","20090617"
"4D","1st","","monechima.debile",NA,"O","N","20090617"
"4D","1st","","monsonia.augustifolia",NA,"O","N","20090617"
"4D","1st","","ocimum.sp",NA,"O","N","20090617"
"4D","1st","","osteospermum.vaillantii",NA,"O","N","20090617"
"4D","1st","","oxygonum.sinuatum",NA,"O","N","20090617"
"4D","1st","","pavonia.patens",NA,"O","N","20090617"
"4D","1st","","pelargonium.alchemilloides",NA,"O","N","20090617"
"4D","1st","","pentanisia.ouranogyne",NA,"O","N","20090617"
"4D","1st","","phyllanthus.maderaspatensis",NA,"O","N","20090617"
"4D","1st","","plectranthus.spp",NA,"O","N","20090617"
"4D","1st","","pollichia.campestris",NA,"O","N","20090617"
"4D","1st","","polygala..l.",NA,"O","N","20090617"
"4D","1st","","polygala.sphenoptera",NA,"O","N","20090617"
"4D","1st","","portulaca.oleracea",NA,"O","N","20090617"
"4D","1st","","portulaca.quadrifida",NA,"O","N","20090617"
"4D","1st","","pseudognaphalium..helichrysum.glumaceum.",4,"O","N","20090617"
"4D","1st","","psilotrichum.schimperi",NA,"O","N","20090617"
"4D","1st","","rhinacanthus.ndorensis",NA,"O","N","20090617"
"4D","1st","","rhynchosia.holstii",NA,"O","N","20090617"
"4D","1st","","schkuhria.pinnata",NA,"O","N","20090617"
"4D","1st","","sida.2",NA,"O","N","20090617"
"4D","1st","","sida.cuneifolia",NA,"O","N","20090617"
"4D","1st","","solanum.incanum",NA,"O","N","20090617"
"4D","1st","","solanum.indicum",NA,"O","N","20090617"
"4D","1st","","tribulus.terrestris",NA,"O","N","20090617"
"4D","1st","","u",NA,"O","N","20090617"
"4D","1st","","w",NA,"O","N","20090617"
"4D","1st","","x_4",NA,"O","N","20090617"
"4D","1st","","x_5",NA,"O","N","20090617"
"4D","1st","","x_6",NA,"O","N","20090617"
"4D","1st","","x_7",NA,"O","N","20090617"
"4D","1st","","x_8",NA,"O","N","20090617"
"4B","1st","","bracharia.lacnantha",9,"O","N","20090617"
"4B","1st","","lintonia.nutans",NA,"O","N","20090617"
"4B","1st","","pennisetum.mezianum",NA,"O","N","20090617"
"4B","1st","","pennisetum.straminium",3,"O","N","20090617"
"4B","1st","","themeda.triandra",NA,"O","N","20090617"
"4B","1st","","bare",1,"O","N","20090617"
"4B","1st","","x_2",NA,"O","N","20090617"
"4B","1st","","aristida.kenyensis",NA,"O","N","20090617"
"4B","1st","","bothriochloa.insculpta",NA,"O","N","20090617"
"4B","1st","","bracharia.3",NA,"O","N","20090617"
"4B","1st","","bracharia.eruciformis",NA,"O","N","20090617"
"4B","1st","","chloris.sp",NA,"O","N","20090617"
"4B","1st","","cynodon.dactylon",NA,"O","N","20090617"
"4B","1st","","cynodon.plectostachyus",NA,"O","N","20090617"
"4B","1st","","cyperus...mariscus.spp",NA,"O","N","20090617"
"4B","1st","","digitaria.2",NA,"O","N","20090617"
"4B","1st","","digitaria.milanjiana",NA,"O","N","20090617"
"4B","1st","","dinebra.retroflexa",NA,"O","N","20090617"
"4B","1st","","eragrostis.tenuifolia",NA,"O","N","20090617"
"4B","1st","","harpachne.schimperi",NA,"O","N","20090617"
"4B","1st","","microchloa.kunthii",NA,"O","N","20090617"
"4B","1st","","panicum.astrosanguinum",NA,"O","N","20090617"
"4B","1st","","setaria.acromelaena..small.",NA,"O","N","20090617"
"4B","1st","","setaria.sphaecealata..big.",NA,"O","N","20090617"
"4B","1st","","sporobolus.pyramidalis",NA,"O","N","20090617"
"4B","1st","","tragus.berteronianus",NA,"O","N","20090617"
"4B","1st","","x_3",NA,"O","N","20090617"
"4B","1st","","acalypha.crenata",NA,"O","N","20090617"
"4B","1st","","aerva.lanata",NA,"O","N","20090617"
"4B","1st","","amaranthus.hibridus",NA,"O","N","20090617"
"4B","1st","","aspilia.pluriseta",NA,"O","N","20090617"
"4B","1st","","asterolinon.adoense..v.",NA,"O","N","20090617"
"4B","1st","","caralluma.acutangula",NA,"O","N","20090617"
"4B","1st","","chenopodium.opulifolium",NA,"O","N","20090617"
"4B","1st","","chenopodium.schraderianum",NA,"O","N","20090617"
"4B","1st","","commelina.spp",NA,"O","N","20090617"
"4B","1st","","commicarpus.pedunculosus",NA,"O","N","20090617"
"4B","1st","","conyza.sp",NA,"O","N","20090617"
"4B","1st","","corchorus.sp",NA,"O","N","20090617"
"4B","1st","","crotelaria.sp",NA,"O","N","20090617"
"4B","1st","","cyathula.orthacantha",NA,"O","N","20090617"
"4B","1st","","dyscoriste.radicans",NA,"O","N","20090617"
"4B","1st","","euphorbia.inaequilatera",NA,"O","N","20090617"
"4B","1st","","evolvulus.alsinoides",NA,"O","N","20090617"
"4B","1st","","fern",NA,"O","N","20090617"
"4B","1st","","gutenbergia.sp",NA,"O","N","20090617"
"4B","1st","","hermannia.uhligii",NA,"O","N","20090617"
"4B","1st","","hibiscus.flavifolius",NA,"O","N","20090617"
"4B","1st","","hibiscus.trionum",NA,"O","N","20090617"
"4B","1st","","indigofera.brevicalyx",NA,"O","N","20090617"
"4B","1st","","indigofera.schimperi",NA,"O","N","20090617"
"4B","1st","","ipomea.sinensis",NA,"O","N","20090617"
"4B","1st","","justicia.dichipteroides",NA,"O","N","20090617"
"4B","1st","","k",NA,"O","N","20090617"
"4B","1st","","kyllinga.sp",NA,"O","N","20090617"
"4B","1st","","leucas.glabrata",NA,"O","N","20090617"
"4B","1st","","leucas.martiniscensis",NA,"O","N","20090617"
"4B","1st","","lily.a",NA,"O","N","20090617"
"4B","1st","","lily.b",NA,"O","N","20090617"
"4B","1st","","lippia.javanica",NA,"O","N","20090617"
"4B","1st","","melhania.spp.",NA,"O","N","20090617"
"4B","1st","","misopates.orontium",NA,"O","N","20090617"
"4B","1st","","mollugo.nudicaulis",NA,"O","N","20090617"
"4B","1st","","monechima.debile",NA,"O","N","20090617"
"4B","1st","","monsonia.augustifolia",NA,"O","N","20090617"
"4B","1st","","ocimum.sp",NA,"O","N","20090617"
"4B","1st","","osteospermum.vaillantii",NA,"O","N","20090617"
"4B","1st","","oxygonum.sinuatum",NA,"O","N","20090617"
"4B","1st","","pavonia.patens",NA,"O","N","20090617"
"4B","1st","","pelargonium.alchemilloides",NA,"O","N","20090617"
"4B","1st","","pentanisia.ouranogyne",NA,"O","N","20090617"
"4B","1st","","phyllanthus.maderaspatensis",NA,"O","N","20090617"
"4B","1st","","plectranthus.spp",NA,"O","N","20090617"
"4B","1st","","pollichia.campestris",NA,"O","N","20090617"
"4B","1st","","polygala..l.",NA,"O","N","20090617"
"4B","1st","","polygala.sphenoptera",NA,"O","N","20090617"
"4B","1st","","portulaca.oleracea",NA,"O","N","20090617"
"4B","1st","","portulaca.quadrifida",NA,"O","N","20090617"
"4B","1st","","pseudognaphalium..helichrysum.glumaceum.",NA,"O","N","20090617"
"4B","1st","","psilotrichum.schimperi",NA,"O","N","20090617"
"4B","1st","","rhinacanthus.ndorensis",NA,"O","N","20090617"
"4B","1st","","rhynchosia.holstii",NA,"O","N","20090617"
"4B","1st","","schkuhria.pinnata",NA,"O","N","20090617"
"4B","1st","","sida.2",NA,"O","N","20090617"
"4B","1st","","sida.cuneifolia",NA,"O","N","20090617"
"4B","1st","","solanum.incanum",NA,"O","N","20090617"
"4B","1st","","solanum.indicum",NA,"O","N","20090617"
"4B","1st","","tribulus.terrestris",NA,"O","N","20090617"
"4B","1st","","u",NA,"O","N","20090617"
"4B","1st","","w",NA,"O","N","20090617"
"4B","1st","","x_4",NA,"O","N","20090617"
"4B","1st","","x_5",NA,"O","N","20090617"
"4B","1st","","x_6",NA,"O","N","20090617"
"4B","1st","","x_7",NA,"O","N","20090617"
"4B","1st","","x_8",NA,"O","N","20090617"
"5A","1st","","bracharia.lacnantha",NA,"O","N","20090617"
"5A","1st","","lintonia.nutans",NA,"O","N","20090617"
"5A","1st","","pennisetum.mezianum",NA,"O","N","20090617"
"5A","1st","","pennisetum.straminium",NA,"O","N","20090617"
"5A","1st","","themeda.triandra",NA,"O","N","20090617"
"5A","1st","","bare",NA,"O","N","20090617"
"5A","1st","","x_2",NA,"O","N","20090617"
"5A","1st","","aristida.kenyensis",NA,"O","N","20090617"
"5A","1st","","bothriochloa.insculpta",NA,"O","N","20090617"
"5A","1st","","bracharia.3",NA,"O","N","20090617"
"5A","1st","","bracharia.eruciformis",NA,"O","N","20090617"
"5A","1st","","chloris.sp",NA,"O","N","20090617"
"5A","1st","","cynodon.dactylon",NA,"O","N","20090617"
"5A","1st","","cynodon.plectostachyus",NA,"O","N","20090617"
"5A","1st","","cyperus...mariscus.spp",NA,"O","N","20090617"
"5A","1st","","digitaria.2",NA,"O","N","20090617"
"5A","1st","","digitaria.milanjiana",NA,"O","N","20090617"
"5A","1st","","dinebra.retroflexa",NA,"O","N","20090617"
"5A","1st","","eragrostis.tenuifolia",NA,"O","N","20090617"
"5A","1st","","harpachne.schimperi",NA,"O","N","20090617"
"5A","1st","","microchloa.kunthii",NA,"O","N","20090617"
"5A","1st","","panicum.astrosanguinum",NA,"O","N","20090617"
"5A","1st","","setaria.acromelaena..small.",NA,"O","N","20090617"
"5A","1st","","setaria.sphaecealata..big.",NA,"O","N","20090617"
"5A","1st","","sporobolus.pyramidalis",NA,"O","N","20090617"
"5A","1st","","tragus.berteronianus",NA,"O","N","20090617"
"5A","1st","","x_3",NA,"O","N","20090617"
"5A","1st","","acalypha.crenata",NA,"O","N","20090617"
"5A","1st","","aerva.lanata",NA,"O","N","20090617"
"5A","1st","","amaranthus.hibridus",NA,"O","N","20090617"
"5A","1st","","aspilia.pluriseta",NA,"O","N","20090617"
"5A","1st","","asterolinon.adoense..v.",NA,"O","N","20090617"
"5A","1st","","caralluma.acutangula",NA,"O","N","20090617"
"5A","1st","","chenopodium.opulifolium",NA,"O","N","20090617"
"5A","1st","","chenopodium.schraderianum",NA,"O","N","20090617"
"5A","1st","","commelina.spp",NA,"O","N","20090617"
"5A","1st","","commicarpus.pedunculosus",NA,"O","N","20090617"
"5A","1st","","conyza.sp",NA,"O","N","20090617"
"5A","1st","","corchorus.sp",NA,"O","N","20090617"
"5A","1st","","crotelaria.sp",NA,"O","N","20090617"
"5A","1st","","cyathula.orthacantha",NA,"O","N","20090617"
"5A","1st","","dyscoriste.radicans",NA,"O","N","20090617"
"5A","1st","","euphorbia.inaequilatera",NA,"O","N","20090617"
"5A","1st","","evolvulus.alsinoides",NA,"O","N","20090617"
"5A","1st","","fern",NA,"O","N","20090617"
"5A","1st","","gutenbergia.sp",NA,"O","N","20090617"
"5A","1st","","hermannia.uhligii",NA,"O","N","20090617"
"5A","1st","","hibiscus.flavifolius",NA,"O","N","20090617"
"5A","1st","","hibiscus.trionum",NA,"O","N","20090617"
"5A","1st","","indigofera.brevicalyx",NA,"O","N","20090617"
"5A","1st","","indigofera.schimperi",NA,"O","N","20090617"
"5A","1st","","ipomea.sinensis",NA,"O","N","20090617"
"5A","1st","","justicia.dichipteroides",NA,"O","N","20090617"
"5A","1st","","k",NA,"O","N","20090617"
"5A","1st","","kyllinga.sp",NA,"O","N","20090617"
"5A","1st","","leucas.glabrata",NA,"O","N","20090617"
"5A","1st","","leucas.martiniscensis",NA,"O","N","20090617"
"5A","1st","","lily.a",NA,"O","N","20090617"
"5A","1st","","lily.b",NA,"O","N","20090617"
"5A","1st","","lippia.javanica",NA,"O","N","20090617"
"5A","1st","","melhania.spp.",NA,"O","N","20090617"
"5A","1st","","misopates.orontium",NA,"O","N","20090617"
"5A","1st","","mollugo.nudicaulis",NA,"O","N","20090617"
"5A","1st","","monechima.debile",NA,"O","N","20090617"
"5A","1st","","monsonia.augustifolia",NA,"O","N","20090617"
"5A","1st","","ocimum.sp",NA,"O","N","20090617"
"5A","1st","","osteospermum.vaillantii",NA,"O","N","20090617"
"5A","1st","","oxygonum.sinuatum",NA,"O","N","20090617"
"5A","1st","","pavonia.patens",NA,"O","N","20090617"
"5A","1st","","pelargonium.alchemilloides",NA,"O","N","20090617"
"5A","1st","","pentanisia.ouranogyne",NA,"O","N","20090617"
"5A","1st","","phyllanthus.maderaspatensis",NA,"O","N","20090617"
"5A","1st","","plectranthus.spp",NA,"O","N","20090617"
"5A","1st","","pollichia.campestris",NA,"O","N","20090617"
"5A","1st","","polygala..l.",NA,"O","N","20090617"
"5A","1st","","polygala.sphenoptera",NA,"O","N","20090617"
"5A","1st","","portulaca.oleracea",NA,"O","N","20090617"
"5A","1st","","portulaca.quadrifida",NA,"O","N","20090617"
"5A","1st","","pseudognaphalium..helichrysum.glumaceum.",NA,"O","N","20090617"
"5A","1st","","psilotrichum.schimperi",NA,"O","N","20090617"
"5A","1st","","rhinacanthus.ndorensis",NA,"O","N","20090617"
"5A","1st","","rhynchosia.holstii",NA,"O","N","20090617"
"5A","1st","","schkuhria.pinnata",NA,"O","N","20090617"
"5A","1st","","sida.2",NA,"O","N","20090617"
"5A","1st","","sida.cuneifolia",NA,"O","N","20090617"
"5A","1st","","solanum.incanum",NA,"O","N","20090617"
"5A","1st","","solanum.indicum",NA,"O","N","20090617"
"5A","1st","","tribulus.terrestris",NA,"O","N","20090617"
"5A","1st","","u",NA,"O","N","20090617"
"5A","1st","","w",NA,"O","N","20090617"
"5A","1st","","x_4",NA,"O","N","20090617"
"5A","1st","","x_5",NA,"O","N","20090617"
"5A","1st","","x_6",NA,"O","N","20090617"
"5A","1st","","x_7",NA,"O","N","20090617"
"5A","1st","","x_8",NA,"O","N","20090617"
"5C","1st","","bracharia.lacnantha",NA,"O","N","20090617"
"5C","1st","","lintonia.nutans",NA,"O","N","20090617"
"5C","1st","","pennisetum.mezianum",NA,"O","N","20090617"
"5C","1st","","pennisetum.straminium",NA,"O","N","20090617"
"5C","1st","","themeda.triandra",NA,"O","N","20090617"
"5C","1st","","bare",NA,"O","N","20090617"
"5C","1st","","x_2",NA,"O","N","20090617"
"5C","1st","","aristida.kenyensis",NA,"O","N","20090617"
"5C","1st","","bothriochloa.insculpta",NA,"O","N","20090617"
"5C","1st","","bracharia.3",NA,"O","N","20090617"
"5C","1st","","bracharia.eruciformis",NA,"O","N","20090617"
"5C","1st","","chloris.sp",NA,"O","N","20090617"
"5C","1st","","cynodon.dactylon",NA,"O","N","20090617"
"5C","1st","","cynodon.plectostachyus",NA,"O","N","20090617"
"5C","1st","","cyperus...mariscus.spp",NA,"O","N","20090617"
"5C","1st","","digitaria.2",NA,"O","N","20090617"
"5C","1st","","digitaria.milanjiana",NA,"O","N","20090617"
"5C","1st","","dinebra.retroflexa",NA,"O","N","20090617"
"5C","1st","","eragrostis.tenuifolia",NA,"O","N","20090617"
"5C","1st","","harpachne.schimperi",NA,"O","N","20090617"
"5C","1st","","microchloa.kunthii",NA,"O","N","20090617"
"5C","1st","","panicum.astrosanguinum",NA,"O","N","20090617"
"5C","1st","","setaria.acromelaena..small.",NA,"O","N","20090617"
"5C","1st","","setaria.sphaecealata..big.",NA,"O","N","20090617"
"5C","1st","","sporobolus.pyramidalis",NA,"O","N","20090617"
"5C","1st","","tragus.berteronianus",NA,"O","N","20090617"
"5C","1st","","x_3",NA,"O","N","20090617"
"5C","1st","","acalypha.crenata",NA,"O","N","20090617"
"5C","1st","","aerva.lanata",1,"O","N","20090617"
"5C","1st","","amaranthus.hibridus",NA,"O","N","20090617"
"5C","1st","","aspilia.pluriseta",NA,"O","N","20090617"
"5C","1st","","asterolinon.adoense..v.",NA,"O","N","20090617"
"5C","1st","","caralluma.acutangula",NA,"O","N","20090617"
"5C","1st","","chenopodium.opulifolium",NA,"O","N","20090617"
"5C","1st","","chenopodium.schraderianum",NA,"O","N","20090617"
"5C","1st","","commelina.spp",NA,"O","N","20090617"
"5C","1st","","commicarpus.pedunculosus",NA,"O","N","20090617"
"5C","1st","","conyza.sp",NA,"O","N","20090617"
"5C","1st","","corchorus.sp",NA,"O","N","20090617"
"5C","1st","","crotelaria.sp",NA,"O","N","20090617"
"5C","1st","","cyathula.orthacantha",NA,"O","N","20090617"
"5C","1st","","dyscoriste.radicans",NA,"O","N","20090617"
"5C","1st","","euphorbia.inaequilatera",NA,"O","N","20090617"
"5C","1st","","evolvulus.alsinoides",NA,"O","N","20090617"
"5C","1st","","fern",NA,"O","N","20090617"
"5C","1st","","gutenbergia.sp",NA,"O","N","20090617"
"5C","1st","","hermannia.uhligii",NA,"O","N","20090617"
"5C","1st","","hibiscus.flavifolius",NA,"O","N","20090617"
"5C","1st","","hibiscus.trionum",NA,"O","N","20090617"
"5C","1st","","indigofera.brevicalyx",NA,"O","N","20090617"
"5C","1st","","indigofera.schimperi",NA,"O","N","20090617"
"5C","1st","","ipomea.sinensis",NA,"O","N","20090617"
"5C","1st","","justicia.dichipteroides",NA,"O","N","20090617"
"5C","1st","","k",NA,"O","N","20090617"
"5C","1st","","kyllinga.sp",NA,"O","N","20090617"
"5C","1st","","leucas.glabrata",NA,"O","N","20090617"
"5C","1st","","leucas.martiniscensis",NA,"O","N","20090617"
"5C","1st","","lily.a",NA,"O","N","20090617"
"5C","1st","","lily.b",NA,"O","N","20090617"
"5C","1st","","lippia.javanica",NA,"O","N","20090617"
"5C","1st","","melhania.spp.",NA,"O","N","20090617"
"5C","1st","","misopates.orontium",NA,"O","N","20090617"
"5C","1st","","mollugo.nudicaulis",NA,"O","N","20090617"
"5C","1st","","monechima.debile",NA,"O","N","20090617"
"5C","1st","","monsonia.augustifolia",NA,"O","N","20090617"
"5C","1st","","ocimum.sp",NA,"O","N","20090617"
"5C","1st","","osteospermum.vaillantii",NA,"O","N","20090617"
"5C","1st","","oxygonum.sinuatum",NA,"O","N","20090617"
"5C","1st","","pavonia.patens",NA,"O","N","20090617"
"5C","1st","","pelargonium.alchemilloides",NA,"O","N","20090617"
"5C","1st","","pentanisia.ouranogyne",NA,"O","N","20090617"
"5C","1st","","phyllanthus.maderaspatensis",NA,"O","N","20090617"
"5C","1st","","plectranthus.spp",NA,"O","N","20090617"
"5C","1st","","pollichia.campestris",NA,"O","N","20090617"
"5C","1st","","polygala..l.",NA,"O","N","20090617"
"5C","1st","","polygala.sphenoptera",NA,"O","N","20090617"
"5C","1st","","portulaca.oleracea",NA,"O","N","20090617"
"5C","1st","","portulaca.quadrifida",NA,"O","N","20090617"
"5C","1st","","pseudognaphalium..helichrysum.glumaceum.",NA,"O","N","20090617"
"5C","1st","","psilotrichum.schimperi",NA,"O","N","20090617"
"5C","1st","","rhinacanthus.ndorensis",NA,"O","N","20090617"
"5C","1st","","rhynchosia.holstii",2,"O","N","20090617"
"5C","1st","","schkuhria.pinnata",NA,"O","N","20090617"
"5C","1st","","sida.2",NA,"O","N","20090617"
"5C","1st","","sida.cuneifolia",NA,"O","N","20090617"
"5C","1st","","solanum.incanum",NA,"O","N","20090617"
"5C","1st","","solanum.indicum",NA,"O","N","20090617"
"5C","1st","","tribulus.terrestris",NA,"O","N","20090617"
"5C","1st","","u",NA,"O","N","20090617"
"5C","1st","","w",NA,"O","N","20090617"
"5C","1st","","x_4",NA,"O","N","20090617"
"5C","1st","","x_5",NA,"O","N","20090617"
"5C","1st","","x_6",NA,"O","N","20090617"
"5C","1st","","x_7",NA,"O","N","20090617"
"5C","1st","","x_8",NA,"O","N","20090617"
"5E","1st","","bracharia.lacnantha",NA,"O","N","20090617"
"5E","1st","","lintonia.nutans",NA,"O","N","20090617"
"5E","1st","","pennisetum.mezianum",NA,"O","N","20090617"
"5E","1st","","pennisetum.straminium",NA,"O","N","20090617"
"5E","1st","","themeda.triandra",NA,"O","N","20090617"
"5E","1st","","bare",1,"O","N","20090617"
"5E","1st","","x_2",NA,"O","N","20090617"
"5E","1st","","aristida.kenyensis",NA,"O","N","20090617"
"5E","1st","","bothriochloa.insculpta",NA,"O","N","20090617"
"5E","1st","","bracharia.3",NA,"O","N","20090617"
"5E","1st","","bracharia.eruciformis",NA,"O","N","20090617"
"5E","1st","","chloris.sp",NA,"O","N","20090617"
"5E","1st","","cynodon.dactylon",NA,"O","N","20090617"
"5E","1st","","cynodon.plectostachyus",NA,"O","N","20090617"
"5E","1st","","cyperus...mariscus.spp",NA,"O","N","20090617"
"5E","1st","","digitaria.2",NA,"O","N","20090617"
"5E","1st","","digitaria.milanjiana",NA,"O","N","20090617"
"5E","1st","","dinebra.retroflexa",NA,"O","N","20090617"
"5E","1st","","eragrostis.tenuifolia",NA,"O","N","20090617"
"5E","1st","","harpachne.schimperi",NA,"O","N","20090617"
"5E","1st","","microchloa.kunthii",NA,"O","N","20090617"
"5E","1st","","panicum.astrosanguinum",NA,"O","N","20090617"
"5E","1st","","setaria.acromelaena..small.",NA,"O","N","20090617"
"5E","1st","","setaria.sphaecealata..big.",NA,"O","N","20090617"
"5E","1st","","sporobolus.pyramidalis",NA,"O","N","20090617"
"5E","1st","","tragus.berteronianus",NA,"O","N","20090617"
"5E","1st","","x_3",NA,"O","N","20090617"
"5E","1st","","acalypha.crenata",NA,"O","N","20090617"
"5E","1st","","aerva.lanata",NA,"O","N","20090617"
"5E","1st","","amaranthus.hibridus",NA,"O","N","20090617"
"5E","1st","","aspilia.pluriseta",2,"O","N","20090617"
"5E","1st","","asterolinon.adoense..v.",NA,"O","N","20090617"
"5E","1st","","caralluma.acutangula",NA,"O","N","20090617"
"5E","1st","","chenopodium.opulifolium",NA,"O","N","20090617"
"5E","1st","","chenopodium.schraderianum",NA,"O","N","20090617"
"5E","1st","","commelina.spp",NA,"O","N","20090617"
"5E","1st","","commicarpus.pedunculosus",NA,"O","N","20090617"
"5E","1st","","conyza.sp",NA,"O","N","20090617"
"5E","1st","","corchorus.sp",NA,"O","N","20090617"
"5E","1st","","crotelaria.sp",NA,"O","N","20090617"
"5E","1st","","cyathula.orthacantha",NA,"O","N","20090617"
"5E","1st","","dyscoriste.radicans",NA,"O","N","20090617"
"5E","1st","","euphorbia.inaequilatera",NA,"O","N","20090617"
"5E","1st","","evolvulus.alsinoides",NA,"O","N","20090617"
"5E","1st","","fern",NA,"O","N","20090617"
"5E","1st","","gutenbergia.sp",NA,"O","N","20090617"
"5E","1st","","hermannia.uhligii",NA,"O","N","20090617"
"5E","1st","","hibiscus.flavifolius",NA,"O","N","20090617"
"5E","1st","","hibiscus.trionum",NA,"O","N","20090617"
"5E","1st","","indigofera.brevicalyx",NA,"O","N","20090617"
"5E","1st","","indigofera.schimperi",NA,"O","N","20090617"
"5E","1st","","ipomea.sinensis",NA,"O","N","20090617"
"5E","1st","","justicia.dichipteroides",NA,"O","N","20090617"
"5E","1st","","k",NA,"O","N","20090617"
"5E","1st","","kyllinga.sp",NA,"O","N","20090617"
"5E","1st","","leucas.glabrata",NA,"O","N","20090617"
"5E","1st","","leucas.martiniscensis",NA,"O","N","20090617"
"5E","1st","","lily.a",NA,"O","N","20090617"
"5E","1st","","lily.b",NA,"O","N","20090617"
"5E","1st","","lippia.javanica",NA,"O","N","20090617"
"5E","1st","","melhania.spp.",NA,"O","N","20090617"
"5E","1st","","misopates.orontium",NA,"O","N","20090617"
"5E","1st","","mollugo.nudicaulis",NA,"O","N","20090617"
"5E","1st","","monechima.debile",NA,"O","N","20090617"
"5E","1st","","monsonia.augustifolia",NA,"O","N","20090617"
"5E","1st","","ocimum.sp",NA,"O","N","20090617"
"5E","1st","","osteospermum.vaillantii",NA,"O","N","20090617"
"5E","1st","","oxygonum.sinuatum",NA,"O","N","20090617"
"5E","1st","","pavonia.patens",NA,"O","N","20090617"
"5E","1st","","pelargonium.alchemilloides",NA,"O","N","20090617"
"5E","1st","","pentanisia.ouranogyne",NA,"O","N","20090617"
"5E","1st","","phyllanthus.maderaspatensis",NA,"O","N","20090617"
"5E","1st","","plectranthus.spp",NA,"O","N","20090617"
"5E","1st","","pollichia.campestris",NA,"O","N","20090617"
"5E","1st","","polygala..l.",NA,"O","N","20090617"
"5E","1st","","polygala.sphenoptera",NA,"O","N","20090617"
"5E","1st","","portulaca.oleracea",NA,"O","N","20090617"
"5E","1st","","portulaca.quadrifida",NA,"O","N","20090617"
"5E","1st","","pseudognaphalium..helichrysum.glumaceum.",NA,"O","N","20090617"
"5E","1st","","psilotrichum.schimperi",NA,"O","N","20090617"
"5E","1st","","rhinacanthus.ndorensis",NA,"O","N","20090617"
"5E","1st","","rhynchosia.holstii",NA,"O","N","20090617"
"5E","1st","","schkuhria.pinnata",NA,"O","N","20090617"
"5E","1st","","sida.2",NA,"O","N","20090617"
"5E","1st","","sida.cuneifolia",NA,"O","N","20090617"
"5E","1st","","solanum.incanum",NA,"O","N","20090617"
"5E","1st","","solanum.indicum",NA,"O","N","20090617"
"5E","1st","","tribulus.terrestris",NA,"O","N","20090617"
"5E","1st","","u",NA,"O","N","20090617"
"5E","1st","","w",NA,"O","N","20090617"
"5E","1st","","x_4",NA,"O","N","20090617"
"5E","1st","","x_5",NA,"O","N","20090617"
"5E","1st","","x_6",NA,"O","N","20090617"
"5E","1st","","x_7",NA,"O","N","20090617"
"5E","1st","","x_8",NA,"O","N","20090617"
"5G","1st","","bracharia.lacnantha",NA,"O","N","20090617"
"5G","1st","","lintonia.nutans",NA,"O","N","20090617"
"5G","1st","","pennisetum.mezianum",NA,"O","N","20090617"
"5G","1st","","pennisetum.straminium",NA,"O","N","20090617"
"5G","1st","","themeda.triandra",NA,"O","N","20090617"
"5G","1st","","bare",2,"O","N","20090617"
"5G","1st","","x_2",NA,"O","N","20090617"
"5G","1st","","aristida.kenyensis",NA,"O","N","20090617"
"5G","1st","","bothriochloa.insculpta",NA,"O","N","20090617"
"5G","1st","","bracharia.3",NA,"O","N","20090617"
"5G","1st","","bracharia.eruciformis",NA,"O","N","20090617"
"5G","1st","","chloris.sp",NA,"O","N","20090617"
"5G","1st","","cynodon.dactylon",NA,"O","N","20090617"
"5G","1st","","cynodon.plectostachyus",NA,"O","N","20090617"
"5G","1st","","cyperus...mariscus.spp",NA,"O","N","20090617"
"5G","1st","","digitaria.2",NA,"O","N","20090617"
"5G","1st","","digitaria.milanjiana",NA,"O","N","20090617"
"5G","1st","","dinebra.retroflexa",NA,"O","N","20090617"
"5G","1st","","eragrostis.tenuifolia",NA,"O","N","20090617"
"5G","1st","","harpachne.schimperi",NA,"O","N","20090617"
"5G","1st","","microchloa.kunthii",NA,"O","N","20090617"
"5G","1st","","panicum.astrosanguinum",NA,"O","N","20090617"
"5G","1st","","setaria.acromelaena..small.",NA,"O","N","20090617"
"5G","1st","","setaria.sphaecealata..big.",NA,"O","N","20090617"
"5G","1st","","sporobolus.pyramidalis",NA,"O","N","20090617"
"5G","1st","","tragus.berteronianus",NA,"O","N","20090617"
"5G","1st","","x_3",NA,"O","N","20090617"
"5G","1st","","acalypha.crenata",NA,"O","N","20090617"
"5G","1st","","aerva.lanata",NA,"O","N","20090617"
"5G","1st","","amaranthus.hibridus",NA,"O","N","20090617"
"5G","1st","","aspilia.pluriseta",NA,"O","N","20090617"
"5G","1st","","asterolinon.adoense..v.",NA,"O","N","20090617"
"5G","1st","","caralluma.acutangula",NA,"O","N","20090617"
"5G","1st","","chenopodium.opulifolium",NA,"O","N","20090617"
"5G","1st","","chenopodium.schraderianum",NA,"O","N","20090617"
"5G","1st","","commelina.spp",NA,"O","N","20090617"
"5G","1st","","commicarpus.pedunculosus",NA,"O","N","20090617"
"5G","1st","","conyza.sp",NA,"O","N","20090617"
"5G","1st","","corchorus.sp",NA,"O","N","20090617"
"5G","1st","","crotelaria.sp",NA,"O","N","20090617"
"5G","1st","","cyathula.orthacantha",NA,"O","N","20090617"
"5G","1st","","dyscoriste.radicans",NA,"O","N","20090617"
"5G","1st","","euphorbia.inaequilatera",NA,"O","N","20090617"
"5G","1st","","evolvulus.alsinoides",NA,"O","N","20090617"
"5G","1st","","fern",NA,"O","N","20090617"
"5G","1st","","gutenbergia.sp",NA,"O","N","20090617"
"5G","1st","","hermannia.uhligii",NA,"O","N","20090617"
"5G","1st","","hibiscus.flavifolius",NA,"O","N","20090617"
"5G","1st","","hibiscus.trionum",NA,"O","N","20090617"
"5G","1st","","indigofera.brevicalyx",NA,"O","N","20090617"
"5G","1st","","indigofera.schimperi",NA,"O","N","20090617"
"5G","1st","","ipomea.sinensis",NA,"O","N","20090617"
"5G","1st","","justicia.dichipteroides",NA,"O","N","20090617"
"5G","1st","","k",NA,"O","N","20090617"
"5G","1st","","kyllinga.sp",NA,"O","N","20090617"
"5G","1st","","leucas.glabrata",NA,"O","N","20090617"
"5G","1st","","leucas.martiniscensis",NA,"O","N","20090617"
"5G","1st","","lily.a",NA,"O","N","20090617"
"5G","1st","","lily.b",NA,"O","N","20090617"
"5G","1st","","lippia.javanica",NA,"O","N","20090617"
"5G","1st","","melhania.spp.",NA,"O","N","20090617"
"5G","1st","","misopates.orontium",NA,"O","N","20090617"
"5G","1st","","mollugo.nudicaulis",NA,"O","N","20090617"
"5G","1st","","monechima.debile",NA,"O","N","20090617"
"5G","1st","","monsonia.augustifolia",NA,"O","N","20090617"
"5G","1st","","ocimum.sp",NA,"O","N","20090617"
"5G","1st","","osteospermum.vaillantii",NA,"O","N","20090617"
"5G","1st","","oxygonum.sinuatum",NA,"O","N","20090617"
"5G","1st","","pavonia.patens",NA,"O","N","20090617"
"5G","1st","","pelargonium.alchemilloides",NA,"O","N","20090617"
"5G","1st","","pentanisia.ouranogyne",NA,"O","N","20090617"
"5G","1st","","phyllanthus.maderaspatensis",NA,"O","N","20090617"
"5G","1st","","plectranthus.spp",NA,"O","N","20090617"
"5G","1st","","pollichia.campestris",NA,"O","N","20090617"
"5G","1st","","polygala..l.",NA,"O","N","20090617"
"5G","1st","","polygala.sphenoptera",NA,"O","N","20090617"
"5G","1st","","portulaca.oleracea",NA,"O","N","20090617"
"5G","1st","","portulaca.quadrifida",NA,"O","N","20090617"
"5G","1st","","pseudognaphalium..helichrysum.glumaceum.",NA,"O","N","20090617"
"5G","1st","","psilotrichum.schimperi",NA,"O","N","20090617"
"5G","1st","","rhinacanthus.ndorensis",NA,"O","N","20090617"
"5G","1st","","rhynchosia.holstii",NA,"O","N","20090617"
"5G","1st","","schkuhria.pinnata",NA,"O","N","20090617"
"5G","1st","","sida.2",NA,"O","N","20090617"
"5G","1st","","sida.cuneifolia",NA,"O","N","20090617"
"5G","1st","","solanum.incanum",NA,"O","N","20090617"
"5G","1st","","solanum.indicum",NA,"O","N","20090617"
"5G","1st","","tribulus.terrestris",NA,"O","N","20090617"
"5G","1st","","u",NA,"O","N","20090617"
"5G","1st","","w",NA,"O","N","20090617"
"5G","1st","","x_4",NA,"O","N","20090617"
"5G","1st","","x_5",NA,"O","N","20090617"
"5G","1st","","x_6",NA,"O","N","20090617"
"5G","1st","","x_7",NA,"O","N","20090617"
"5G","1st","","x_8",NA,"O","N","20090617"
"5I","1st","","bracharia.lacnantha",NA,"O","N","20090617"
"5I","1st","","lintonia.nutans",NA,"O","N","20090617"
"5I","1st","","pennisetum.mezianum",NA,"O","N","20090617"
"5I","1st","","pennisetum.straminium",NA,"O","N","20090617"
"5I","1st","","themeda.triandra",NA,"O","N","20090617"
"5I","1st","","bare",NA,"O","N","20090617"
"5I","1st","","x_2",NA,"O","N","20090617"
"5I","1st","","aristida.kenyensis",NA,"O","N","20090617"
"5I","1st","","bothriochloa.insculpta",NA,"O","N","20090617"
"5I","1st","","bracharia.3",NA,"O","N","20090617"
"5I","1st","","bracharia.eruciformis",NA,"O","N","20090617"
"5I","1st","","chloris.sp",NA,"O","N","20090617"
"5I","1st","","cynodon.dactylon",NA,"O","N","20090617"
"5I","1st","","cynodon.plectostachyus",NA,"O","N","20090617"
"5I","1st","","cyperus...mariscus.spp",NA,"O","N","20090617"
"5I","1st","","digitaria.2",NA,"O","N","20090617"
"5I","1st","","digitaria.milanjiana",NA,"O","N","20090617"
"5I","1st","","dinebra.retroflexa",NA,"O","N","20090617"
"5I","1st","","eragrostis.tenuifolia",NA,"O","N","20090617"
"5I","1st","","harpachne.schimperi",NA,"O","N","20090617"
"5I","1st","","microchloa.kunthii",NA,"O","N","20090617"
"5I","1st","","panicum.astrosanguinum",NA,"O","N","20090617"
"5I","1st","","setaria.acromelaena..small.",NA,"O","N","20090617"
"5I","1st","","setaria.sphaecealata..big.",NA,"O","N","20090617"
"5I","1st","","sporobolus.pyramidalis",NA,"O","N","20090617"
"5I","1st","","tragus.berteronianus",NA,"O","N","20090617"
"5I","1st","","x_3",NA,"O","N","20090617"
"5I","1st","","acalypha.crenata",NA,"O","N","20090617"
"5I","1st","","aerva.lanata",NA,"O","N","20090617"
"5I","1st","","amaranthus.hibridus",NA,"O","N","20090617"
"5I","1st","","aspilia.pluriseta",NA,"O","N","20090617"
"5I","1st","","asterolinon.adoense..v.",NA,"O","N","20090617"
"5I","1st","","caralluma.acutangula",NA,"O","N","20090617"
"5I","1st","","chenopodium.opulifolium",NA,"O","N","20090617"
"5I","1st","","chenopodium.schraderianum",NA,"O","N","20090617"
"5I","1st","","commelina.spp",NA,"O","N","20090617"
"5I","1st","","commicarpus.pedunculosus",NA,"O","N","20090617"
"5I","1st","","conyza.sp",NA,"O","N","20090617"
"5I","1st","","corchorus.sp",NA,"O","N","20090617"
"5I","1st","","crotelaria.sp",NA,"O","N","20090617"
"5I","1st","","cyathula.orthacantha",NA,"O","N","20090617"
"5I","1st","","dyscoriste.radicans",NA,"O","N","20090617"
"5I","1st","","euphorbia.inaequilatera",NA,"O","N","20090617"
"5I","1st","","evolvulus.alsinoides",NA,"O","N","20090617"
"5I","1st","","fern",NA,"O","N","20090617"
"5I","1st","","gutenbergia.sp",NA,"O","N","20090617"
"5I","1st","","hermannia.uhligii",NA,"O","N","20090617"
"5I","1st","","hibiscus.flavifolius",NA,"O","N","20090617"
"5I","1st","","hibiscus.trionum",NA,"O","N","20090617"
"5I","1st","","indigofera.brevicalyx",NA,"O","N","20090617"
"5I","1st","","indigofera.schimperi",NA,"O","N","20090617"
"5I","1st","","ipomea.sinensis",NA,"O","N","20090617"
"5I","1st","","justicia.dichipteroides",NA,"O","N","20090617"
"5I","1st","","k",NA,"O","N","20090617"
"5I","1st","","kyllinga.sp",NA,"O","N","20090617"
"5I","1st","","leucas.glabrata",NA,"O","N","20090617"
"5I","1st","","leucas.martiniscensis",NA,"O","N","20090617"
"5I","1st","","lily.a",NA,"O","N","20090617"
"5I","1st","","lily.b",NA,"O","N","20090617"
"5I","1st","","lippia.javanica",NA,"O","N","20090617"
"5I","1st","","melhania.spp.",NA,"O","N","20090617"
"5I","1st","","misopates.orontium",NA,"O","N","20090617"
"5I","1st","","mollugo.nudicaulis",NA,"O","N","20090617"
"5I","1st","","monechima.debile",NA,"O","N","20090617"
"5I","1st","","monsonia.augustifolia",NA,"O","N","20090617"
"5I","1st","","ocimum.sp",NA,"O","N","20090617"
"5I","1st","","osteospermum.vaillantii",NA,"O","N","20090617"
"5I","1st","","oxygonum.sinuatum",NA,"O","N","20090617"
"5I","1st","","pavonia.patens",NA,"O","N","20090617"
"5I","1st","","pelargonium.alchemilloides",NA,"O","N","20090617"
"5I","1st","","pentanisia.ouranogyne",NA,"O","N","20090617"
"5I","1st","","phyllanthus.maderaspatensis",NA,"O","N","20090617"
"5I","1st","","plectranthus.spp",NA,"O","N","20090617"
"5I","1st","","pollichia.campestris",NA,"O","N","20090617"
"5I","1st","","polygala..l.",NA,"O","N","20090617"
"5I","1st","","polygala.sphenoptera",NA,"O","N","20090617"
"5I","1st","","portulaca.oleracea",NA,"O","N","20090617"
"5I","1st","","portulaca.quadrifida",NA,"O","N","20090617"
"5I","1st","","pseudognaphalium..helichrysum.glumaceum.",5,"O","N","20090617"
"5I","1st","","psilotrichum.schimperi",NA,"O","N","20090617"
"5I","1st","","rhinacanthus.ndorensis",NA,"O","N","20090617"
"5I","1st","","rhynchosia.holstii",1,"O","N","20090617"
"5I","1st","","schkuhria.pinnata",NA,"O","N","20090617"
"5I","1st","","sida.2",NA,"O","N","20090617"
"5I","1st","","sida.cuneifolia",NA,"O","N","20090617"
"5I","1st","","solanum.incanum",NA,"O","N","20090617"
"5I","1st","","solanum.indicum",NA,"O","N","20090617"
"5I","1st","","tribulus.terrestris",NA,"O","N","20090617"
"5I","1st","","u",NA,"O","N","20090617"
"5I","1st","","w",NA,"O","N","20090617"
"5I","1st","","x_4",NA,"O","N","20090617"
"5I","1st","","x_5",NA,"O","N","20090617"
"5I","1st","","x_6",NA,"O","N","20090617"
"5I","1st","","x_7",NA,"O","N","20090617"
"5I","1st","","x_8",NA,"O","N","20090617"
"6J","1st","","bracharia.lacnantha",8,"O","N","20090617"
"6J","1st","","lintonia.nutans",NA,"O","N","20090617"
"6J","1st","","pennisetum.mezianum",NA,"O","N","20090617"
"6J","1st","","pennisetum.straminium",3,"O","N","20090617"
"6J","1st","","themeda.triandra",5,"O","N","20090617"
"6J","1st","","bare",NA,"O","N","20090617"
"6J","1st","","x_2",NA,"O","N","20090617"
"6J","1st","","aristida.kenyensis",NA,"O","N","20090617"
"6J","1st","","bothriochloa.insculpta",NA,"O","N","20090617"
"6J","1st","","bracharia.3",NA,"O","N","20090617"
"6J","1st","","bracharia.eruciformis",NA,"O","N","20090617"
"6J","1st","","chloris.sp",NA,"O","N","20090617"
"6J","1st","","cynodon.dactylon",NA,"O","N","20090617"
"6J","1st","","cynodon.plectostachyus",NA,"O","N","20090617"
"6J","1st","","cyperus...mariscus.spp",NA,"O","N","20090617"
"6J","1st","","digitaria.2",NA,"O","N","20090617"
"6J","1st","","digitaria.milanjiana",NA,"O","N","20090617"
"6J","1st","","dinebra.retroflexa",NA,"O","N","20090617"
"6J","1st","","eragrostis.tenuifolia",NA,"O","N","20090617"
"6J","1st","","harpachne.schimperi",NA,"O","N","20090617"
"6J","1st","","microchloa.kunthii",NA,"O","N","20090617"
"6J","1st","","panicum.astrosanguinum",NA,"O","N","20090617"
"6J","1st","","setaria.acromelaena..small.",NA,"O","N","20090617"
"6J","1st","","setaria.sphaecealata..big.",NA,"O","N","20090617"
"6J","1st","","sporobolus.pyramidalis",NA,"O","N","20090617"
"6J","1st","","tragus.berteronianus",NA,"O","N","20090617"
"6J","1st","","x_3",NA,"O","N","20090617"
"6J","1st","","acalypha.crenata",NA,"O","N","20090617"
"6J","1st","","aerva.lanata",NA,"O","N","20090617"
"6J","1st","","amaranthus.hibridus",NA,"O","N","20090617"
"6J","1st","","aspilia.pluriseta",1,"O","N","20090617"
"6J","1st","","asterolinon.adoense..v.",NA,"O","N","20090617"
"6J","1st","","caralluma.acutangula",NA,"O","N","20090617"
"6J","1st","","chenopodium.opulifolium",NA,"O","N","20090617"
"6J","1st","","chenopodium.schraderianum",NA,"O","N","20090617"
"6J","1st","","commelina.spp",NA,"O","N","20090617"
"6J","1st","","commicarpus.pedunculosus",NA,"O","N","20090617"
"6J","1st","","conyza.sp",NA,"O","N","20090617"
"6J","1st","","corchorus.sp",NA,"O","N","20090617"
"6J","1st","","crotelaria.sp",NA,"O","N","20090617"
"6J","1st","","cyathula.orthacantha",NA,"O","N","20090617"
"6J","1st","","dyscoriste.radicans",NA,"O","N","20090617"
"6J","1st","","euphorbia.inaequilatera",NA,"O","N","20090617"
"6J","1st","","evolvulus.alsinoides",NA,"O","N","20090617"
"6J","1st","","fern",NA,"O","N","20090617"
"6J","1st","","gutenbergia.sp",NA,"O","N","20090617"
"6J","1st","","hermannia.uhligii",NA,"O","N","20090617"
"6J","1st","","hibiscus.flavifolius",NA,"O","N","20090617"
"6J","1st","","hibiscus.trionum",NA,"O","N","20090617"
"6J","1st","","indigofera.brevicalyx",NA,"O","N","20090617"
"6J","1st","","indigofera.schimperi",NA,"O","N","20090617"
"6J","1st","","ipomea.sinensis",NA,"O","N","20090617"
"6J","1st","","justicia.dichipteroides",NA,"O","N","20090617"
"6J","1st","","k",NA,"O","N","20090617"
"6J","1st","","kyllinga.sp",NA,"O","N","20090617"
"6J","1st","","leucas.glabrata",NA,"O","N","20090617"
"6J","1st","","leucas.martiniscensis",NA,"O","N","20090617"
"6J","1st","","lily.a",NA,"O","N","20090617"
"6J","1st","","lily.b",NA,"O","N","20090617"
"6J","1st","","lippia.javanica",NA,"O","N","20090617"
"6J","1st","","melhania.spp.",NA,"O","N","20090617"
"6J","1st","","misopates.orontium",NA,"O","N","20090617"
"6J","1st","","mollugo.nudicaulis",NA,"O","N","20090617"
"6J","1st","","monechima.debile",NA,"O","N","20090617"
"6J","1st","","monsonia.augustifolia",NA,"O","N","20090617"
"6J","1st","","ocimum.sp",NA,"O","N","20090617"
"6J","1st","","osteospermum.vaillantii",NA,"O","N","20090617"
"6J","1st","","oxygonum.sinuatum",NA,"O","N","20090617"
"6J","1st","","pavonia.patens",NA,"O","N","20090617"
"6J","1st","","pelargonium.alchemilloides",NA,"O","N","20090617"
"6J","1st","","pentanisia.ouranogyne",NA,"O","N","20090617"
"6J","1st","","phyllanthus.maderaspatensis",NA,"O","N","20090617"
"6J","1st","","plectranthus.spp",NA,"O","N","20090617"
"6J","1st","","pollichia.campestris",NA,"O","N","20090617"
"6J","1st","","polygala..l.",NA,"O","N","20090617"
"6J","1st","","polygala.sphenoptera",NA,"O","N","20090617"
"6J","1st","","portulaca.oleracea",NA,"O","N","20090617"
"6J","1st","","portulaca.quadrifida",NA,"O","N","20090617"
"6J","1st","","pseudognaphalium..helichrysum.glumaceum.",5,"O","N","20090617"
"6J","1st","","psilotrichum.schimperi",NA,"O","N","20090617"
"6J","1st","","rhinacanthus.ndorensis",NA,"O","N","20090617"
"6J","1st","","rhynchosia.holstii",NA,"O","N","20090617"
"6J","1st","","schkuhria.pinnata",NA,"O","N","20090617"
"6J","1st","","sida.2",NA,"O","N","20090617"
"6J","1st","","sida.cuneifolia",NA,"O","N","20090617"
"6J","1st","","solanum.incanum",NA,"O","N","20090617"
"6J","1st","","solanum.indicum",NA,"O","N","20090617"
"6J","1st","","tribulus.terrestris",NA,"O","N","20090617"
"6J","1st","","u",NA,"O","N","20090617"
"6J","1st","","w",NA,"O","N","20090617"
"6J","1st","","x_4",NA,"O","N","20090617"
"6J","1st","","x_5",NA,"O","N","20090617"
"6J","1st","","x_6",NA,"O","N","20090617"
"6J","1st","","x_7",NA,"O","N","20090617"
"6J","1st","","x_8",NA,"O","N","20090617"
"6J","All","Lvs","bracharia.lacnantha",33,"O","N","20090617"
"6J","All","Lvs","lintonia.nutans",NA,"O","N","20090617"
"6J","All","Lvs","pennisetum.mezianum",NA,"O","N","20090617"
"6J","All","Lvs","pennisetum.straminium",4,"O","N","20090617"
"6J","All","Lvs","themeda.triandra",12,"O","N","20090617"
"6J","All","Lvs","bare",NA,"O","N","20090617"
"6J","All","Lvs","x_2",NA,"O","N","20090617"
"6J","All","Lvs","aristida.kenyensis",NA,"O","N","20090617"
"6J","All","Lvs","bothriochloa.insculpta",NA,"O","N","20090617"
"6J","All","Lvs","bracharia.3",NA,"O","N","20090617"
"6J","All","Lvs","bracharia.eruciformis",NA,"O","N","20090617"
"6J","All","Lvs","chloris.sp",NA,"O","N","20090617"
"6J","All","Lvs","cynodon.dactylon",NA,"O","N","20090617"
"6J","All","Lvs","cynodon.plectostachyus",NA,"O","N","20090617"
"6J","All","Lvs","cyperus...mariscus.spp",NA,"O","N","20090617"
"6J","All","Lvs","digitaria.2",NA,"O","N","20090617"
"6J","All","Lvs","digitaria.milanjiana",NA,"O","N","20090617"
"6J","All","Lvs","dinebra.retroflexa",NA,"O","N","20090617"
"6J","All","Lvs","eragrostis.tenuifolia",NA,"O","N","20090617"
"6J","All","Lvs","harpachne.schimperi",NA,"O","N","20090617"
"6J","All","Lvs","microchloa.kunthii",NA,"O","N","20090617"
"6J","All","Lvs","panicum.astrosanguinum",NA,"O","N","20090617"
"6J","All","Lvs","setaria.acromelaena..small.",NA,"O","N","20090617"
"6J","All","Lvs","setaria.sphaecealata..big.",NA,"O","N","20090617"
"6J","All","Lvs","sporobolus.pyramidalis",NA,"O","N","20090617"
"6J","All","Lvs","tragus.berteronianus",NA,"O","N","20090617"
"6J","All","Lvs","x_3",NA,"O","N","20090617"
"6J","All","Lvs","acalypha.crenata",NA,"O","N","20090617"
"6J","All","Lvs","aerva.lanata",NA,"O","N","20090617"
"6J","All","Lvs","amaranthus.hibridus",NA,"O","N","20090617"
"6J","All","Lvs","aspilia.pluriseta",1,"O","N","20090617"
"6J","All","Lvs","asterolinon.adoense..v.",NA,"O","N","20090617"
"6J","All","Lvs","caralluma.acutangula",NA,"O","N","20090617"
"6J","All","Lvs","chenopodium.opulifolium",NA,"O","N","20090617"
"6J","All","Lvs","chenopodium.schraderianum",NA,"O","N","20090617"
"6J","All","Lvs","commelina.spp",NA,"O","N","20090617"
"6J","All","Lvs","commicarpus.pedunculosus",NA,"O","N","20090617"
"6J","All","Lvs","conyza.sp",NA,"O","N","20090617"
"6J","All","Lvs","corchorus.sp",NA,"O","N","20090617"
"6J","All","Lvs","crotelaria.sp",NA,"O","N","20090617"
"6J","All","Lvs","cyathula.orthacantha",NA,"O","N","20090617"
"6J","All","Lvs","dyscoriste.radicans",NA,"O","N","20090617"
"6J","All","Lvs","euphorbia.inaequilatera",NA,"O","N","20090617"
"6J","All","Lvs","evolvulus.alsinoides",NA,"O","N","20090617"
"6J","All","Lvs","fern",NA,"O","N","20090617"
"6J","All","Lvs","gutenbergia.sp",NA,"O","N","20090617"
"6J","All","Lvs","hermannia.uhligii",NA,"O","N","20090617"
"6J","All","Lvs","hibiscus.flavifolius",NA,"O","N","20090617"
"6J","All","Lvs","hibiscus.trionum",NA,"O","N","20090617"
"6J","All","Lvs","indigofera.brevicalyx",NA,"O","N","20090617"
"6J","All","Lvs","indigofera.schimperi",NA,"O","N","20090617"
"6J","All","Lvs","ipomea.sinensis",NA,"O","N","20090617"
"6J","All","Lvs","justicia.dichipteroides",NA,"O","N","20090617"
"6J","All","Lvs","k",NA,"O","N","20090617"
"6J","All","Lvs","kyllinga.sp",NA,"O","N","20090617"
"6J","All","Lvs","leucas.glabrata",NA,"O","N","20090617"
"6J","All","Lvs","leucas.martiniscensis",NA,"O","N","20090617"
"6J","All","Lvs","lily.a",NA,"O","N","20090617"
"6J","All","Lvs","lily.b",NA,"O","N","20090617"
"6J","All","Lvs","lippia.javanica",NA,"O","N","20090617"
"6J","All","Lvs","melhania.spp.",NA,"O","N","20090617"
"6J","All","Lvs","misopates.orontium",NA,"O","N","20090617"
"6J","All","Lvs","mollugo.nudicaulis",NA,"O","N","20090617"
"6J","All","Lvs","monechima.debile",NA,"O","N","20090617"
"6J","All","Lvs","monsonia.augustifolia",NA,"O","N","20090617"
"6J","All","Lvs","ocimum.sp",NA,"O","N","20090617"
"6J","All","Lvs","osteospermum.vaillantii",NA,"O","N","20090617"
"6J","All","Lvs","oxygonum.sinuatum",NA,"O","N","20090617"
"6J","All","Lvs","pavonia.patens",NA,"O","N","20090617"
"6J","All","Lvs","pelargonium.alchemilloides",NA,"O","N","20090617"
"6J","All","Lvs","pentanisia.ouranogyne",NA,"O","N","20090617"
"6J","All","Lvs","phyllanthus.maderaspatensis",NA,"O","N","20090617"
"6J","All","Lvs","plectranthus.spp",NA,"O","N","20090617"
"6J","All","Lvs","pollichia.campestris",NA,"O","N","20090617"
"6J","All","Lvs","polygala..l.",NA,"O","N","20090617"
"6J","All","Lvs","polygala.sphenoptera",NA,"O","N","20090617"
"6J","All","Lvs","portulaca.oleracea",NA,"O","N","20090617"
"6J","All","Lvs","portulaca.quadrifida",NA,"O","N","20090617"
"6J","All","Lvs","pseudognaphalium..helichrysum.glumaceum.",6,"O","N","20090617"
"6J","All","Lvs","psilotrichum.schimperi",NA,"O","N","20090617"
"6J","All","Lvs","rhinacanthus.ndorensis",NA,"O","N","20090617"
"6J","All","Lvs","rhynchosia.holstii",NA,"O","N","20090617"
"6J","All","Lvs","schkuhria.pinnata",NA,"O","N","20090617"
"6J","All","Lvs","sida.2",NA,"O","N","20090617"
"6J","All","Lvs","sida.cuneifolia",NA,"O","N","20090617"
"6J","All","Lvs","solanum.incanum",NA,"O","N","20090617"
"6J","All","Lvs","solanum.indicum",NA,"O","N","20090617"
"6J","All","Lvs","tribulus.terrestris",NA,"O","N","20090617"
"6J","All","Lvs","u",NA,"O","N","20090617"
"6J","All","Lvs","w",NA,"O","N","20090617"
"6J","All","Lvs","x_4",NA,"O","N","20090617"
"6J","All","Lvs","x_5",NA,"O","N","20090617"
"6J","All","Lvs","x_6",NA,"O","N","20090617"
"6J","All","Lvs","x_7",NA,"O","N","20090617"
"6J","All","Lvs","x_8",NA,"O","N","20090617"
"6J","All","Stm","bracharia.lacnantha",7,"O","N","20090617"
"6J","All","Stm","lintonia.nutans",NA,"O","N","20090617"
"6J","All","Stm","pennisetum.mezianum",NA,"O","N","20090617"
"6J","All","Stm","pennisetum.straminium",2,"O","N","20090617"
"6J","All","Stm","themeda.triandra",2,"O","N","20090617"
"6J","All","Stm","bare",NA,"O","N","20090617"
"6J","All","Stm","x_2",NA,"O","N","20090617"
"6J","All","Stm","aristida.kenyensis",NA,"O","N","20090617"
"6J","All","Stm","bothriochloa.insculpta",NA,"O","N","20090617"
"6J","All","Stm","bracharia.3",NA,"O","N","20090617"
"6J","All","Stm","bracharia.eruciformis",NA,"O","N","20090617"
"6J","All","Stm","chloris.sp",NA,"O","N","20090617"
"6J","All","Stm","cynodon.dactylon",NA,"O","N","20090617"
"6J","All","Stm","cynodon.plectostachyus",NA,"O","N","20090617"
"6J","All","Stm","cyperus...mariscus.spp",NA,"O","N","20090617"
"6J","All","Stm","digitaria.2",NA,"O","N","20090617"
"6J","All","Stm","digitaria.milanjiana",NA,"O","N","20090617"
"6J","All","Stm","dinebra.retroflexa",NA,"O","N","20090617"
"6J","All","Stm","eragrostis.tenuifolia",NA,"O","N","20090617"
"6J","All","Stm","harpachne.schimperi",NA,"O","N","20090617"
"6J","All","Stm","microchloa.kunthii",NA,"O","N","20090617"
"6J","All","Stm","panicum.astrosanguinum",NA,"O","N","20090617"
"6J","All","Stm","setaria.acromelaena..small.",NA,"O","N","20090617"
"6J","All","Stm","setaria.sphaecealata..big.",NA,"O","N","20090617"
"6J","All","Stm","sporobolus.pyramidalis",NA,"O","N","20090617"
"6J","All","Stm","tragus.berteronianus",NA,"O","N","20090617"
"6J","All","Stm","x_3",NA,"O","N","20090617"
"6J","All","Stm","acalypha.crenata",NA,"O","N","20090617"
"6J","All","Stm","aerva.lanata",NA,"O","N","20090617"
"6J","All","Stm","amaranthus.hibridus",NA,"O","N","20090617"
"6J","All","Stm","aspilia.pluriseta",NA,"O","N","20090617"
"6J","All","Stm","asterolinon.adoense..v.",NA,"O","N","20090617"
"6J","All","Stm","caralluma.acutangula",NA,"O","N","20090617"
"6J","All","Stm","chenopodium.opulifolium",NA,"O","N","20090617"
"6J","All","Stm","chenopodium.schraderianum",NA,"O","N","20090617"
"6J","All","Stm","commelina.spp",NA,"O","N","20090617"
"6J","All","Stm","commicarpus.pedunculosus",NA,"O","N","20090617"
"6J","All","Stm","conyza.sp",NA,"O","N","20090617"
"6J","All","Stm","corchorus.sp",NA,"O","N","20090617"
"6J","All","Stm","crotelaria.sp",NA,"O","N","20090617"
"6J","All","Stm","cyathula.orthacantha",NA,"O","N","20090617"
"6J","All","Stm","dyscoriste.radicans",NA,"O","N","20090617"
"6J","All","Stm","euphorbia.inaequilatera",NA,"O","N","20090617"
"6J","All","Stm","evolvulus.alsinoides",NA,"O","N","20090617"
"6J","All","Stm","fern",NA,"O","N","20090617"
"6J","All","Stm","gutenbergia.sp",NA,"O","N","20090617"
"6J","All","Stm","hermannia.uhligii",NA,"O","N","20090617"
"6J","All","Stm","hibiscus.flavifolius",NA,"O","N","20090617"
"6J","All","Stm","hibiscus.trionum",NA,"O","N","20090617"
"6J","All","Stm","indigofera.brevicalyx",NA,"O","N","20090617"
"6J","All","Stm","indigofera.schimperi",NA,"O","N","20090617"
"6J","All","Stm","ipomea.sinensis",NA,"O","N","20090617"
"6J","All","Stm","justicia.dichipteroides",NA,"O","N","20090617"
"6J","All","Stm","k",NA,"O","N","20090617"
"6J","All","Stm","kyllinga.sp",NA,"O","N","20090617"
"6J","All","Stm","leucas.glabrata",NA,"O","N","20090617"
"6J","All","Stm","leucas.martiniscensis",NA,"O","N","20090617"
"6J","All","Stm","lily.a",NA,"O","N","20090617"
"6J","All","Stm","lily.b",NA,"O","N","20090617"
"6J","All","Stm","lippia.javanica",NA,"O","N","20090617"
"6J","All","Stm","melhania.spp.",NA,"O","N","20090617"
"6J","All","Stm","misopates.orontium",NA,"O","N","20090617"
"6J","All","Stm","mollugo.nudicaulis",NA,"O","N","20090617"
"6J","All","Stm","monechima.debile",NA,"O","N","20090617"
"6J","All","Stm","monsonia.augustifolia",NA,"O","N","20090617"
"6J","All","Stm","ocimum.sp",NA,"O","N","20090617"
"6J","All","Stm","osteospermum.vaillantii",NA,"O","N","20090617"
"6J","All","Stm","oxygonum.sinuatum",NA,"O","N","20090617"
"6J","All","Stm","pavonia.patens",NA,"O","N","20090617"
"6J","All","Stm","pelargonium.alchemilloides",NA,"O","N","20090617"
"6J","All","Stm","pentanisia.ouranogyne",NA,"O","N","20090617"
"6J","All","Stm","phyllanthus.maderaspatensis",NA,"O","N","20090617"
"6J","All","Stm","plectranthus.spp",NA,"O","N","20090617"
"6J","All","Stm","pollichia.campestris",NA,"O","N","20090617"
"6J","All","Stm","polygala..l.",NA,"O","N","20090617"
"6J","All","Stm","polygala.sphenoptera",NA,"O","N","20090617"
"6J","All","Stm","portulaca.oleracea",NA,"O","N","20090617"
"6J","All","Stm","portulaca.quadrifida",NA,"O","N","20090617"
"6J","All","Stm","pseudognaphalium..helichrysum.glumaceum.",1,"O","N","20090617"
"6J","All","Stm","psilotrichum.schimperi",NA,"O","N","20090617"
"6J","All","Stm","rhinacanthus.ndorensis",NA,"O","N","20090617"
"6J","All","Stm","rhynchosia.holstii",NA,"O","N","20090617"
"6J","All","Stm","schkuhria.pinnata",NA,"O","N","20090617"
"6J","All","Stm","sida.2",NA,"O","N","20090617"
"6J","All","Stm","sida.cuneifolia",NA,"O","N","20090617"
"6J","All","Stm","solanum.incanum",NA,"O","N","20090617"
"6J","All","Stm","solanum.indicum",NA,"O","N","20090617"
"6J","All","Stm","tribulus.terrestris",NA,"O","N","20090617"
"6J","All","Stm","u",NA,"O","N","20090617"
"6J","All","Stm","w",NA,"O","N","20090617"
"6J","All","Stm","x_4",NA,"O","N","20090617"
"6J","All","Stm","x_5",NA,"O","N","20090617"
"6J","All","Stm","x_6",NA,"O","N","20090617"
"6J","All","Stm","x_7",NA,"O","N","20090617"
"6J","All","Stm","x_8",NA,"O","N","20090617"
"6H","1st","","bracharia.lacnantha",NA,"O","N","20090617"
"6H","1st","","lintonia.nutans",3,"O","N","20090617"
"6H","1st","","pennisetum.mezianum",NA,"O","N","20090617"
"6H","1st","","pennisetum.straminium",NA,"O","N","20090617"
"6H","1st","","themeda.triandra",NA,"O","N","20090617"
"6H","1st","","bare",1,"O","N","20090617"
"6H","1st","","x_2",NA,"O","N","20090617"
"6H","1st","","aristida.kenyensis",NA,"O","N","20090617"
"6H","1st","","bothriochloa.insculpta",NA,"O","N","20090617"
"6H","1st","","bracharia.3",NA,"O","N","20090617"
"6H","1st","","bracharia.eruciformis",1,"O","N","20090617"
"6H","1st","","chloris.sp",NA,"O","N","20090617"
"6H","1st","","cynodon.dactylon",NA,"O","N","20090617"
"6H","1st","","cynodon.plectostachyus",NA,"O","N","20090617"
"6H","1st","","cyperus...mariscus.spp",NA,"O","N","20090617"
"6H","1st","","digitaria.2",NA,"O","N","20090617"
"6H","1st","","digitaria.milanjiana",NA,"O","N","20090617"
"6H","1st","","dinebra.retroflexa",NA,"O","N","20090617"
"6H","1st","","eragrostis.tenuifolia",NA,"O","N","20090617"
"6H","1st","","harpachne.schimperi",NA,"O","N","20090617"
"6H","1st","","microchloa.kunthii",NA,"O","N","20090617"
"6H","1st","","panicum.astrosanguinum",NA,"O","N","20090617"
"6H","1st","","setaria.acromelaena..small.",NA,"O","N","20090617"
"6H","1st","","setaria.sphaecealata..big.",NA,"O","N","20090617"
"6H","1st","","sporobolus.pyramidalis",NA,"O","N","20090617"
"6H","1st","","tragus.berteronianus",NA,"O","N","20090617"
"6H","1st","","x_3",NA,"O","N","20090617"
"6H","1st","","acalypha.crenata",NA,"O","N","20090617"
"6H","1st","","aerva.lanata",NA,"O","N","20090617"
"6H","1st","","amaranthus.hibridus",NA,"O","N","20090617"
"6H","1st","","aspilia.pluriseta",NA,"O","N","20090617"
"6H","1st","","asterolinon.adoense..v.",NA,"O","N","20090617"
"6H","1st","","caralluma.acutangula",NA,"O","N","20090617"
"6H","1st","","chenopodium.opulifolium",NA,"O","N","20090617"
"6H","1st","","chenopodium.schraderianum",NA,"O","N","20090617"
"6H","1st","","commelina.spp",NA,"O","N","20090617"
"6H","1st","","commicarpus.pedunculosus",NA,"O","N","20090617"
"6H","1st","","conyza.sp",NA,"O","N","20090617"
"6H","1st","","corchorus.sp",NA,"O","N","20090617"
"6H","1st","","crotelaria.sp",NA,"O","N","20090617"
"6H","1st","","cyathula.orthacantha",NA,"O","N","20090617"
"6H","1st","","dyscoriste.radicans",NA,"O","N","20090617"
"6H","1st","","euphorbia.inaequilatera",NA,"O","N","20090617"
"6H","1st","","evolvulus.alsinoides",NA,"O","N","20090617"
"6H","1st","","fern",NA,"O","N","20090617"
"6H","1st","","gutenbergia.sp",NA,"O","N","20090617"
"6H","1st","","hermannia.uhligii",NA,"O","N","20090617"
"6H","1st","","hibiscus.flavifolius",NA,"O","N","20090617"
"6H","1st","","hibiscus.trionum",NA,"O","N","20090617"
"6H","1st","","indigofera.brevicalyx",NA,"O","N","20090617"
"6H","1st","","indigofera.schimperi",NA,"O","N","20090617"
"6H","1st","","ipomea.sinensis",NA,"O","N","20090617"
"6H","1st","","justicia.dichipteroides",NA,"O","N","20090617"
"6H","1st","","k",NA,"O","N","20090617"
"6H","1st","","kyllinga.sp",NA,"O","N","20090617"
"6H","1st","","leucas.glabrata",NA,"O","N","20090617"
"6H","1st","","leucas.martiniscensis",NA,"O","N","20090617"
"6H","1st","","lily.a",NA,"O","N","20090617"
"6H","1st","","lily.b",NA,"O","N","20090617"
"6H","1st","","lippia.javanica",NA,"O","N","20090617"
"6H","1st","","melhania.spp.",NA,"O","N","20090617"
"6H","1st","","misopates.orontium",NA,"O","N","20090617"
"6H","1st","","mollugo.nudicaulis",NA,"O","N","20090617"
"6H","1st","","monechima.debile",NA,"O","N","20090617"
"6H","1st","","monsonia.augustifolia",NA,"O","N","20090617"
"6H","1st","","ocimum.sp",NA,"O","N","20090617"
"6H","1st","","osteospermum.vaillantii",NA,"O","N","20090617"
"6H","1st","","oxygonum.sinuatum",NA,"O","N","20090617"
"6H","1st","","pavonia.patens",NA,"O","N","20090617"
"6H","1st","","pelargonium.alchemilloides",NA,"O","N","20090617"
"6H","1st","","pentanisia.ouranogyne",NA,"O","N","20090617"
"6H","1st","","phyllanthus.maderaspatensis",NA,"O","N","20090617"
"6H","1st","","plectranthus.spp",NA,"O","N","20090617"
"6H","1st","","pollichia.campestris",NA,"O","N","20090617"
"6H","1st","","polygala..l.",NA,"O","N","20090617"
"6H","1st","","polygala.sphenoptera",NA,"O","N","20090617"
"6H","1st","","portulaca.oleracea",NA,"O","N","20090617"
"6H","1st","","portulaca.quadrifida",NA,"O","N","20090617"
"6H","1st","","pseudognaphalium..helichrysum.glumaceum.",9,"O","N","20090617"
"6H","1st","","psilotrichum.schimperi",NA,"O","N","20090617"
"6H","1st","","rhinacanthus.ndorensis",NA,"O","N","20090617"
"6H","1st","","rhynchosia.holstii",NA,"O","N","20090617"
"6H","1st","","schkuhria.pinnata",NA,"O","N","20090617"
"6H","1st","","sida.2",NA,"O","N","20090617"
"6H","1st","","sida.cuneifolia",NA,"O","N","20090617"
"6H","1st","","solanum.incanum",NA,"O","N","20090617"
"6H","1st","","solanum.indicum",NA,"O","N","20090617"
"6H","1st","","tribulus.terrestris",NA,"O","N","20090617"
"6H","1st","","u",NA,"O","N","20090617"
"6H","1st","","w",NA,"O","N","20090617"
"6H","1st","","x_4",NA,"O","N","20090617"
"6H","1st","","x_5",NA,"O","N","20090617"
"6H","1st","","x_6",NA,"O","N","20090617"
"6H","1st","","x_7",NA,"O","N","20090617"
"6H","1st","","x_8",NA,"O","N","20090617"
"6H","All","Lvs","bracharia.lacnantha",NA,"O","N","20090617"
"6H","All","Lvs","lintonia.nutans",5,"O","N","20090617"
"6H","All","Lvs","pennisetum.mezianum",NA,"O","N","20090617"
"6H","All","Lvs","pennisetum.straminium",NA,"O","N","20090617"
"6H","All","Lvs","themeda.triandra",NA,"O","N","20090617"
"6H","All","Lvs","bare",NA,"O","N","20090617"
"6H","All","Lvs","x_2",NA,"O","N","20090617"
"6H","All","Lvs","aristida.kenyensis",NA,"O","N","20090617"
"6H","All","Lvs","bothriochloa.insculpta",NA,"O","N","20090617"
"6H","All","Lvs","bracharia.3",NA,"O","N","20090617"
"6H","All","Lvs","bracharia.eruciformis",NA,"O","N","20090617"
"6H","All","Lvs","chloris.sp",NA,"O","N","20090617"
"6H","All","Lvs","cynodon.dactylon",NA,"O","N","20090617"
"6H","All","Lvs","cynodon.plectostachyus",NA,"O","N","20090617"
"6H","All","Lvs","cyperus...mariscus.spp",NA,"O","N","20090617"
"6H","All","Lvs","digitaria.2",NA,"O","N","20090617"
"6H","All","Lvs","digitaria.milanjiana",NA,"O","N","20090617"
"6H","All","Lvs","dinebra.retroflexa",NA,"O","N","20090617"
"6H","All","Lvs","eragrostis.tenuifolia",NA,"O","N","20090617"
"6H","All","Lvs","harpachne.schimperi",NA,"O","N","20090617"
"6H","All","Lvs","microchloa.kunthii",NA,"O","N","20090617"
"6H","All","Lvs","panicum.astrosanguinum",NA,"O","N","20090617"
"6H","All","Lvs","setaria.acromelaena..small.",NA,"O","N","20090617"
"6H","All","Lvs","setaria.sphaecealata..big.",NA,"O","N","20090617"
"6H","All","Lvs","sporobolus.pyramidalis",NA,"O","N","20090617"
"6H","All","Lvs","tragus.berteronianus",NA,"O","N","20090617"
"6H","All","Lvs","x_3",NA,"O","N","20090617"
"6H","All","Lvs","acalypha.crenata",NA,"O","N","20090617"
"6H","All","Lvs","aerva.lanata",NA,"O","N","20090617"
"6H","All","Lvs","amaranthus.hibridus",NA,"O","N","20090617"
"6H","All","Lvs","aspilia.pluriseta",NA,"O","N","20090617"
"6H","All","Lvs","asterolinon.adoense..v.",NA,"O","N","20090617"
"6H","All","Lvs","caralluma.acutangula",NA,"O","N","20090617"
"6H","All","Lvs","chenopodium.opulifolium",NA,"O","N","20090617"
"6H","All","Lvs","chenopodium.schraderianum",NA,"O","N","20090617"
"6H","All","Lvs","commelina.spp",NA,"O","N","20090617"
"6H","All","Lvs","commicarpus.pedunculosus",NA,"O","N","20090617"
"6H","All","Lvs","conyza.sp",NA,"O","N","20090617"
"6H","All","Lvs","corchorus.sp",NA,"O","N","20090617"
"6H","All","Lvs","crotelaria.sp",NA,"O","N","20090617"
"6H","All","Lvs","cyathula.orthacantha",NA,"O","N","20090617"
"6H","All","Lvs","dyscoriste.radicans",NA,"O","N","20090617"
"6H","All","Lvs","euphorbia.inaequilatera",NA,"O","N","20090617"
"6H","All","Lvs","evolvulus.alsinoides",NA,"O","N","20090617"
"6H","All","Lvs","fern",NA,"O","N","20090617"
"6H","All","Lvs","gutenbergia.sp",NA,"O","N","20090617"
"6H","All","Lvs","hermannia.uhligii",NA,"O","N","20090617"
"6H","All","Lvs","hibiscus.flavifolius",NA,"O","N","20090617"
"6H","All","Lvs","hibiscus.trionum",NA,"O","N","20090617"
"6H","All","Lvs","indigofera.brevicalyx",NA,"O","N","20090617"
"6H","All","Lvs","indigofera.schimperi",NA,"O","N","20090617"
"6H","All","Lvs","ipomea.sinensis",NA,"O","N","20090617"
"6H","All","Lvs","justicia.dichipteroides",NA,"O","N","20090617"
"6H","All","Lvs","k",NA,"O","N","20090617"
"6H","All","Lvs","kyllinga.sp",NA,"O","N","20090617"
"6H","All","Lvs","leucas.glabrata",NA,"O","N","20090617"
"6H","All","Lvs","leucas.martiniscensis",NA,"O","N","20090617"
"6H","All","Lvs","lily.a",NA,"O","N","20090617"
"6H","All","Lvs","lily.b",NA,"O","N","20090617"
"6H","All","Lvs","lippia.javanica",NA,"O","N","20090617"
"6H","All","Lvs","melhania.spp.",NA,"O","N","20090617"
"6H","All","Lvs","misopates.orontium",NA,"O","N","20090617"
"6H","All","Lvs","mollugo.nudicaulis",NA,"O","N","20090617"
"6H","All","Lvs","monechima.debile",NA,"O","N","20090617"
"6H","All","Lvs","monsonia.augustifolia",NA,"O","N","20090617"
"6H","All","Lvs","ocimum.sp",NA,"O","N","20090617"
"6H","All","Lvs","osteospermum.vaillantii",NA,"O","N","20090617"
"6H","All","Lvs","oxygonum.sinuatum",NA,"O","N","20090617"
"6H","All","Lvs","pavonia.patens",NA,"O","N","20090617"
"6H","All","Lvs","pelargonium.alchemilloides",NA,"O","N","20090617"
"6H","All","Lvs","pentanisia.ouranogyne",NA,"O","N","20090617"
"6H","All","Lvs","phyllanthus.maderaspatensis",NA,"O","N","20090617"
"6H","All","Lvs","plectranthus.spp",NA,"O","N","20090617"
"6H","All","Lvs","pollichia.campestris",NA,"O","N","20090617"
"6H","All","Lvs","polygala..l.",NA,"O","N","20090617"
"6H","All","Lvs","polygala.sphenoptera",NA,"O","N","20090617"
"6H","All","Lvs","portulaca.oleracea",NA,"O","N","20090617"
"6H","All","Lvs","portulaca.quadrifida",NA,"O","N","20090617"
"6H","All","Lvs","pseudognaphalium..helichrysum.glumaceum.",6,"O","N","20090617"
"6H","All","Lvs","psilotrichum.schimperi",NA,"O","N","20090617"
"6H","All","Lvs","rhinacanthus.ndorensis",NA,"O","N","20090617"
"6H","All","Lvs","rhynchosia.holstii",NA,"O","N","20090617"
"6H","All","Lvs","schkuhria.pinnata",NA,"O","N","20090617"
"6H","All","Lvs","sida.2",NA,"O","N","20090617"
"6H","All","Lvs","sida.cuneifolia",NA,"O","N","20090617"
"6H","All","Lvs","solanum.incanum",NA,"O","N","20090617"
"6H","All","Lvs","solanum.indicum",NA,"O","N","20090617"
"6H","All","Lvs","tribulus.terrestris",NA,"O","N","20090617"
"6H","All","Lvs","u",NA,"O","N","20090617"
"6H","All","Lvs","w",NA,"O","N","20090617"
"6H","All","Lvs","x_4",NA,"O","N","20090617"
"6H","All","Lvs","x_5",NA,"O","N","20090617"
"6H","All","Lvs","x_6",NA,"O","N","20090617"
"6H","All","Lvs","x_7",NA,"O","N","20090617"
"6H","All","Lvs","x_8",NA,"O","N","20090617"
"6H","All","Stm","bracharia.lacnantha",NA,"O","N","20090617"
"6H","All","Stm","lintonia.nutans",1,"O","N","20090617"
"6H","All","Stm","pennisetum.mezianum",NA,"O","N","20090617"
"6H","All","Stm","pennisetum.straminium",NA,"O","N","20090617"
"6H","All","Stm","themeda.triandra",NA,"O","N","20090617"
"6H","All","Stm","bare",NA,"O","N","20090617"
"6H","All","Stm","x_2",NA,"O","N","20090617"
"6H","All","Stm","aristida.kenyensis",NA,"O","N","20090617"
"6H","All","Stm","bothriochloa.insculpta",NA,"O","N","20090617"
"6H","All","Stm","bracharia.3",NA,"O","N","20090617"
"6H","All","Stm","bracharia.eruciformis",1,"O","N","20090617"
"6H","All","Stm","chloris.sp",NA,"O","N","20090617"
"6H","All","Stm","cynodon.dactylon",NA,"O","N","20090617"
"6H","All","Stm","cynodon.plectostachyus",NA,"O","N","20090617"
"6H","All","Stm","cyperus...mariscus.spp",NA,"O","N","20090617"
"6H","All","Stm","digitaria.2",NA,"O","N","20090617"
"6H","All","Stm","digitaria.milanjiana",NA,"O","N","20090617"
"6H","All","Stm","dinebra.retroflexa",NA,"O","N","20090617"
"6H","All","Stm","eragrostis.tenuifolia",NA,"O","N","20090617"
"6H","All","Stm","harpachne.schimperi",NA,"O","N","20090617"
"6H","All","Stm","microchloa.kunthii",NA,"O","N","20090617"
"6H","All","Stm","panicum.astrosanguinum",NA,"O","N","20090617"
"6H","All","Stm","setaria.acromelaena..small.",NA,"O","N","20090617"
"6H","All","Stm","setaria.sphaecealata..big.",NA,"O","N","20090617"
"6H","All","Stm","sporobolus.pyramidalis",NA,"O","N","20090617"
"6H","All","Stm","tragus.berteronianus",NA,"O","N","20090617"
"6H","All","Stm","x_3",NA,"O","N","20090617"
"6H","All","Stm","acalypha.crenata",NA,"O","N","20090617"
"6H","All","Stm","aerva.lanata",NA,"O","N","20090617"
"6H","All","Stm","amaranthus.hibridus",NA,"O","N","20090617"
"6H","All","Stm","aspilia.pluriseta",NA,"O","N","20090617"
"6H","All","Stm","asterolinon.adoense..v.",NA,"O","N","20090617"
"6H","All","Stm","caralluma.acutangula",NA,"O","N","20090617"
"6H","All","Stm","chenopodium.opulifolium",NA,"O","N","20090617"
"6H","All","Stm","chenopodium.schraderianum",NA,"O","N","20090617"
"6H","All","Stm","commelina.spp",NA,"O","N","20090617"
"6H","All","Stm","commicarpus.pedunculosus",NA,"O","N","20090617"
"6H","All","Stm","conyza.sp",NA,"O","N","20090617"
"6H","All","Stm","corchorus.sp",NA,"O","N","20090617"
"6H","All","Stm","crotelaria.sp",NA,"O","N","20090617"
"6H","All","Stm","cyathula.orthacantha",NA,"O","N","20090617"
"6H","All","Stm","dyscoriste.radicans",NA,"O","N","20090617"
"6H","All","Stm","euphorbia.inaequilatera",NA,"O","N","20090617"
"6H","All","Stm","evolvulus.alsinoides",NA,"O","N","20090617"
"6H","All","Stm","fern",NA,"O","N","20090617"
"6H","All","Stm","gutenbergia.sp",NA,"O","N","20090617"
"6H","All","Stm","hermannia.uhligii",NA,"O","N","20090617"
"6H","All","Stm","hibiscus.flavifolius",NA,"O","N","20090617"
"6H","All","Stm","hibiscus.trionum",NA,"O","N","20090617"
"6H","All","Stm","indigofera.brevicalyx",NA,"O","N","20090617"
"6H","All","Stm","indigofera.schimperi",NA,"O","N","20090617"
"6H","All","Stm","ipomea.sinensis",NA,"O","N","20090617"
"6H","All","Stm","justicia.dichipteroides",NA,"O","N","20090617"
"6H","All","Stm","k",NA,"O","N","20090617"
"6H","All","Stm","kyllinga.sp",NA,"O","N","20090617"
"6H","All","Stm","leucas.glabrata",NA,"O","N","20090617"
"6H","All","Stm","leucas.martiniscensis",NA,"O","N","20090617"
"6H","All","Stm","lily.a",NA,"O","N","20090617"
"6H","All","Stm","lily.b",NA,"O","N","20090617"
"6H","All","Stm","lippia.javanica",NA,"O","N","20090617"
"6H","All","Stm","melhania.spp.",NA,"O","N","20090617"
"6H","All","Stm","misopates.orontium",NA,"O","N","20090617"
"6H","All","Stm","mollugo.nudicaulis",NA,"O","N","20090617"
"6H","All","Stm","monechima.debile",NA,"O","N","20090617"
"6H","All","Stm","monsonia.augustifolia",NA,"O","N","20090617"
"6H","All","Stm","ocimum.sp",NA,"O","N","20090617"
"6H","All","Stm","osteospermum.vaillantii",NA,"O","N","20090617"
"6H","All","Stm","oxygonum.sinuatum",NA,"O","N","20090617"
"6H","All","Stm","pavonia.patens",NA,"O","N","20090617"
"6H","All","Stm","pelargonium.alchemilloides",NA,"O","N","20090617"
"6H","All","Stm","pentanisia.ouranogyne",NA,"O","N","20090617"
"6H","All","Stm","phyllanthus.maderaspatensis",NA,"O","N","20090617"
"6H","All","Stm","plectranthus.spp",NA,"O","N","20090617"
"6H","All","Stm","pollichia.campestris",NA,"O","N","20090617"
"6H","All","Stm","polygala..l.",NA,"O","N","20090617"
"6H","All","Stm","polygala.sphenoptera",NA,"O","N","20090617"
"6H","All","Stm","portulaca.oleracea",NA,"O","N","20090617"
"6H","All","Stm","portulaca.quadrifida",NA,"O","N","20090617"
"6H","All","Stm","pseudognaphalium..helichrysum.glumaceum.",13,"O","N","20090617"
"6H","All","Stm","psilotrichum.schimperi",NA,"O","N","20090617"
"6H","All","Stm","rhinacanthus.ndorensis",NA,"O","N","20090617"
"6H","All","Stm","rhynchosia.holstii",NA,"O","N","20090617"
"6H","All","Stm","schkuhria.pinnata",NA,"O","N","20090617"
"6H","All","Stm","sida.2",NA,"O","N","20090617"
"6H","All","Stm","sida.cuneifolia",NA,"O","N","20090617"
"6H","All","Stm","solanum.incanum",NA,"O","N","20090617"
"6H","All","Stm","solanum.indicum",NA,"O","N","20090617"
"6H","All","Stm","tribulus.terrestris",NA,"O","N","20090617"
"6H","All","Stm","u",NA,"O","N","20090617"
"6H","All","Stm","w",NA,"O","N","20090617"
"6H","All","Stm","x_4",NA,"O","N","20090617"
"6H","All","Stm","x_5",NA,"O","N","20090617"
"6H","All","Stm","x_6",NA,"O","N","20090617"
"6H","All","Stm","x_7",NA,"O","N","20090617"
"6H","All","Stm","x_8",NA,"O","N","20090617"
"6F","1st","","bracharia.lacnantha",NA,"O","N","20090617"
"6F","1st","","lintonia.nutans",NA,"O","N","20090617"
"6F","1st","","pennisetum.mezianum",NA,"O","N","20090617"
"6F","1st","","pennisetum.straminium",4,"O","N","20090617"
"6F","1st","","themeda.triandra",NA,"O","N","20090617"
"6F","1st","","bare",5,"O","N","20090617"
"6F","1st","","x_2",NA,"O","N","20090617"
"6F","1st","","aristida.kenyensis",NA,"O","N","20090617"
"6F","1st","","bothriochloa.insculpta",NA,"O","N","20090617"
"6F","1st","","bracharia.3",NA,"O","N","20090617"
"6F","1st","","bracharia.eruciformis",NA,"O","N","20090617"
"6F","1st","","chloris.sp",NA,"O","N","20090617"
"6F","1st","","cynodon.dactylon",NA,"O","N","20090617"
"6F","1st","","cynodon.plectostachyus",NA,"O","N","20090617"
"6F","1st","","cyperus...mariscus.spp",NA,"O","N","20090617"
"6F","1st","","digitaria.2",NA,"O","N","20090617"
"6F","1st","","digitaria.milanjiana",NA,"O","N","20090617"
"6F","1st","","dinebra.retroflexa",NA,"O","N","20090617"
"6F","1st","","eragrostis.tenuifolia",NA,"O","N","20090617"
"6F","1st","","harpachne.schimperi",NA,"O","N","20090617"
"6F","1st","","microchloa.kunthii",NA,"O","N","20090617"
"6F","1st","","panicum.astrosanguinum",NA,"O","N","20090617"
"6F","1st","","setaria.acromelaena..small.",NA,"O","N","20090617"
"6F","1st","","setaria.sphaecealata..big.",NA,"O","N","20090617"
"6F","1st","","sporobolus.pyramidalis",NA,"O","N","20090617"
"6F","1st","","tragus.berteronianus",NA,"O","N","20090617"
"6F","1st","","x_3",NA,"O","N","20090617"
"6F","1st","","acalypha.crenata",NA,"O","N","20090617"
"6F","1st","","aerva.lanata",NA,"O","N","20090617"
"6F","1st","","amaranthus.hibridus",NA,"O","N","20090617"
"6F","1st","","aspilia.pluriseta",NA,"O","N","20090617"
"6F","1st","","asterolinon.adoense..v.",NA,"O","N","20090617"
"6F","1st","","caralluma.acutangula",NA,"O","N","20090617"
"6F","1st","","chenopodium.opulifolium",NA,"O","N","20090617"
"6F","1st","","chenopodium.schraderianum",NA,"O","N","20090617"
"6F","1st","","commelina.spp",NA,"O","N","20090617"
"6F","1st","","commicarpus.pedunculosus",NA,"O","N","20090617"
"6F","1st","","conyza.sp",NA,"O","N","20090617"
"6F","1st","","corchorus.sp",NA,"O","N","20090617"
"6F","1st","","crotelaria.sp",NA,"O","N","20090617"
"6F","1st","","cyathula.orthacantha",NA,"O","N","20090617"
"6F","1st","","dyscoriste.radicans",NA,"O","N","20090617"
"6F","1st","","euphorbia.inaequilatera",NA,"O","N","20090617"
"6F","1st","","evolvulus.alsinoides",NA,"O","N","20090617"
"6F","1st","","fern",NA,"O","N","20090617"
"6F","1st","","gutenbergia.sp",NA,"O","N","20090617"
"6F","1st","","hermannia.uhligii",NA,"O","N","20090617"
"6F","1st","","hibiscus.flavifolius",NA,"O","N","20090617"
"6F","1st","","hibiscus.trionum",NA,"O","N","20090617"
"6F","1st","","indigofera.brevicalyx",NA,"O","N","20090617"
"6F","1st","","indigofera.schimperi",NA,"O","N","20090617"
"6F","1st","","ipomea.sinensis",NA,"O","N","20090617"
"6F","1st","","justicia.dichipteroides",NA,"O","N","20090617"
"6F","1st","","k",NA,"O","N","20090617"
"6F","1st","","kyllinga.sp",NA,"O","N","20090617"
"6F","1st","","leucas.glabrata",NA,"O","N","20090617"
"6F","1st","","leucas.martiniscensis",NA,"O","N","20090617"
"6F","1st","","lily.a",NA,"O","N","20090617"
"6F","1st","","lily.b",NA,"O","N","20090617"
"6F","1st","","lippia.javanica",NA,"O","N","20090617"
"6F","1st","","melhania.spp.",NA,"O","N","20090617"
"6F","1st","","misopates.orontium",NA,"O","N","20090617"
"6F","1st","","mollugo.nudicaulis",NA,"O","N","20090617"
"6F","1st","","monechima.debile",NA,"O","N","20090617"
"6F","1st","","monsonia.augustifolia",NA,"O","N","20090617"
"6F","1st","","ocimum.sp",NA,"O","N","20090617"
"6F","1st","","osteospermum.vaillantii",NA,"O","N","20090617"
"6F","1st","","oxygonum.sinuatum",NA,"O","N","20090617"
"6F","1st","","pavonia.patens",NA,"O","N","20090617"
"6F","1st","","pelargonium.alchemilloides",NA,"O","N","20090617"
"6F","1st","","pentanisia.ouranogyne",NA,"O","N","20090617"
"6F","1st","","phyllanthus.maderaspatensis",NA,"O","N","20090617"
"6F","1st","","plectranthus.spp",NA,"O","N","20090617"
"6F","1st","","pollichia.campestris",NA,"O","N","20090617"
"6F","1st","","polygala..l.",NA,"O","N","20090617"
"6F","1st","","polygala.sphenoptera",NA,"O","N","20090617"
"6F","1st","","portulaca.oleracea",NA,"O","N","20090617"
"6F","1st","","portulaca.quadrifida",NA,"O","N","20090617"
"6F","1st","","pseudognaphalium..helichrysum.glumaceum.",NA,"O","N","20090617"
"6F","1st","","psilotrichum.schimperi",NA,"O","N","20090617"
"6F","1st","","rhinacanthus.ndorensis",NA,"O","N","20090617"
"6F","1st","","rhynchosia.holstii",NA,"O","N","20090617"
"6F","1st","","schkuhria.pinnata",NA,"O","N","20090617"
"6F","1st","","sida.2",NA,"O","N","20090617"
"6F","1st","","sida.cuneifolia",NA,"O","N","20090617"
"6F","1st","","solanum.incanum",NA,"O","N","20090617"
"6F","1st","","solanum.indicum",NA,"O","N","20090617"
"6F","1st","","tribulus.terrestris",NA,"O","N","20090617"
"6F","1st","","u",NA,"O","N","20090617"
"6F","1st","","w",NA,"O","N","20090617"
"6F","1st","","x_4",NA,"O","N","20090617"
"6F","1st","","x_5",NA,"O","N","20090617"
"6F","1st","","x_6",NA,"O","N","20090617"
"6F","1st","","x_7",NA,"O","N","20090617"
"6F","1st","","x_8",NA,"O","N","20090617"
"6F","All","Lvs","bracharia.lacnantha",NA,"O","N","20090617"
"6F","All","Lvs","lintonia.nutans",NA,"O","N","20090617"
"6F","All","Lvs","pennisetum.mezianum",NA,"O","N","20090617"
"6F","All","Lvs","pennisetum.straminium",2,"O","N","20090617"
"6F","All","Lvs","themeda.triandra",NA,"O","N","20090617"
"6F","All","Lvs","bare",NA,"O","N","20090617"
"6F","All","Lvs","x_2",NA,"O","N","20090617"
"6F","All","Lvs","aristida.kenyensis",NA,"O","N","20090617"
"6F","All","Lvs","bothriochloa.insculpta",NA,"O","N","20090617"
"6F","All","Lvs","bracharia.3",NA,"O","N","20090617"
"6F","All","Lvs","bracharia.eruciformis",NA,"O","N","20090617"
"6F","All","Lvs","chloris.sp",NA,"O","N","20090617"
"6F","All","Lvs","cynodon.dactylon",NA,"O","N","20090617"
"6F","All","Lvs","cynodon.plectostachyus",NA,"O","N","20090617"
"6F","All","Lvs","cyperus...mariscus.spp",NA,"O","N","20090617"
"6F","All","Lvs","digitaria.2",NA,"O","N","20090617"
"6F","All","Lvs","digitaria.milanjiana",NA,"O","N","20090617"
"6F","All","Lvs","dinebra.retroflexa",NA,"O","N","20090617"
"6F","All","Lvs","eragrostis.tenuifolia",NA,"O","N","20090617"
"6F","All","Lvs","harpachne.schimperi",NA,"O","N","20090617"
"6F","All","Lvs","microchloa.kunthii",NA,"O","N","20090617"
"6F","All","Lvs","panicum.astrosanguinum",NA,"O","N","20090617"
"6F","All","Lvs","setaria.acromelaena..small.",NA,"O","N","20090617"
"6F","All","Lvs","setaria.sphaecealata..big.",NA,"O","N","20090617"
"6F","All","Lvs","sporobolus.pyramidalis",NA,"O","N","20090617"
"6F","All","Lvs","tragus.berteronianus",NA,"O","N","20090617"
"6F","All","Lvs","x_3",NA,"O","N","20090617"
"6F","All","Lvs","acalypha.crenata",NA,"O","N","20090617"
"6F","All","Lvs","aerva.lanata",NA,"O","N","20090617"
"6F","All","Lvs","amaranthus.hibridus",NA,"O","N","20090617"
"6F","All","Lvs","aspilia.pluriseta",NA,"O","N","20090617"
"6F","All","Lvs","asterolinon.adoense..v.",NA,"O","N","20090617"
"6F","All","Lvs","caralluma.acutangula",NA,"O","N","20090617"
"6F","All","Lvs","chenopodium.opulifolium",NA,"O","N","20090617"
"6F","All","Lvs","chenopodium.schraderianum",NA,"O","N","20090617"
"6F","All","Lvs","commelina.spp",NA,"O","N","20090617"
"6F","All","Lvs","commicarpus.pedunculosus",NA,"O","N","20090617"
"6F","All","Lvs","conyza.sp",NA,"O","N","20090617"
"6F","All","Lvs","corchorus.sp",NA,"O","N","20090617"
"6F","All","Lvs","crotelaria.sp",NA,"O","N","20090617"
"6F","All","Lvs","cyathula.orthacantha",NA,"O","N","20090617"
"6F","All","Lvs","dyscoriste.radicans",NA,"O","N","20090617"
"6F","All","Lvs","euphorbia.inaequilatera",NA,"O","N","20090617"
"6F","All","Lvs","evolvulus.alsinoides",NA,"O","N","20090617"
"6F","All","Lvs","fern",NA,"O","N","20090617"
"6F","All","Lvs","gutenbergia.sp",NA,"O","N","20090617"
"6F","All","Lvs","hermannia.uhligii",NA,"O","N","20090617"
"6F","All","Lvs","hibiscus.flavifolius",NA,"O","N","20090617"
"6F","All","Lvs","hibiscus.trionum",NA,"O","N","20090617"
"6F","All","Lvs","indigofera.brevicalyx",NA,"O","N","20090617"
"6F","All","Lvs","indigofera.schimperi",NA,"O","N","20090617"
"6F","All","Lvs","ipomea.sinensis",NA,"O","N","20090617"
"6F","All","Lvs","justicia.dichipteroides",NA,"O","N","20090617"
"6F","All","Lvs","k",NA,"O","N","20090617"
"6F","All","Lvs","kyllinga.sp",NA,"O","N","20090617"
"6F","All","Lvs","leucas.glabrata",NA,"O","N","20090617"
"6F","All","Lvs","leucas.martiniscensis",NA,"O","N","20090617"
"6F","All","Lvs","lily.a",NA,"O","N","20090617"
"6F","All","Lvs","lily.b",NA,"O","N","20090617"
"6F","All","Lvs","lippia.javanica",NA,"O","N","20090617"
"6F","All","Lvs","melhania.spp.",NA,"O","N","20090617"
"6F","All","Lvs","misopates.orontium",NA,"O","N","20090617"
"6F","All","Lvs","mollugo.nudicaulis",NA,"O","N","20090617"
"6F","All","Lvs","monechima.debile",NA,"O","N","20090617"
"6F","All","Lvs","monsonia.augustifolia",NA,"O","N","20090617"
"6F","All","Lvs","ocimum.sp",NA,"O","N","20090617"
"6F","All","Lvs","osteospermum.vaillantii",NA,"O","N","20090617"
"6F","All","Lvs","oxygonum.sinuatum",NA,"O","N","20090617"
"6F","All","Lvs","pavonia.patens",NA,"O","N","20090617"
"6F","All","Lvs","pelargonium.alchemilloides",NA,"O","N","20090617"
"6F","All","Lvs","pentanisia.ouranogyne",NA,"O","N","20090617"
"6F","All","Lvs","phyllanthus.maderaspatensis",NA,"O","N","20090617"
"6F","All","Lvs","plectranthus.spp",NA,"O","N","20090617"
"6F","All","Lvs","pollichia.campestris",NA,"O","N","20090617"
"6F","All","Lvs","polygala..l.",NA,"O","N","20090617"
"6F","All","Lvs","polygala.sphenoptera",NA,"O","N","20090617"
"6F","All","Lvs","portulaca.oleracea",NA,"O","N","20090617"
"6F","All","Lvs","portulaca.quadrifida",NA,"O","N","20090617"
"6F","All","Lvs","pseudognaphalium..helichrysum.glumaceum.",NA,"O","N","20090617"
"6F","All","Lvs","psilotrichum.schimperi",NA,"O","N","20090617"
"6F","All","Lvs","rhinacanthus.ndorensis",NA,"O","N","20090617"
"6F","All","Lvs","rhynchosia.holstii",NA,"O","N","20090617"
"6F","All","Lvs","schkuhria.pinnata",NA,"O","N","20090617"
"6F","All","Lvs","sida.2",NA,"O","N","20090617"
"6F","All","Lvs","sida.cuneifolia",NA,"O","N","20090617"
"6F","All","Lvs","solanum.incanum",NA,"O","N","20090617"
"6F","All","Lvs","solanum.indicum",NA,"O","N","20090617"
"6F","All","Lvs","tribulus.terrestris",NA,"O","N","20090617"
"6F","All","Lvs","u",NA,"O","N","20090617"
"6F","All","Lvs","w",NA,"O","N","20090617"
"6F","All","Lvs","x_4",NA,"O","N","20090617"
"6F","All","Lvs","x_5",NA,"O","N","20090617"
"6F","All","Lvs","x_6",NA,"O","N","20090617"
"6F","All","Lvs","x_7",NA,"O","N","20090617"
"6F","All","Lvs","x_8",NA,"O","N","20090617"
"6F","All","Stm","bracharia.lacnantha",NA,"O","N","20090617"
"6F","All","Stm","lintonia.nutans",NA,"O","N","20090617"
"6F","All","Stm","pennisetum.mezianum",NA,"O","N","20090617"
"6F","All","Stm","pennisetum.straminium",2,"O","N","20090617"
"6F","All","Stm","themeda.triandra",NA,"O","N","20090617"
"6F","All","Stm","bare",NA,"O","N","20090617"
"6F","All","Stm","x_2",NA,"O","N","20090617"
"6F","All","Stm","aristida.kenyensis",NA,"O","N","20090617"
"6F","All","Stm","bothriochloa.insculpta",NA,"O","N","20090617"
"6F","All","Stm","bracharia.3",NA,"O","N","20090617"
"6F","All","Stm","bracharia.eruciformis",NA,"O","N","20090617"
"6F","All","Stm","chloris.sp",NA,"O","N","20090617"
"6F","All","Stm","cynodon.dactylon",NA,"O","N","20090617"
"6F","All","Stm","cynodon.plectostachyus",NA,"O","N","20090617"
"6F","All","Stm","cyperus...mariscus.spp",NA,"O","N","20090617"
"6F","All","Stm","digitaria.2",NA,"O","N","20090617"
"6F","All","Stm","digitaria.milanjiana",NA,"O","N","20090617"
"6F","All","Stm","dinebra.retroflexa",NA,"O","N","20090617"
"6F","All","Stm","eragrostis.tenuifolia",NA,"O","N","20090617"
"6F","All","Stm","harpachne.schimperi",NA,"O","N","20090617"
"6F","All","Stm","microchloa.kunthii",NA,"O","N","20090617"
"6F","All","Stm","panicum.astrosanguinum",NA,"O","N","20090617"
"6F","All","Stm","setaria.acromelaena..small.",NA,"O","N","20090617"
"6F","All","Stm","setaria.sphaecealata..big.",NA,"O","N","20090617"
"6F","All","Stm","sporobolus.pyramidalis",NA,"O","N","20090617"
"6F","All","Stm","tragus.berteronianus",NA,"O","N","20090617"
"6F","All","Stm","x_3",NA,"O","N","20090617"
"6F","All","Stm","acalypha.crenata",NA,"O","N","20090617"
"6F","All","Stm","aerva.lanata",NA,"O","N","20090617"
"6F","All","Stm","amaranthus.hibridus",NA,"O","N","20090617"
"6F","All","Stm","aspilia.pluriseta",NA,"O","N","20090617"
"6F","All","Stm","asterolinon.adoense..v.",NA,"O","N","20090617"
"6F","All","Stm","caralluma.acutangula",NA,"O","N","20090617"
"6F","All","Stm","chenopodium.opulifolium",NA,"O","N","20090617"
"6F","All","Stm","chenopodium.schraderianum",NA,"O","N","20090617"
"6F","All","Stm","commelina.spp",NA,"O","N","20090617"
"6F","All","Stm","commicarpus.pedunculosus",NA,"O","N","20090617"
"6F","All","Stm","conyza.sp",NA,"O","N","20090617"
"6F","All","Stm","corchorus.sp",NA,"O","N","20090617"
"6F","All","Stm","crotelaria.sp",NA,"O","N","20090617"
"6F","All","Stm","cyathula.orthacantha",NA,"O","N","20090617"
"6F","All","Stm","dyscoriste.radicans",NA,"O","N","20090617"
"6F","All","Stm","euphorbia.inaequilatera",NA,"O","N","20090617"
"6F","All","Stm","evolvulus.alsinoides",NA,"O","N","20090617"
"6F","All","Stm","fern",NA,"O","N","20090617"
"6F","All","Stm","gutenbergia.sp",NA,"O","N","20090617"
"6F","All","Stm","hermannia.uhligii",NA,"O","N","20090617"
"6F","All","Stm","hibiscus.flavifolius",NA,"O","N","20090617"
"6F","All","Stm","hibiscus.trionum",NA,"O","N","20090617"
"6F","All","Stm","indigofera.brevicalyx",NA,"O","N","20090617"
"6F","All","Stm","indigofera.schimperi",NA,"O","N","20090617"
"6F","All","Stm","ipomea.sinensis",NA,"O","N","20090617"
"6F","All","Stm","justicia.dichipteroides",NA,"O","N","20090617"
"6F","All","Stm","k",NA,"O","N","20090617"
"6F","All","Stm","kyllinga.sp",NA,"O","N","20090617"
"6F","All","Stm","leucas.glabrata",NA,"O","N","20090617"
"6F","All","Stm","leucas.martiniscensis",NA,"O","N","20090617"
"6F","All","Stm","lily.a",NA,"O","N","20090617"
"6F","All","Stm","lily.b",NA,"O","N","20090617"
"6F","All","Stm","lippia.javanica",NA,"O","N","20090617"
"6F","All","Stm","melhania.spp.",NA,"O","N","20090617"
"6F","All","Stm","misopates.orontium",NA,"O","N","20090617"
"6F","All","Stm","mollugo.nudicaulis",NA,"O","N","20090617"
"6F","All","Stm","monechima.debile",NA,"O","N","20090617"
"6F","All","Stm","monsonia.augustifolia",NA,"O","N","20090617"
"6F","All","Stm","ocimum.sp",NA,"O","N","20090617"
"6F","All","Stm","osteospermum.vaillantii",NA,"O","N","20090617"
"6F","All","Stm","oxygonum.sinuatum",NA,"O","N","20090617"
"6F","All","Stm","pavonia.patens",NA,"O","N","20090617"
"6F","All","Stm","pelargonium.alchemilloides",NA,"O","N","20090617"
"6F","All","Stm","pentanisia.ouranogyne",NA,"O","N","20090617"
"6F","All","Stm","phyllanthus.maderaspatensis",NA,"O","N","20090617"
"6F","All","Stm","plectranthus.spp",NA,"O","N","20090617"
"6F","All","Stm","pollichia.campestris",NA,"O","N","20090617"
"6F","All","Stm","polygala..l.",NA,"O","N","20090617"
"6F","All","Stm","polygala.sphenoptera",NA,"O","N","20090617"
"6F","All","Stm","portulaca.oleracea",NA,"O","N","20090617"
"6F","All","Stm","portulaca.quadrifida",NA,"O","N","20090617"
"6F","All","Stm","pseudognaphalium..helichrysum.glumaceum.",NA,"O","N","20090617"
"6F","All","Stm","psilotrichum.schimperi",NA,"O","N","20090617"
"6F","All","Stm","rhinacanthus.ndorensis",NA,"O","N","20090617"
"6F","All","Stm","rhynchosia.holstii",NA,"O","N","20090617"
"6F","All","Stm","schkuhria.pinnata",NA,"O","N","20090617"
"6F","All","Stm","sida.2",NA,"O","N","20090617"
"6F","All","Stm","sida.cuneifolia",NA,"O","N","20090617"
"6F","All","Stm","solanum.incanum",NA,"O","N","20090617"
"6F","All","Stm","solanum.indicum",NA,"O","N","20090617"
"6F","All","Stm","tribulus.terrestris",NA,"O","N","20090617"
"6F","All","Stm","u",NA,"O","N","20090617"
"6F","All","Stm","w",NA,"O","N","20090617"
"6F","All","Stm","x_4",NA,"O","N","20090617"
"6F","All","Stm","x_5",NA,"O","N","20090617"
"6F","All","Stm","x_6",NA,"O","N","20090617"
"6F","All","Stm","x_7",NA,"O","N","20090617"
"6F","All","Stm","x_8",NA,"O","N","20090617"
"6D","1st","","bracharia.lacnantha",NA,"O","N","20090617"
"6D","1st","","lintonia.nutans",5,"O","N","20090617"
"6D","1st","","pennisetum.mezianum",NA,"O","N","20090617"
"6D","1st","","pennisetum.straminium",6,"O","N","20090617"
"6D","1st","","themeda.triandra",NA,"O","N","20090617"
"6D","1st","","bare",2,"O","N","20090617"
"6D","1st","","x_2",NA,"O","N","20090617"
"6D","1st","","aristida.kenyensis",NA,"O","N","20090617"
"6D","1st","","bothriochloa.insculpta",NA,"O","N","20090617"
"6D","1st","","bracharia.3",NA,"O","N","20090617"
"6D","1st","","bracharia.eruciformis",NA,"O","N","20090617"
"6D","1st","","chloris.sp",NA,"O","N","20090617"
"6D","1st","","cynodon.dactylon",NA,"O","N","20090617"
"6D","1st","","cynodon.plectostachyus",NA,"O","N","20090617"
"6D","1st","","cyperus...mariscus.spp",NA,"O","N","20090617"
"6D","1st","","digitaria.2",NA,"O","N","20090617"
"6D","1st","","digitaria.milanjiana",NA,"O","N","20090617"
"6D","1st","","dinebra.retroflexa",NA,"O","N","20090617"
"6D","1st","","eragrostis.tenuifolia",NA,"O","N","20090617"
"6D","1st","","harpachne.schimperi",NA,"O","N","20090617"
"6D","1st","","microchloa.kunthii",NA,"O","N","20090617"
"6D","1st","","panicum.astrosanguinum",NA,"O","N","20090617"
"6D","1st","","setaria.acromelaena..small.",NA,"O","N","20090617"
"6D","1st","","setaria.sphaecealata..big.",NA,"O","N","20090617"
"6D","1st","","sporobolus.pyramidalis",NA,"O","N","20090617"
"6D","1st","","tragus.berteronianus",NA,"O","N","20090617"
"6D","1st","","x_3",NA,"O","N","20090617"
"6D","1st","","acalypha.crenata",NA,"O","N","20090617"
"6D","1st","","aerva.lanata",NA,"O","N","20090617"
"6D","1st","","amaranthus.hibridus",NA,"O","N","20090617"
"6D","1st","","aspilia.pluriseta",NA,"O","N","20090617"
"6D","1st","","asterolinon.adoense..v.",NA,"O","N","20090617"
"6D","1st","","caralluma.acutangula",NA,"O","N","20090617"
"6D","1st","","chenopodium.opulifolium",NA,"O","N","20090617"
"6D","1st","","chenopodium.schraderianum",NA,"O","N","20090617"
"6D","1st","","commelina.spp",NA,"O","N","20090617"
"6D","1st","","commicarpus.pedunculosus",NA,"O","N","20090617"
"6D","1st","","conyza.sp",NA,"O","N","20090617"
"6D","1st","","corchorus.sp",NA,"O","N","20090617"
"6D","1st","","crotelaria.sp",NA,"O","N","20090617"
"6D","1st","","cyathula.orthacantha",NA,"O","N","20090617"
"6D","1st","","dyscoriste.radicans",NA,"O","N","20090617"
"6D","1st","","euphorbia.inaequilatera",NA,"O","N","20090617"
"6D","1st","","evolvulus.alsinoides",NA,"O","N","20090617"
"6D","1st","","fern",NA,"O","N","20090617"
"6D","1st","","gutenbergia.sp",NA,"O","N","20090617"
"6D","1st","","hermannia.uhligii",NA,"O","N","20090617"
"6D","1st","","hibiscus.flavifolius",NA,"O","N","20090617"
"6D","1st","","hibiscus.trionum",NA,"O","N","20090617"
"6D","1st","","indigofera.brevicalyx",NA,"O","N","20090617"
"6D","1st","","indigofera.schimperi",NA,"O","N","20090617"
"6D","1st","","ipomea.sinensis",NA,"O","N","20090617"
"6D","1st","","justicia.dichipteroides",NA,"O","N","20090617"
"6D","1st","","k",NA,"O","N","20090617"
"6D","1st","","kyllinga.sp",NA,"O","N","20090617"
"6D","1st","","leucas.glabrata",NA,"O","N","20090617"
"6D","1st","","leucas.martiniscensis",NA,"O","N","20090617"
"6D","1st","","lily.a",NA,"O","N","20090617"
"6D","1st","","lily.b",NA,"O","N","20090617"
"6D","1st","","lippia.javanica",NA,"O","N","20090617"
"6D","1st","","melhania.spp.",NA,"O","N","20090617"
"6D","1st","","misopates.orontium",NA,"O","N","20090617"
"6D","1st","","mollugo.nudicaulis",NA,"O","N","20090617"
"6D","1st","","monechima.debile",NA,"O","N","20090617"
"6D","1st","","monsonia.augustifolia",NA,"O","N","20090617"
"6D","1st","","ocimum.sp",NA,"O","N","20090617"
"6D","1st","","osteospermum.vaillantii",NA,"O","N","20090617"
"6D","1st","","oxygonum.sinuatum",NA,"O","N","20090617"
"6D","1st","","pavonia.patens",NA,"O","N","20090617"
"6D","1st","","pelargonium.alchemilloides",NA,"O","N","20090617"
"6D","1st","","pentanisia.ouranogyne",NA,"O","N","20090617"
"6D","1st","","phyllanthus.maderaspatensis",NA,"O","N","20090617"
"6D","1st","","plectranthus.spp",NA,"O","N","20090617"
"6D","1st","","pollichia.campestris",NA,"O","N","20090617"
"6D","1st","","polygala..l.",NA,"O","N","20090617"
"6D","1st","","polygala.sphenoptera",NA,"O","N","20090617"
"6D","1st","","portulaca.oleracea",NA,"O","N","20090617"
"6D","1st","","portulaca.quadrifida",NA,"O","N","20090617"
"6D","1st","","pseudognaphalium..helichrysum.glumaceum.",NA,"O","N","20090617"
"6D","1st","","psilotrichum.schimperi",NA,"O","N","20090617"
"6D","1st","","rhinacanthus.ndorensis",NA,"O","N","20090617"
"6D","1st","","rhynchosia.holstii",NA,"O","N","20090617"
"6D","1st","","schkuhria.pinnata",NA,"O","N","20090617"
"6D","1st","","sida.2",NA,"O","N","20090617"
"6D","1st","","sida.cuneifolia",NA,"O","N","20090617"
"6D","1st","","solanum.incanum",NA,"O","N","20090617"
"6D","1st","","solanum.indicum",NA,"O","N","20090617"
"6D","1st","","tribulus.terrestris",NA,"O","N","20090617"
"6D","1st","","u",NA,"O","N","20090617"
"6D","1st","","w",NA,"O","N","20090617"
"6D","1st","","x_4",NA,"O","N","20090617"
"6D","1st","","x_5",NA,"O","N","20090617"
"6D","1st","","x_6",NA,"O","N","20090617"
"6D","1st","","x_7",NA,"O","N","20090617"
"6D","1st","","x_8",NA,"O","N","20090617"
"6D","All","Lvs","bracharia.lacnantha",NA,"O","N","20090617"
"6D","All","Lvs","lintonia.nutans",6,"O","N","20090617"
"6D","All","Lvs","pennisetum.mezianum",NA,"O","N","20090617"
"6D","All","Lvs","pennisetum.straminium",4,"O","N","20090617"
"6D","All","Lvs","themeda.triandra",NA,"O","N","20090617"
"6D","All","Lvs","bare",NA,"O","N","20090617"
"6D","All","Lvs","x_2",NA,"O","N","20090617"
"6D","All","Lvs","aristida.kenyensis",NA,"O","N","20090617"
"6D","All","Lvs","bothriochloa.insculpta",NA,"O","N","20090617"
"6D","All","Lvs","bracharia.3",NA,"O","N","20090617"
"6D","All","Lvs","bracharia.eruciformis",NA,"O","N","20090617"
"6D","All","Lvs","chloris.sp",NA,"O","N","20090617"
"6D","All","Lvs","cynodon.dactylon",NA,"O","N","20090617"
"6D","All","Lvs","cynodon.plectostachyus",NA,"O","N","20090617"
"6D","All","Lvs","cyperus...mariscus.spp",NA,"O","N","20090617"
"6D","All","Lvs","digitaria.2",NA,"O","N","20090617"
"6D","All","Lvs","digitaria.milanjiana",NA,"O","N","20090617"
"6D","All","Lvs","dinebra.retroflexa",NA,"O","N","20090617"
"6D","All","Lvs","eragrostis.tenuifolia",NA,"O","N","20090617"
"6D","All","Lvs","harpachne.schimperi",NA,"O","N","20090617"
"6D","All","Lvs","microchloa.kunthii",NA,"O","N","20090617"
"6D","All","Lvs","panicum.astrosanguinum",NA,"O","N","20090617"
"6D","All","Lvs","setaria.acromelaena..small.",NA,"O","N","20090617"
"6D","All","Lvs","setaria.sphaecealata..big.",NA,"O","N","20090617"
"6D","All","Lvs","sporobolus.pyramidalis",NA,"O","N","20090617"
"6D","All","Lvs","tragus.berteronianus",NA,"O","N","20090617"
"6D","All","Lvs","x_3",NA,"O","N","20090617"
"6D","All","Lvs","acalypha.crenata",NA,"O","N","20090617"
"6D","All","Lvs","aerva.lanata",NA,"O","N","20090617"
"6D","All","Lvs","amaranthus.hibridus",NA,"O","N","20090617"
"6D","All","Lvs","aspilia.pluriseta",NA,"O","N","20090617"
"6D","All","Lvs","asterolinon.adoense..v.",NA,"O","N","20090617"
"6D","All","Lvs","caralluma.acutangula",NA,"O","N","20090617"
"6D","All","Lvs","chenopodium.opulifolium",NA,"O","N","20090617"
"6D","All","Lvs","chenopodium.schraderianum",NA,"O","N","20090617"
"6D","All","Lvs","commelina.spp",NA,"O","N","20090617"
"6D","All","Lvs","commicarpus.pedunculosus",NA,"O","N","20090617"
"6D","All","Lvs","conyza.sp",NA,"O","N","20090617"
"6D","All","Lvs","corchorus.sp",NA,"O","N","20090617"
"6D","All","Lvs","crotelaria.sp",NA,"O","N","20090617"
"6D","All","Lvs","cyathula.orthacantha",NA,"O","N","20090617"
"6D","All","Lvs","dyscoriste.radicans",NA,"O","N","20090617"
"6D","All","Lvs","euphorbia.inaequilatera",NA,"O","N","20090617"
"6D","All","Lvs","evolvulus.alsinoides",NA,"O","N","20090617"
"6D","All","Lvs","fern",NA,"O","N","20090617"
"6D","All","Lvs","gutenbergia.sp",NA,"O","N","20090617"
"6D","All","Lvs","hermannia.uhligii",NA,"O","N","20090617"
"6D","All","Lvs","hibiscus.flavifolius",NA,"O","N","20090617"
"6D","All","Lvs","hibiscus.trionum",NA,"O","N","20090617"
"6D","All","Lvs","indigofera.brevicalyx",NA,"O","N","20090617"
"6D","All","Lvs","indigofera.schimperi",NA,"O","N","20090617"
"6D","All","Lvs","ipomea.sinensis",NA,"O","N","20090617"
"6D","All","Lvs","justicia.dichipteroides",NA,"O","N","20090617"
"6D","All","Lvs","k",NA,"O","N","20090617"
"6D","All","Lvs","kyllinga.sp",NA,"O","N","20090617"
"6D","All","Lvs","leucas.glabrata",NA,"O","N","20090617"
"6D","All","Lvs","leucas.martiniscensis",NA,"O","N","20090617"
"6D","All","Lvs","lily.a",NA,"O","N","20090617"
"6D","All","Lvs","lily.b",NA,"O","N","20090617"
"6D","All","Lvs","lippia.javanica",NA,"O","N","20090617"
"6D","All","Lvs","melhania.spp.",NA,"O","N","20090617"
"6D","All","Lvs","misopates.orontium",NA,"O","N","20090617"
"6D","All","Lvs","mollugo.nudicaulis",NA,"O","N","20090617"
"6D","All","Lvs","monechima.debile",NA,"O","N","20090617"
"6D","All","Lvs","monsonia.augustifolia",NA,"O","N","20090617"
"6D","All","Lvs","ocimum.sp",NA,"O","N","20090617"
"6D","All","Lvs","osteospermum.vaillantii",NA,"O","N","20090617"
"6D","All","Lvs","oxygonum.sinuatum",NA,"O","N","20090617"
"6D","All","Lvs","pavonia.patens",NA,"O","N","20090617"
"6D","All","Lvs","pelargonium.alchemilloides",NA,"O","N","20090617"
"6D","All","Lvs","pentanisia.ouranogyne",NA,"O","N","20090617"
"6D","All","Lvs","phyllanthus.maderaspatensis",NA,"O","N","20090617"
"6D","All","Lvs","plectranthus.spp",NA,"O","N","20090617"
"6D","All","Lvs","pollichia.campestris",NA,"O","N","20090617"
"6D","All","Lvs","polygala..l.",NA,"O","N","20090617"
"6D","All","Lvs","polygala.sphenoptera",NA,"O","N","20090617"
"6D","All","Lvs","portulaca.oleracea",NA,"O","N","20090617"
"6D","All","Lvs","portulaca.quadrifida",NA,"O","N","20090617"
"6D","All","Lvs","pseudognaphalium..helichrysum.glumaceum.",NA,"O","N","20090617"
"6D","All","Lvs","psilotrichum.schimperi",NA,"O","N","20090617"
"6D","All","Lvs","rhinacanthus.ndorensis",NA,"O","N","20090617"
"6D","All","Lvs","rhynchosia.holstii",NA,"O","N","20090617"
"6D","All","Lvs","schkuhria.pinnata",NA,"O","N","20090617"
"6D","All","Lvs","sida.2",NA,"O","N","20090617"
"6D","All","Lvs","sida.cuneifolia",NA,"O","N","20090617"
"6D","All","Lvs","solanum.incanum",NA,"O","N","20090617"
"6D","All","Lvs","solanum.indicum",NA,"O","N","20090617"
"6D","All","Lvs","tribulus.terrestris",NA,"O","N","20090617"
"6D","All","Lvs","u",NA,"O","N","20090617"
"6D","All","Lvs","w",NA,"O","N","20090617"
"6D","All","Lvs","x_4",NA,"O","N","20090617"
"6D","All","Lvs","x_5",NA,"O","N","20090617"
"6D","All","Lvs","x_6",NA,"O","N","20090617"
"6D","All","Lvs","x_7",NA,"O","N","20090617"
"6D","All","Lvs","x_8",NA,"O","N","20090617"
"6D","All","Stm","bracharia.lacnantha",NA,"O","N","20090617"
"6D","All","Stm","lintonia.nutans",3,"O","N","20090617"
"6D","All","Stm","pennisetum.mezianum",NA,"O","N","20090617"
"6D","All","Stm","pennisetum.straminium",11,"O","N","20090617"
"6D","All","Stm","themeda.triandra",NA,"O","N","20090617"
"6D","All","Stm","bare",NA,"O","N","20090617"
"6D","All","Stm","x_2",NA,"O","N","20090617"
"6D","All","Stm","aristida.kenyensis",NA,"O","N","20090617"
"6D","All","Stm","bothriochloa.insculpta",NA,"O","N","20090617"
"6D","All","Stm","bracharia.3",NA,"O","N","20090617"
"6D","All","Stm","bracharia.eruciformis",NA,"O","N","20090617"
"6D","All","Stm","chloris.sp",NA,"O","N","20090617"
"6D","All","Stm","cynodon.dactylon",NA,"O","N","20090617"
"6D","All","Stm","cynodon.plectostachyus",NA,"O","N","20090617"
"6D","All","Stm","cyperus...mariscus.spp",NA,"O","N","20090617"
"6D","All","Stm","digitaria.2",NA,"O","N","20090617"
"6D","All","Stm","digitaria.milanjiana",NA,"O","N","20090617"
"6D","All","Stm","dinebra.retroflexa",NA,"O","N","20090617"
"6D","All","Stm","eragrostis.tenuifolia",NA,"O","N","20090617"
"6D","All","Stm","harpachne.schimperi",NA,"O","N","20090617"
"6D","All","Stm","microchloa.kunthii",NA,"O","N","20090617"
"6D","All","Stm","panicum.astrosanguinum",NA,"O","N","20090617"
"6D","All","Stm","setaria.acromelaena..small.",NA,"O","N","20090617"
"6D","All","Stm","setaria.sphaecealata..big.",NA,"O","N","20090617"
"6D","All","Stm","sporobolus.pyramidalis",NA,"O","N","20090617"
"6D","All","Stm","tragus.berteronianus",NA,"O","N","20090617"
"6D","All","Stm","x_3",NA,"O","N","20090617"
"6D","All","Stm","acalypha.crenata",NA,"O","N","20090617"
"6D","All","Stm","aerva.lanata",NA,"O","N","20090617"
"6D","All","Stm","amaranthus.hibridus",NA,"O","N","20090617"
"6D","All","Stm","aspilia.pluriseta",NA,"O","N","20090617"
"6D","All","Stm","asterolinon.adoense..v.",NA,"O","N","20090617"
"6D","All","Stm","caralluma.acutangula",NA,"O","N","20090617"
"6D","All","Stm","chenopodium.opulifolium",NA,"O","N","20090617"
"6D","All","Stm","chenopodium.schraderianum",NA,"O","N","20090617"
"6D","All","Stm","commelina.spp",NA,"O","N","20090617"
"6D","All","Stm","commicarpus.pedunculosus",NA,"O","N","20090617"
"6D","All","Stm","conyza.sp",NA,"O","N","20090617"
"6D","All","Stm","corchorus.sp",NA,"O","N","20090617"
"6D","All","Stm","crotelaria.sp",NA,"O","N","20090617"
"6D","All","Stm","cyathula.orthacantha",NA,"O","N","20090617"
"6D","All","Stm","dyscoriste.radicans",NA,"O","N","20090617"
"6D","All","Stm","euphorbia.inaequilatera",NA,"O","N","20090617"
"6D","All","Stm","evolvulus.alsinoides",NA,"O","N","20090617"
"6D","All","Stm","fern",NA,"O","N","20090617"
"6D","All","Stm","gutenbergia.sp",NA,"O","N","20090617"
"6D","All","Stm","hermannia.uhligii",NA,"O","N","20090617"
"6D","All","Stm","hibiscus.flavifolius",NA,"O","N","20090617"
"6D","All","Stm","hibiscus.trionum",NA,"O","N","20090617"
"6D","All","Stm","indigofera.brevicalyx",NA,"O","N","20090617"
"6D","All","Stm","indigofera.schimperi",NA,"O","N","20090617"
"6D","All","Stm","ipomea.sinensis",NA,"O","N","20090617"
"6D","All","Stm","justicia.dichipteroides",NA,"O","N","20090617"
"6D","All","Stm","k",NA,"O","N","20090617"
"6D","All","Stm","kyllinga.sp",NA,"O","N","20090617"
"6D","All","Stm","leucas.glabrata",NA,"O","N","20090617"
"6D","All","Stm","leucas.martiniscensis",NA,"O","N","20090617"
"6D","All","Stm","lily.a",NA,"O","N","20090617"
"6D","All","Stm","lily.b",NA,"O","N","20090617"
"6D","All","Stm","lippia.javanica",NA,"O","N","20090617"
"6D","All","Stm","melhania.spp.",NA,"O","N","20090617"
"6D","All","Stm","misopates.orontium",NA,"O","N","20090617"
"6D","All","Stm","mollugo.nudicaulis",NA,"O","N","20090617"
"6D","All","Stm","monechima.debile",NA,"O","N","20090617"
"6D","All","Stm","monsonia.augustifolia",NA,"O","N","20090617"
"6D","All","Stm","ocimum.sp",NA,"O","N","20090617"
"6D","All","Stm","osteospermum.vaillantii",NA,"O","N","20090617"
"6D","All","Stm","oxygonum.sinuatum",NA,"O","N","20090617"
"6D","All","Stm","pavonia.patens",NA,"O","N","20090617"
"6D","All","Stm","pelargonium.alchemilloides",NA,"O","N","20090617"
"6D","All","Stm","pentanisia.ouranogyne",NA,"O","N","20090617"
"6D","All","Stm","phyllanthus.maderaspatensis",NA,"O","N","20090617"
"6D","All","Stm","plectranthus.spp",NA,"O","N","20090617"
"6D","All","Stm","pollichia.campestris",NA,"O","N","20090617"
"6D","All","Stm","polygala..l.",NA,"O","N","20090617"
"6D","All","Stm","polygala.sphenoptera",NA,"O","N","20090617"
"6D","All","Stm","portulaca.oleracea",NA,"O","N","20090617"
"6D","All","Stm","portulaca.quadrifida",NA,"O","N","20090617"
"6D","All","Stm","pseudognaphalium..helichrysum.glumaceum.",NA,"O","N","20090617"
"6D","All","Stm","psilotrichum.schimperi",NA,"O","N","20090617"
"6D","All","Stm","rhinacanthus.ndorensis",NA,"O","N","20090617"
"6D","All","Stm","rhynchosia.holstii",NA,"O","N","20090617"
"6D","All","Stm","schkuhria.pinnata",NA,"O","N","20090617"
"6D","All","Stm","sida.2",NA,"O","N","20090617"
"6D","All","Stm","sida.cuneifolia",NA,"O","N","20090617"
"6D","All","Stm","solanum.incanum",NA,"O","N","20090617"
"6D","All","Stm","solanum.indicum",NA,"O","N","20090617"
"6D","All","Stm","tribulus.terrestris",NA,"O","N","20090617"
"6D","All","Stm","u",NA,"O","N","20090617"
"6D","All","Stm","w",NA,"O","N","20090617"
"6D","All","Stm","x_4",NA,"O","N","20090617"
"6D","All","Stm","x_5",NA,"O","N","20090617"
"6D","All","Stm","x_6",NA,"O","N","20090617"
"6D","All","Stm","x_7",NA,"O","N","20090617"
"6D","All","Stm","x_8",NA,"O","N","20090617"
"6B","1st","","bracharia.lacnantha",NA,"O","N","20090617"
"6B","1st","","lintonia.nutans",NA,"O","N","20090617"
"6B","1st","","pennisetum.mezianum",6,"O","N","20090617"
"6B","1st","","pennisetum.straminium",9,"O","N","20090617"
"6B","1st","","themeda.triandra",NA,"O","N","20090617"
"6B","1st","","bare",NA,"O","N","20090617"
"6B","1st","","x_2",NA,"O","N","20090617"
"6B","1st","","aristida.kenyensis",NA,"O","N","20090617"
"6B","1st","","bothriochloa.insculpta",NA,"O","N","20090617"
"6B","1st","","bracharia.3",NA,"O","N","20090617"
"6B","1st","","bracharia.eruciformis",NA,"O","N","20090617"
"6B","1st","","chloris.sp",NA,"O","N","20090617"
"6B","1st","","cynodon.dactylon",NA,"O","N","20090617"
"6B","1st","","cynodon.plectostachyus",NA,"O","N","20090617"
"6B","1st","","cyperus...mariscus.spp",NA,"O","N","20090617"
"6B","1st","","digitaria.2",NA,"O","N","20090617"
"6B","1st","","digitaria.milanjiana",NA,"O","N","20090617"
"6B","1st","","dinebra.retroflexa",NA,"O","N","20090617"
"6B","1st","","eragrostis.tenuifolia",NA,"O","N","20090617"
"6B","1st","","harpachne.schimperi",NA,"O","N","20090617"
"6B","1st","","microchloa.kunthii",NA,"O","N","20090617"
"6B","1st","","panicum.astrosanguinum",NA,"O","N","20090617"
"6B","1st","","setaria.acromelaena..small.",NA,"O","N","20090617"
"6B","1st","","setaria.sphaecealata..big.",NA,"O","N","20090617"
"6B","1st","","sporobolus.pyramidalis",NA,"O","N","20090617"
"6B","1st","","tragus.berteronianus",NA,"O","N","20090617"
"6B","1st","","x_3",NA,"O","N","20090617"
"6B","1st","","acalypha.crenata",NA,"O","N","20090617"
"6B","1st","","aerva.lanata",NA,"O","N","20090617"
"6B","1st","","amaranthus.hibridus",NA,"O","N","20090617"
"6B","1st","","aspilia.pluriseta",NA,"O","N","20090617"
"6B","1st","","asterolinon.adoense..v.",NA,"O","N","20090617"
"6B","1st","","caralluma.acutangula",NA,"O","N","20090617"
"6B","1st","","chenopodium.opulifolium",NA,"O","N","20090617"
"6B","1st","","chenopodium.schraderianum",NA,"O","N","20090617"
"6B","1st","","commelina.spp",NA,"O","N","20090617"
"6B","1st","","commicarpus.pedunculosus",NA,"O","N","20090617"
"6B","1st","","conyza.sp",NA,"O","N","20090617"
"6B","1st","","corchorus.sp",NA,"O","N","20090617"
"6B","1st","","crotelaria.sp",NA,"O","N","20090617"
"6B","1st","","cyathula.orthacantha",NA,"O","N","20090617"
"6B","1st","","dyscoriste.radicans",NA,"O","N","20090617"
"6B","1st","","euphorbia.inaequilatera",NA,"O","N","20090617"
"6B","1st","","evolvulus.alsinoides",NA,"O","N","20090617"
"6B","1st","","fern",NA,"O","N","20090617"
"6B","1st","","gutenbergia.sp",NA,"O","N","20090617"
"6B","1st","","hermannia.uhligii",NA,"O","N","20090617"
"6B","1st","","hibiscus.flavifolius",NA,"O","N","20090617"
"6B","1st","","hibiscus.trionum",NA,"O","N","20090617"
"6B","1st","","indigofera.brevicalyx",NA,"O","N","20090617"
"6B","1st","","indigofera.schimperi",NA,"O","N","20090617"
"6B","1st","","ipomea.sinensis",NA,"O","N","20090617"
"6B","1st","","justicia.dichipteroides",NA,"O","N","20090617"
"6B","1st","","k",NA,"O","N","20090617"
"6B","1st","","kyllinga.sp",NA,"O","N","20090617"
"6B","1st","","leucas.glabrata",NA,"O","N","20090617"
"6B","1st","","leucas.martiniscensis",NA,"O","N","20090617"
"6B","1st","","lily.a",NA,"O","N","20090617"
"6B","1st","","lily.b",NA,"O","N","20090617"
"6B","1st","","lippia.javanica",NA,"O","N","20090617"
"6B","1st","","melhania.spp.",NA,"O","N","20090617"
"6B","1st","","misopates.orontium",NA,"O","N","20090617"
"6B","1st","","mollugo.nudicaulis",NA,"O","N","20090617"
"6B","1st","","monechima.debile",NA,"O","N","20090617"
"6B","1st","","monsonia.augustifolia",NA,"O","N","20090617"
"6B","1st","","ocimum.sp",NA,"O","N","20090617"
"6B","1st","","osteospermum.vaillantii",NA,"O","N","20090617"
"6B","1st","","oxygonum.sinuatum",NA,"O","N","20090617"
"6B","1st","","pavonia.patens",NA,"O","N","20090617"
"6B","1st","","pelargonium.alchemilloides",NA,"O","N","20090617"
"6B","1st","","pentanisia.ouranogyne",NA,"O","N","20090617"
"6B","1st","","phyllanthus.maderaspatensis",NA,"O","N","20090617"
"6B","1st","","plectranthus.spp",NA,"O","N","20090617"
"6B","1st","","pollichia.campestris",NA,"O","N","20090617"
"6B","1st","","polygala..l.",NA,"O","N","20090617"
"6B","1st","","polygala.sphenoptera",NA,"O","N","20090617"
"6B","1st","","portulaca.oleracea",NA,"O","N","20090617"
"6B","1st","","portulaca.quadrifida",NA,"O","N","20090617"
"6B","1st","","pseudognaphalium..helichrysum.glumaceum.",NA,"O","N","20090617"
"6B","1st","","psilotrichum.schimperi",NA,"O","N","20090617"
"6B","1st","","rhinacanthus.ndorensis",NA,"O","N","20090617"
"6B","1st","","rhynchosia.holstii",NA,"O","N","20090617"
"6B","1st","","schkuhria.pinnata",NA,"O","N","20090617"
"6B","1st","","sida.2",NA,"O","N","20090617"
"6B","1st","","sida.cuneifolia",NA,"O","N","20090617"
"6B","1st","","solanum.incanum",NA,"O","N","20090617"
"6B","1st","","solanum.indicum",NA,"O","N","20090617"
"6B","1st","","tribulus.terrestris",NA,"O","N","20090617"
"6B","1st","","u",NA,"O","N","20090617"
"6B","1st","","w",NA,"O","N","20090617"
"6B","1st","","x_4",NA,"O","N","20090617"
"6B","1st","","x_5",NA,"O","N","20090617"
"6B","1st","","x_6",NA,"O","N","20090617"
"6B","1st","","x_7",NA,"O","N","20090617"
"6B","1st","","x_8",NA,"O","N","20090617"
"6B","All","Lvs","bracharia.lacnantha",NA,"O","N","20090617"
"6B","All","Lvs","lintonia.nutans",NA,"O","N","20090617"
"6B","All","Lvs","pennisetum.mezianum",13,"O","N","20090617"
"6B","All","Lvs","pennisetum.straminium",12,"O","N","20090617"
"6B","All","Lvs","themeda.triandra",NA,"O","N","20090617"
"6B","All","Lvs","bare",NA,"O","N","20090617"
"6B","All","Lvs","x_2",NA,"O","N","20090617"
"6B","All","Lvs","aristida.kenyensis",NA,"O","N","20090617"
"6B","All","Lvs","bothriochloa.insculpta",NA,"O","N","20090617"
"6B","All","Lvs","bracharia.3",NA,"O","N","20090617"
"6B","All","Lvs","bracharia.eruciformis",NA,"O","N","20090617"
"6B","All","Lvs","chloris.sp",NA,"O","N","20090617"
"6B","All","Lvs","cynodon.dactylon",NA,"O","N","20090617"
"6B","All","Lvs","cynodon.plectostachyus",NA,"O","N","20090617"
"6B","All","Lvs","cyperus...mariscus.spp",NA,"O","N","20090617"
"6B","All","Lvs","digitaria.2",NA,"O","N","20090617"
"6B","All","Lvs","digitaria.milanjiana",NA,"O","N","20090617"
"6B","All","Lvs","dinebra.retroflexa",NA,"O","N","20090617"
"6B","All","Lvs","eragrostis.tenuifolia",NA,"O","N","20090617"
"6B","All","Lvs","harpachne.schimperi",NA,"O","N","20090617"
"6B","All","Lvs","microchloa.kunthii",NA,"O","N","20090617"
"6B","All","Lvs","panicum.astrosanguinum",NA,"O","N","20090617"
"6B","All","Lvs","setaria.acromelaena..small.",NA,"O","N","20090617"
"6B","All","Lvs","setaria.sphaecealata..big.",NA,"O","N","20090617"
"6B","All","Lvs","sporobolus.pyramidalis",NA,"O","N","20090617"
"6B","All","Lvs","tragus.berteronianus",NA,"O","N","20090617"
"6B","All","Lvs","x_3",NA,"O","N","20090617"
"6B","All","Lvs","acalypha.crenata",NA,"O","N","20090617"
"6B","All","Lvs","aerva.lanata",NA,"O","N","20090617"
"6B","All","Lvs","amaranthus.hibridus",NA,"O","N","20090617"
"6B","All","Lvs","aspilia.pluriseta",NA,"O","N","20090617"
"6B","All","Lvs","asterolinon.adoense..v.",NA,"O","N","20090617"
"6B","All","Lvs","caralluma.acutangula",NA,"O","N","20090617"
"6B","All","Lvs","chenopodium.opulifolium",NA,"O","N","20090617"
"6B","All","Lvs","chenopodium.schraderianum",NA,"O","N","20090617"
"6B","All","Lvs","commelina.spp",NA,"O","N","20090617"
"6B","All","Lvs","commicarpus.pedunculosus",NA,"O","N","20090617"
"6B","All","Lvs","conyza.sp",NA,"O","N","20090617"
"6B","All","Lvs","corchorus.sp",NA,"O","N","20090617"
"6B","All","Lvs","crotelaria.sp",NA,"O","N","20090617"
"6B","All","Lvs","cyathula.orthacantha",NA,"O","N","20090617"
"6B","All","Lvs","dyscoriste.radicans",NA,"O","N","20090617"
"6B","All","Lvs","euphorbia.inaequilatera",NA,"O","N","20090617"
"6B","All","Lvs","evolvulus.alsinoides",NA,"O","N","20090617"
"6B","All","Lvs","fern",NA,"O","N","20090617"
"6B","All","Lvs","gutenbergia.sp",NA,"O","N","20090617"
"6B","All","Lvs","hermannia.uhligii",NA,"O","N","20090617"
"6B","All","Lvs","hibiscus.flavifolius",NA,"O","N","20090617"
"6B","All","Lvs","hibiscus.trionum",NA,"O","N","20090617"
"6B","All","Lvs","indigofera.brevicalyx",NA,"O","N","20090617"
"6B","All","Lvs","indigofera.schimperi",NA,"O","N","20090617"
"6B","All","Lvs","ipomea.sinensis",NA,"O","N","20090617"
"6B","All","Lvs","justicia.dichipteroides",NA,"O","N","20090617"
"6B","All","Lvs","k",NA,"O","N","20090617"
"6B","All","Lvs","kyllinga.sp",NA,"O","N","20090617"
"6B","All","Lvs","leucas.glabrata",NA,"O","N","20090617"
"6B","All","Lvs","leucas.martiniscensis",NA,"O","N","20090617"
"6B","All","Lvs","lily.a",NA,"O","N","20090617"
"6B","All","Lvs","lily.b",NA,"O","N","20090617"
"6B","All","Lvs","lippia.javanica",NA,"O","N","20090617"
"6B","All","Lvs","melhania.spp.",NA,"O","N","20090617"
"6B","All","Lvs","misopates.orontium",NA,"O","N","20090617"
"6B","All","Lvs","mollugo.nudicaulis",NA,"O","N","20090617"
"6B","All","Lvs","monechima.debile",NA,"O","N","20090617"
"6B","All","Lvs","monsonia.augustifolia",NA,"O","N","20090617"
"6B","All","Lvs","ocimum.sp",NA,"O","N","20090617"
"6B","All","Lvs","osteospermum.vaillantii",NA,"O","N","20090617"
"6B","All","Lvs","oxygonum.sinuatum",NA,"O","N","20090617"
"6B","All","Lvs","pavonia.patens",NA,"O","N","20090617"
"6B","All","Lvs","pelargonium.alchemilloides",NA,"O","N","20090617"
"6B","All","Lvs","pentanisia.ouranogyne",NA,"O","N","20090617"
"6B","All","Lvs","phyllanthus.maderaspatensis",NA,"O","N","20090617"
"6B","All","Lvs","plectranthus.spp",NA,"O","N","20090617"
"6B","All","Lvs","pollichia.campestris",NA,"O","N","20090617"
"6B","All","Lvs","polygala..l.",NA,"O","N","20090617"
"6B","All","Lvs","polygala.sphenoptera",NA,"O","N","20090617"
"6B","All","Lvs","portulaca.oleracea",NA,"O","N","20090617"
"6B","All","Lvs","portulaca.quadrifida",NA,"O","N","20090617"
"6B","All","Lvs","pseudognaphalium..helichrysum.glumaceum.",NA,"O","N","20090617"
"6B","All","Lvs","psilotrichum.schimperi",NA,"O","N","20090617"
"6B","All","Lvs","rhinacanthus.ndorensis",NA,"O","N","20090617"
"6B","All","Lvs","rhynchosia.holstii",NA,"O","N","20090617"
"6B","All","Lvs","schkuhria.pinnata",NA,"O","N","20090617"
"6B","All","Lvs","sida.2",NA,"O","N","20090617"
"6B","All","Lvs","sida.cuneifolia",NA,"O","N","20090617"
"6B","All","Lvs","solanum.incanum",NA,"O","N","20090617"
"6B","All","Lvs","solanum.indicum",NA,"O","N","20090617"
"6B","All","Lvs","tribulus.terrestris",NA,"O","N","20090617"
"6B","All","Lvs","u",NA,"O","N","20090617"
"6B","All","Lvs","w",NA,"O","N","20090617"
"6B","All","Lvs","x_4",NA,"O","N","20090617"
"6B","All","Lvs","x_5",NA,"O","N","20090617"
"6B","All","Lvs","x_6",NA,"O","N","20090617"
"6B","All","Lvs","x_7",NA,"O","N","20090617"
"6B","All","Lvs","x_8",NA,"O","N","20090617"
"6B","All","Stm","bracharia.lacnantha",NA,"O","N","20090617"
"6B","All","Stm","lintonia.nutans",NA,"O","N","20090617"
"6B","All","Stm","pennisetum.mezianum",4,"O","N","20090617"
"6B","All","Stm","pennisetum.straminium",11,"O","N","20090617"
"6B","All","Stm","themeda.triandra",NA,"O","N","20090617"
"6B","All","Stm","bare",NA,"O","N","20090617"
"6B","All","Stm","x_2",NA,"O","N","20090617"
"6B","All","Stm","aristida.kenyensis",NA,"O","N","20090617"
"6B","All","Stm","bothriochloa.insculpta",NA,"O","N","20090617"
"6B","All","Stm","bracharia.3",NA,"O","N","20090617"
"6B","All","Stm","bracharia.eruciformis",NA,"O","N","20090617"
"6B","All","Stm","chloris.sp",NA,"O","N","20090617"
"6B","All","Stm","cynodon.dactylon",NA,"O","N","20090617"
"6B","All","Stm","cynodon.plectostachyus",NA,"O","N","20090617"
"6B","All","Stm","cyperus...mariscus.spp",NA,"O","N","20090617"
"6B","All","Stm","digitaria.2",NA,"O","N","20090617"
"6B","All","Stm","digitaria.milanjiana",NA,"O","N","20090617"
"6B","All","Stm","dinebra.retroflexa",NA,"O","N","20090617"
"6B","All","Stm","eragrostis.tenuifolia",NA,"O","N","20090617"
"6B","All","Stm","harpachne.schimperi",NA,"O","N","20090617"
"6B","All","Stm","microchloa.kunthii",NA,"O","N","20090617"
"6B","All","Stm","panicum.astrosanguinum",NA,"O","N","20090617"
"6B","All","Stm","setaria.acromelaena..small.",NA,"O","N","20090617"
"6B","All","Stm","setaria.sphaecealata..big.",NA,"O","N","20090617"
"6B","All","Stm","sporobolus.pyramidalis",NA,"O","N","20090617"
"6B","All","Stm","tragus.berteronianus",NA,"O","N","20090617"
"6B","All","Stm","x_3",NA,"O","N","20090617"
"6B","All","Stm","acalypha.crenata",NA,"O","N","20090617"
"6B","All","Stm","aerva.lanata",NA,"O","N","20090617"
"6B","All","Stm","amaranthus.hibridus",NA,"O","N","20090617"
"6B","All","Stm","aspilia.pluriseta",NA,"O","N","20090617"
"6B","All","Stm","asterolinon.adoense..v.",NA,"O","N","20090617"
"6B","All","Stm","caralluma.acutangula",NA,"O","N","20090617"
"6B","All","Stm","chenopodium.opulifolium",NA,"O","N","20090617"
"6B","All","Stm","chenopodium.schraderianum",NA,"O","N","20090617"
"6B","All","Stm","commelina.spp",NA,"O","N","20090617"
"6B","All","Stm","commicarpus.pedunculosus",NA,"O","N","20090617"
"6B","All","Stm","conyza.sp",NA,"O","N","20090617"
"6B","All","Stm","corchorus.sp",NA,"O","N","20090617"
"6B","All","Stm","crotelaria.sp",NA,"O","N","20090617"
"6B","All","Stm","cyathula.orthacantha",NA,"O","N","20090617"
"6B","All","Stm","dyscoriste.radicans",NA,"O","N","20090617"
"6B","All","Stm","euphorbia.inaequilatera",NA,"O","N","20090617"
"6B","All","Stm","evolvulus.alsinoides",NA,"O","N","20090617"
"6B","All","Stm","fern",NA,"O","N","20090617"
"6B","All","Stm","gutenbergia.sp",NA,"O","N","20090617"
"6B","All","Stm","hermannia.uhligii",NA,"O","N","20090617"
"6B","All","Stm","hibiscus.flavifolius",NA,"O","N","20090617"
"6B","All","Stm","hibiscus.trionum",NA,"O","N","20090617"
"6B","All","Stm","indigofera.brevicalyx",NA,"O","N","20090617"
"6B","All","Stm","indigofera.schimperi",NA,"O","N","20090617"
"6B","All","Stm","ipomea.sinensis",NA,"O","N","20090617"
"6B","All","Stm","justicia.dichipteroides",NA,"O","N","20090617"
"6B","All","Stm","k",NA,"O","N","20090617"
"6B","All","Stm","kyllinga.sp",NA,"O","N","20090617"
"6B","All","Stm","leucas.glabrata",NA,"O","N","20090617"
"6B","All","Stm","leucas.martiniscensis",NA,"O","N","20090617"
"6B","All","Stm","lily.a",NA,"O","N","20090617"
"6B","All","Stm","lily.b",NA,"O","N","20090617"
"6B","All","Stm","lippia.javanica",NA,"O","N","20090617"
"6B","All","Stm","melhania.spp.",NA,"O","N","20090617"
"6B","All","Stm","misopates.orontium",NA,"O","N","20090617"
"6B","All","Stm","mollugo.nudicaulis",NA,"O","N","20090617"
"6B","All","Stm","monechima.debile",NA,"O","N","20090617"
"6B","All","Stm","monsonia.augustifolia",NA,"O","N","20090617"
"6B","All","Stm","ocimum.sp",NA,"O","N","20090617"
"6B","All","Stm","osteospermum.vaillantii",NA,"O","N","20090617"
"6B","All","Stm","oxygonum.sinuatum",NA,"O","N","20090617"
"6B","All","Stm","pavonia.patens",NA,"O","N","20090617"
"6B","All","Stm","pelargonium.alchemilloides",NA,"O","N","20090617"
"6B","All","Stm","pentanisia.ouranogyne",NA,"O","N","20090617"
"6B","All","Stm","phyllanthus.maderaspatensis",NA,"O","N","20090617"
"6B","All","Stm","plectranthus.spp",NA,"O","N","20090617"
"6B","All","Stm","pollichia.campestris",NA,"O","N","20090617"
"6B","All","Stm","polygala..l.",NA,"O","N","20090617"
"6B","All","Stm","polygala.sphenoptera",NA,"O","N","20090617"
"6B","All","Stm","portulaca.oleracea",NA,"O","N","20090617"
"6B","All","Stm","portulaca.quadrifida",NA,"O","N","20090617"
"6B","All","Stm","pseudognaphalium..helichrysum.glumaceum.",NA,"O","N","20090617"
"6B","All","Stm","psilotrichum.schimperi",NA,"O","N","20090617"
"6B","All","Stm","rhinacanthus.ndorensis",NA,"O","N","20090617"
"6B","All","Stm","rhynchosia.holstii",NA,"O","N","20090617"
"6B","All","Stm","schkuhria.pinnata",NA,"O","N","20090617"
"6B","All","Stm","sida.2",NA,"O","N","20090617"
"6B","All","Stm","sida.cuneifolia",NA,"O","N","20090617"
"6B","All","Stm","solanum.incanum",NA,"O","N","20090617"
"6B","All","Stm","solanum.indicum",NA,"O","N","20090617"
"6B","All","Stm","tribulus.terrestris",NA,"O","N","20090617"
"6B","All","Stm","u",NA,"O","N","20090617"
"6B","All","Stm","w",NA,"O","N","20090617"
"6B","All","Stm","x_4",NA,"O","N","20090617"
"6B","All","Stm","x_5",NA,"O","N","20090617"
"6B","All","Stm","x_6",NA,"O","N","20090617"
"6B","All","Stm","x_7",NA,"O","N","20090617"
"6B","All","Stm","x_8",NA,"O","N","20090617"
"7A","1st","","bracharia.lacnantha",NA,"O","N","20090617"
"7A","1st","","lintonia.nutans",NA,"O","N","20090617"
"7A","1st","","pennisetum.mezianum",NA,"O","N","20090617"
"7A","1st","","pennisetum.straminium",NA,"O","N","20090617"
"7A","1st","","themeda.triandra",NA,"O","N","20090617"
"7A","1st","","bare",2,"O","N","20090617"
"7A","1st","","x_2",NA,"O","N","20090617"
"7A","1st","","aristida.kenyensis",NA,"O","N","20090617"
"7A","1st","","bothriochloa.insculpta",NA,"O","N","20090617"
"7A","1st","","bracharia.3",NA,"O","N","20090617"
"7A","1st","","bracharia.eruciformis",NA,"O","N","20090617"
"7A","1st","","chloris.sp",NA,"O","N","20090617"
"7A","1st","","cynodon.dactylon",NA,"O","N","20090617"
"7A","1st","","cynodon.plectostachyus",NA,"O","N","20090617"
"7A","1st","","cyperus...mariscus.spp",NA,"O","N","20090617"
"7A","1st","","digitaria.2",NA,"O","N","20090617"
"7A","1st","","digitaria.milanjiana",NA,"O","N","20090617"
"7A","1st","","dinebra.retroflexa",NA,"O","N","20090617"
"7A","1st","","eragrostis.tenuifolia",NA,"O","N","20090617"
"7A","1st","","harpachne.schimperi",NA,"O","N","20090617"
"7A","1st","","microchloa.kunthii",NA,"O","N","20090617"
"7A","1st","","panicum.astrosanguinum",NA,"O","N","20090617"
"7A","1st","","setaria.acromelaena..small.",NA,"O","N","20090617"
"7A","1st","","setaria.sphaecealata..big.",NA,"O","N","20090617"
"7A","1st","","sporobolus.pyramidalis",NA,"O","N","20090617"
"7A","1st","","tragus.berteronianus",NA,"O","N","20090617"
"7A","1st","","x_3",NA,"O","N","20090617"
"7A","1st","","acalypha.crenata",NA,"O","N","20090617"
"7A","1st","","aerva.lanata",NA,"O","N","20090617"
"7A","1st","","amaranthus.hibridus",NA,"O","N","20090617"
"7A","1st","","aspilia.pluriseta",NA,"O","N","20090617"
"7A","1st","","asterolinon.adoense..v.",NA,"O","N","20090617"
"7A","1st","","caralluma.acutangula",NA,"O","N","20090617"
"7A","1st","","chenopodium.opulifolium",NA,"O","N","20090617"
"7A","1st","","chenopodium.schraderianum",NA,"O","N","20090617"
"7A","1st","","commelina.spp",NA,"O","N","20090617"
"7A","1st","","commicarpus.pedunculosus",NA,"O","N","20090617"
"7A","1st","","conyza.sp",NA,"O","N","20090617"
"7A","1st","","corchorus.sp",NA,"O","N","20090617"
"7A","1st","","crotelaria.sp",NA,"O","N","20090617"
"7A","1st","","cyathula.orthacantha",NA,"O","N","20090617"
"7A","1st","","dyscoriste.radicans",NA,"O","N","20090617"
"7A","1st","","euphorbia.inaequilatera",NA,"O","N","20090617"
"7A","1st","","evolvulus.alsinoides",NA,"O","N","20090617"
"7A","1st","","fern",NA,"O","N","20090617"
"7A","1st","","gutenbergia.sp",NA,"O","N","20090617"
"7A","1st","","hermannia.uhligii",NA,"O","N","20090617"
"7A","1st","","hibiscus.flavifolius",NA,"O","N","20090617"
"7A","1st","","hibiscus.trionum",NA,"O","N","20090617"
"7A","1st","","indigofera.brevicalyx",NA,"O","N","20090617"
"7A","1st","","indigofera.schimperi",NA,"O","N","20090617"
"7A","1st","","ipomea.sinensis",NA,"O","N","20090617"
"7A","1st","","justicia.dichipteroides",NA,"O","N","20090617"
"7A","1st","","k",NA,"O","N","20090617"
"7A","1st","","kyllinga.sp",NA,"O","N","20090617"
"7A","1st","","leucas.glabrata",NA,"O","N","20090617"
"7A","1st","","leucas.martiniscensis",NA,"O","N","20090617"
"7A","1st","","lily.a",NA,"O","N","20090617"
"7A","1st","","lily.b",NA,"O","N","20090617"
"7A","1st","","lippia.javanica",NA,"O","N","20090617"
"7A","1st","","melhania.spp.",NA,"O","N","20090617"
"7A","1st","","misopates.orontium",NA,"O","N","20090617"
"7A","1st","","mollugo.nudicaulis",NA,"O","N","20090617"
"7A","1st","","monechima.debile",NA,"O","N","20090617"
"7A","1st","","monsonia.augustifolia",NA,"O","N","20090617"
"7A","1st","","ocimum.sp",NA,"O","N","20090617"
"7A","1st","","osteospermum.vaillantii",NA,"O","N","20090617"
"7A","1st","","oxygonum.sinuatum",NA,"O","N","20090617"
"7A","1st","","pavonia.patens",NA,"O","N","20090617"
"7A","1st","","pelargonium.alchemilloides",NA,"O","N","20090617"
"7A","1st","","pentanisia.ouranogyne",NA,"O","N","20090617"
"7A","1st","","phyllanthus.maderaspatensis",NA,"O","N","20090617"
"7A","1st","","plectranthus.spp",NA,"O","N","20090617"
"7A","1st","","pollichia.campestris",NA,"O","N","20090617"
"7A","1st","","polygala..l.",NA,"O","N","20090617"
"7A","1st","","polygala.sphenoptera",NA,"O","N","20090617"
"7A","1st","","portulaca.oleracea",NA,"O","N","20090617"
"7A","1st","","portulaca.quadrifida",NA,"O","N","20090617"
"7A","1st","","pseudognaphalium..helichrysum.glumaceum.",NA,"O","N","20090617"
"7A","1st","","psilotrichum.schimperi",NA,"O","N","20090617"
"7A","1st","","rhinacanthus.ndorensis",NA,"O","N","20090617"
"7A","1st","","rhynchosia.holstii",NA,"O","N","20090617"
"7A","1st","","schkuhria.pinnata",NA,"O","N","20090617"
"7A","1st","","sida.2",NA,"O","N","20090617"
"7A","1st","","sida.cuneifolia",NA,"O","N","20090617"
"7A","1st","","solanum.incanum",NA,"O","N","20090617"
"7A","1st","","solanum.indicum",NA,"O","N","20090617"
"7A","1st","","tribulus.terrestris",NA,"O","N","20090617"
"7A","1st","","u",NA,"O","N","20090617"
"7A","1st","","w",NA,"O","N","20090617"
"7A","1st","","x_4",NA,"O","N","20090617"
"7A","1st","","x_5",NA,"O","N","20090617"
"7A","1st","","x_6",NA,"O","N","20090617"
"7A","1st","","x_7",NA,"O","N","20090617"
"7A","1st","","x_8",NA,"O","N","20090617"
"7C","1st","","bracharia.lacnantha",NA,"O","N","20090617"
"7C","1st","","lintonia.nutans",NA,"O","N","20090617"
"7C","1st","","pennisetum.mezianum",NA,"O","N","20090617"
"7C","1st","","pennisetum.straminium",NA,"O","N","20090617"
"7C","1st","","themeda.triandra",NA,"O","N","20090617"
"7C","1st","","bare",3,"O","N","20090617"
"7C","1st","","x_2",NA,"O","N","20090617"
"7C","1st","","aristida.kenyensis",NA,"O","N","20090617"
"7C","1st","","bothriochloa.insculpta",NA,"O","N","20090617"
"7C","1st","","bracharia.3",NA,"O","N","20090617"
"7C","1st","","bracharia.eruciformis",NA,"O","N","20090617"
"7C","1st","","chloris.sp",NA,"O","N","20090617"
"7C","1st","","cynodon.dactylon",NA,"O","N","20090617"
"7C","1st","","cynodon.plectostachyus",NA,"O","N","20090617"
"7C","1st","","cyperus...mariscus.spp",NA,"O","N","20090617"
"7C","1st","","digitaria.2",NA,"O","N","20090617"
"7C","1st","","digitaria.milanjiana",NA,"O","N","20090617"
"7C","1st","","dinebra.retroflexa",NA,"O","N","20090617"
"7C","1st","","eragrostis.tenuifolia",NA,"O","N","20090617"
"7C","1st","","harpachne.schimperi",NA,"O","N","20090617"
"7C","1st","","microchloa.kunthii",NA,"O","N","20090617"
"7C","1st","","panicum.astrosanguinum",NA,"O","N","20090617"
"7C","1st","","setaria.acromelaena..small.",NA,"O","N","20090617"
"7C","1st","","setaria.sphaecealata..big.",NA,"O","N","20090617"
"7C","1st","","sporobolus.pyramidalis",NA,"O","N","20090617"
"7C","1st","","tragus.berteronianus",NA,"O","N","20090617"
"7C","1st","","x_3",NA,"O","N","20090617"
"7C","1st","","acalypha.crenata",NA,"O","N","20090617"
"7C","1st","","aerva.lanata",NA,"O","N","20090617"
"7C","1st","","amaranthus.hibridus",NA,"O","N","20090617"
"7C","1st","","aspilia.pluriseta",NA,"O","N","20090617"
"7C","1st","","asterolinon.adoense..v.",NA,"O","N","20090617"
"7C","1st","","caralluma.acutangula",NA,"O","N","20090617"
"7C","1st","","chenopodium.opulifolium",NA,"O","N","20090617"
"7C","1st","","chenopodium.schraderianum",NA,"O","N","20090617"
"7C","1st","","commelina.spp",NA,"O","N","20090617"
"7C","1st","","commicarpus.pedunculosus",NA,"O","N","20090617"
"7C","1st","","conyza.sp",NA,"O","N","20090617"
"7C","1st","","corchorus.sp",NA,"O","N","20090617"
"7C","1st","","crotelaria.sp",NA,"O","N","20090617"
"7C","1st","","cyathula.orthacantha",NA,"O","N","20090617"
"7C","1st","","dyscoriste.radicans",NA,"O","N","20090617"
"7C","1st","","euphorbia.inaequilatera",NA,"O","N","20090617"
"7C","1st","","evolvulus.alsinoides",NA,"O","N","20090617"
"7C","1st","","fern",NA,"O","N","20090617"
"7C","1st","","gutenbergia.sp",NA,"O","N","20090617"
"7C","1st","","hermannia.uhligii",NA,"O","N","20090617"
"7C","1st","","hibiscus.flavifolius",NA,"O","N","20090617"
"7C","1st","","hibiscus.trionum",NA,"O","N","20090617"
"7C","1st","","indigofera.brevicalyx",NA,"O","N","20090617"
"7C","1st","","indigofera.schimperi",NA,"O","N","20090617"
"7C","1st","","ipomea.sinensis",NA,"O","N","20090617"
"7C","1st","","justicia.dichipteroides",NA,"O","N","20090617"
"7C","1st","","k",NA,"O","N","20090617"
"7C","1st","","kyllinga.sp",NA,"O","N","20090617"
"7C","1st","","leucas.glabrata",NA,"O","N","20090617"
"7C","1st","","leucas.martiniscensis",NA,"O","N","20090617"
"7C","1st","","lily.a",NA,"O","N","20090617"
"7C","1st","","lily.b",NA,"O","N","20090617"
"7C","1st","","lippia.javanica",NA,"O","N","20090617"
"7C","1st","","melhania.spp.",NA,"O","N","20090617"
"7C","1st","","misopates.orontium",NA,"O","N","20090617"
"7C","1st","","mollugo.nudicaulis",NA,"O","N","20090617"
"7C","1st","","monechima.debile",NA,"O","N","20090617"
"7C","1st","","monsonia.augustifolia",NA,"O","N","20090617"
"7C","1st","","ocimum.sp",NA,"O","N","20090617"
"7C","1st","","osteospermum.vaillantii",NA,"O","N","20090617"
"7C","1st","","oxygonum.sinuatum",NA,"O","N","20090617"
"7C","1st","","pavonia.patens",NA,"O","N","20090617"
"7C","1st","","pelargonium.alchemilloides",NA,"O","N","20090617"
"7C","1st","","pentanisia.ouranogyne",NA,"O","N","20090617"
"7C","1st","","phyllanthus.maderaspatensis",NA,"O","N","20090617"
"7C","1st","","plectranthus.spp",NA,"O","N","20090617"
"7C","1st","","pollichia.campestris",NA,"O","N","20090617"
"7C","1st","","polygala..l.",NA,"O","N","20090617"
"7C","1st","","polygala.sphenoptera",NA,"O","N","20090617"
"7C","1st","","portulaca.oleracea",NA,"O","N","20090617"
"7C","1st","","portulaca.quadrifida",NA,"O","N","20090617"
"7C","1st","","pseudognaphalium..helichrysum.glumaceum.",NA,"O","N","20090617"
"7C","1st","","psilotrichum.schimperi",NA,"O","N","20090617"
"7C","1st","","rhinacanthus.ndorensis",NA,"O","N","20090617"
"7C","1st","","rhynchosia.holstii",NA,"O","N","20090617"
"7C","1st","","schkuhria.pinnata",NA,"O","N","20090617"
"7C","1st","","sida.2",NA,"O","N","20090617"
"7C","1st","","sida.cuneifolia",NA,"O","N","20090617"
"7C","1st","","solanum.incanum",NA,"O","N","20090617"
"7C","1st","","solanum.indicum",NA,"O","N","20090617"
"7C","1st","","tribulus.terrestris",NA,"O","N","20090617"
"7C","1st","","u",NA,"O","N","20090617"
"7C","1st","","w",NA,"O","N","20090617"
"7C","1st","","x_4",NA,"O","N","20090617"
"7C","1st","","x_5",NA,"O","N","20090617"
"7C","1st","","x_6",NA,"O","N","20090617"
"7C","1st","","x_7",NA,"O","N","20090617"
"7C","1st","","x_8",NA,"O","N","20090617"
"7E","1st","","bracharia.lacnantha",NA,"O","N","20090617"
"7E","1st","","lintonia.nutans",NA,"O","N","20090617"
"7E","1st","","pennisetum.mezianum",NA,"O","N","20090617"
"7E","1st","","pennisetum.straminium",NA,"O","N","20090617"
"7E","1st","","themeda.triandra",NA,"O","N","20090617"
"7E","1st","","bare",NA,"O","N","20090617"
"7E","1st","","x_2",NA,"O","N","20090617"
"7E","1st","","aristida.kenyensis",NA,"O","N","20090617"
"7E","1st","","bothriochloa.insculpta",NA,"O","N","20090617"
"7E","1st","","bracharia.3",NA,"O","N","20090617"
"7E","1st","","bracharia.eruciformis",NA,"O","N","20090617"
"7E","1st","","chloris.sp",NA,"O","N","20090617"
"7E","1st","","cynodon.dactylon",NA,"O","N","20090617"
"7E","1st","","cynodon.plectostachyus",NA,"O","N","20090617"
"7E","1st","","cyperus...mariscus.spp",NA,"O","N","20090617"
"7E","1st","","digitaria.2",NA,"O","N","20090617"
"7E","1st","","digitaria.milanjiana",NA,"O","N","20090617"
"7E","1st","","dinebra.retroflexa",NA,"O","N","20090617"
"7E","1st","","eragrostis.tenuifolia",NA,"O","N","20090617"
"7E","1st","","harpachne.schimperi",NA,"O","N","20090617"
"7E","1st","","microchloa.kunthii",NA,"O","N","20090617"
"7E","1st","","panicum.astrosanguinum",NA,"O","N","20090617"
"7E","1st","","setaria.acromelaena..small.",NA,"O","N","20090617"
"7E","1st","","setaria.sphaecealata..big.",NA,"O","N","20090617"
"7E","1st","","sporobolus.pyramidalis",NA,"O","N","20090617"
"7E","1st","","tragus.berteronianus",NA,"O","N","20090617"
"7E","1st","","x_3",NA,"O","N","20090617"
"7E","1st","","acalypha.crenata",NA,"O","N","20090617"
"7E","1st","","aerva.lanata",NA,"O","N","20090617"
"7E","1st","","amaranthus.hibridus",NA,"O","N","20090617"
"7E","1st","","aspilia.pluriseta",NA,"O","N","20090617"
"7E","1st","","asterolinon.adoense..v.",NA,"O","N","20090617"
"7E","1st","","caralluma.acutangula",NA,"O","N","20090617"
"7E","1st","","chenopodium.opulifolium",NA,"O","N","20090617"
"7E","1st","","chenopodium.schraderianum",NA,"O","N","20090617"
"7E","1st","","commelina.spp",NA,"O","N","20090617"
"7E","1st","","commicarpus.pedunculosus",NA,"O","N","20090617"
"7E","1st","","conyza.sp",NA,"O","N","20090617"
"7E","1st","","corchorus.sp",NA,"O","N","20090617"
"7E","1st","","crotelaria.sp",NA,"O","N","20090617"
"7E","1st","","cyathula.orthacantha",NA,"O","N","20090617"
"7E","1st","","dyscoriste.radicans",NA,"O","N","20090617"
"7E","1st","","euphorbia.inaequilatera",NA,"O","N","20090617"
"7E","1st","","evolvulus.alsinoides",NA,"O","N","20090617"
"7E","1st","","fern",NA,"O","N","20090617"
"7E","1st","","gutenbergia.sp",NA,"O","N","20090617"
"7E","1st","","hermannia.uhligii",NA,"O","N","20090617"
"7E","1st","","hibiscus.flavifolius",NA,"O","N","20090617"
"7E","1st","","hibiscus.trionum",NA,"O","N","20090617"
"7E","1st","","indigofera.brevicalyx",NA,"O","N","20090617"
"7E","1st","","indigofera.schimperi",NA,"O","N","20090617"
"7E","1st","","ipomea.sinensis",NA,"O","N","20090617"
"7E","1st","","justicia.dichipteroides",NA,"O","N","20090617"
"7E","1st","","k",NA,"O","N","20090617"
"7E","1st","","kyllinga.sp",NA,"O","N","20090617"
"7E","1st","","leucas.glabrata",NA,"O","N","20090617"
"7E","1st","","leucas.martiniscensis",NA,"O","N","20090617"
"7E","1st","","lily.a",NA,"O","N","20090617"
"7E","1st","","lily.b",NA,"O","N","20090617"
"7E","1st","","lippia.javanica",NA,"O","N","20090617"
"7E","1st","","melhania.spp.",NA,"O","N","20090617"
"7E","1st","","misopates.orontium",NA,"O","N","20090617"
"7E","1st","","mollugo.nudicaulis",NA,"O","N","20090617"
"7E","1st","","monechima.debile",NA,"O","N","20090617"
"7E","1st","","monsonia.augustifolia",NA,"O","N","20090617"
"7E","1st","","ocimum.sp",NA,"O","N","20090617"
"7E","1st","","osteospermum.vaillantii",NA,"O","N","20090617"
"7E","1st","","oxygonum.sinuatum",NA,"O","N","20090617"
"7E","1st","","pavonia.patens",NA,"O","N","20090617"
"7E","1st","","pelargonium.alchemilloides",NA,"O","N","20090617"
"7E","1st","","pentanisia.ouranogyne",NA,"O","N","20090617"
"7E","1st","","phyllanthus.maderaspatensis",NA,"O","N","20090617"
"7E","1st","","plectranthus.spp",NA,"O","N","20090617"
"7E","1st","","pollichia.campestris",NA,"O","N","20090617"
"7E","1st","","polygala..l.",NA,"O","N","20090617"
"7E","1st","","polygala.sphenoptera",NA,"O","N","20090617"
"7E","1st","","portulaca.oleracea",NA,"O","N","20090617"
"7E","1st","","portulaca.quadrifida",NA,"O","N","20090617"
"7E","1st","","pseudognaphalium..helichrysum.glumaceum.",NA,"O","N","20090617"
"7E","1st","","psilotrichum.schimperi",NA,"O","N","20090617"
"7E","1st","","rhinacanthus.ndorensis",NA,"O","N","20090617"
"7E","1st","","rhynchosia.holstii",NA,"O","N","20090617"
"7E","1st","","schkuhria.pinnata",NA,"O","N","20090617"
"7E","1st","","sida.2",NA,"O","N","20090617"
"7E","1st","","sida.cuneifolia",NA,"O","N","20090617"
"7E","1st","","solanum.incanum",NA,"O","N","20090617"
"7E","1st","","solanum.indicum",NA,"O","N","20090617"
"7E","1st","","tribulus.terrestris",NA,"O","N","20090617"
"7E","1st","","u",NA,"O","N","20090617"
"7E","1st","","w",NA,"O","N","20090617"
"7E","1st","","x_4",NA,"O","N","20090617"
"7E","1st","","x_5",NA,"O","N","20090617"
"7E","1st","","x_6",NA,"O","N","20090617"
"7E","1st","","x_7",NA,"O","N","20090617"
"7E","1st","","x_8",NA,"O","N","20090617"
"7G","1st","","bracharia.lacnantha",NA,"O","N","20090617"
"7G","1st","","lintonia.nutans",NA,"O","N","20090617"
"7G","1st","","pennisetum.mezianum",NA,"O","N","20090617"
"7G","1st","","pennisetum.straminium",NA,"O","N","20090617"
"7G","1st","","themeda.triandra",NA,"O","N","20090617"
"7G","1st","","bare",3,"O","N","20090617"
"7G","1st","","x_2",NA,"O","N","20090617"
"7G","1st","","aristida.kenyensis",NA,"O","N","20090617"
"7G","1st","","bothriochloa.insculpta",NA,"O","N","20090617"
"7G","1st","","bracharia.3",NA,"O","N","20090617"
"7G","1st","","bracharia.eruciformis",NA,"O","N","20090617"
"7G","1st","","chloris.sp",NA,"O","N","20090617"
"7G","1st","","cynodon.dactylon",NA,"O","N","20090617"
"7G","1st","","cynodon.plectostachyus",NA,"O","N","20090617"
"7G","1st","","cyperus...mariscus.spp",NA,"O","N","20090617"
"7G","1st","","digitaria.2",NA,"O","N","20090617"
"7G","1st","","digitaria.milanjiana",NA,"O","N","20090617"
"7G","1st","","dinebra.retroflexa",NA,"O","N","20090617"
"7G","1st","","eragrostis.tenuifolia",NA,"O","N","20090617"
"7G","1st","","harpachne.schimperi",NA,"O","N","20090617"
"7G","1st","","microchloa.kunthii",NA,"O","N","20090617"
"7G","1st","","panicum.astrosanguinum",NA,"O","N","20090617"
"7G","1st","","setaria.acromelaena..small.",NA,"O","N","20090617"
"7G","1st","","setaria.sphaecealata..big.",NA,"O","N","20090617"
"7G","1st","","sporobolus.pyramidalis",NA,"O","N","20090617"
"7G","1st","","tragus.berteronianus",NA,"O","N","20090617"
"7G","1st","","x_3",NA,"O","N","20090617"
"7G","1st","","acalypha.crenata",NA,"O","N","20090617"
"7G","1st","","aerva.lanata",NA,"O","N","20090617"
"7G","1st","","amaranthus.hibridus",NA,"O","N","20090617"
"7G","1st","","aspilia.pluriseta",NA,"O","N","20090617"
"7G","1st","","asterolinon.adoense..v.",NA,"O","N","20090617"
"7G","1st","","caralluma.acutangula",NA,"O","N","20090617"
"7G","1st","","chenopodium.opulifolium",NA,"O","N","20090617"
"7G","1st","","chenopodium.schraderianum",NA,"O","N","20090617"
"7G","1st","","commelina.spp",NA,"O","N","20090617"
"7G","1st","","commicarpus.pedunculosus",NA,"O","N","20090617"
"7G","1st","","conyza.sp",NA,"O","N","20090617"
"7G","1st","","corchorus.sp",NA,"O","N","20090617"
"7G","1st","","crotelaria.sp",NA,"O","N","20090617"
"7G","1st","","cyathula.orthacantha",NA,"O","N","20090617"
"7G","1st","","dyscoriste.radicans",NA,"O","N","20090617"
"7G","1st","","euphorbia.inaequilatera",NA,"O","N","20090617"
"7G","1st","","evolvulus.alsinoides",NA,"O","N","20090617"
"7G","1st","","fern",NA,"O","N","20090617"
"7G","1st","","gutenbergia.sp",NA,"O","N","20090617"
"7G","1st","","hermannia.uhligii",NA,"O","N","20090617"
"7G","1st","","hibiscus.flavifolius",NA,"O","N","20090617"
"7G","1st","","hibiscus.trionum",NA,"O","N","20090617"
"7G","1st","","indigofera.brevicalyx",NA,"O","N","20090617"
"7G","1st","","indigofera.schimperi",NA,"O","N","20090617"
"7G","1st","","ipomea.sinensis",NA,"O","N","20090617"
"7G","1st","","justicia.dichipteroides",NA,"O","N","20090617"
"7G","1st","","k",NA,"O","N","20090617"
"7G","1st","","kyllinga.sp",NA,"O","N","20090617"
"7G","1st","","leucas.glabrata",NA,"O","N","20090617"
"7G","1st","","leucas.martiniscensis",NA,"O","N","20090617"
"7G","1st","","lily.a",NA,"O","N","20090617"
"7G","1st","","lily.b",NA,"O","N","20090617"
"7G","1st","","lippia.javanica",NA,"O","N","20090617"
"7G","1st","","melhania.spp.",NA,"O","N","20090617"
"7G","1st","","misopates.orontium",NA,"O","N","20090617"
"7G","1st","","mollugo.nudicaulis",NA,"O","N","20090617"
"7G","1st","","monechima.debile",NA,"O","N","20090617"
"7G","1st","","monsonia.augustifolia",NA,"O","N","20090617"
"7G","1st","","ocimum.sp",NA,"O","N","20090617"
"7G","1st","","osteospermum.vaillantii",NA,"O","N","20090617"
"7G","1st","","oxygonum.sinuatum",NA,"O","N","20090617"
"7G","1st","","pavonia.patens",NA,"O","N","20090617"
"7G","1st","","pelargonium.alchemilloides",NA,"O","N","20090617"
"7G","1st","","pentanisia.ouranogyne",NA,"O","N","20090617"
"7G","1st","","phyllanthus.maderaspatensis",NA,"O","N","20090617"
"7G","1st","","plectranthus.spp",NA,"O","N","20090617"
"7G","1st","","pollichia.campestris",NA,"O","N","20090617"
"7G","1st","","polygala..l.",NA,"O","N","20090617"
"7G","1st","","polygala.sphenoptera",NA,"O","N","20090617"
"7G","1st","","portulaca.oleracea",NA,"O","N","20090617"
"7G","1st","","portulaca.quadrifida",NA,"O","N","20090617"
"7G","1st","","pseudognaphalium..helichrysum.glumaceum.",NA,"O","N","20090617"
"7G","1st","","psilotrichum.schimperi",NA,"O","N","20090617"
"7G","1st","","rhinacanthus.ndorensis",NA,"O","N","20090617"
"7G","1st","","rhynchosia.holstii",NA,"O","N","20090617"
"7G","1st","","schkuhria.pinnata",NA,"O","N","20090617"
"7G","1st","","sida.2",NA,"O","N","20090617"
"7G","1st","","sida.cuneifolia",NA,"O","N","20090617"
"7G","1st","","solanum.incanum",NA,"O","N","20090617"
"7G","1st","","solanum.indicum",NA,"O","N","20090617"
"7G","1st","","tribulus.terrestris",NA,"O","N","20090617"
"7G","1st","","u",NA,"O","N","20090617"
"7G","1st","","w",NA,"O","N","20090617"
"7G","1st","","x_4",NA,"O","N","20090617"
"7G","1st","","x_5",NA,"O","N","20090617"
"7G","1st","","x_6",NA,"O","N","20090617"
"7G","1st","","x_7",NA,"O","N","20090617"
"7G","1st","","x_8",NA,"O","N","20090617"
"7I","1st","","bracharia.lacnantha",NA,"O","N","20090617"
"7I","1st","","lintonia.nutans",NA,"O","N","20090617"
"7I","1st","","pennisetum.mezianum",NA,"O","N","20090617"
"7I","1st","","pennisetum.straminium",NA,"O","N","20090617"
"7I","1st","","themeda.triandra",NA,"O","N","20090617"
"7I","1st","","bare",3,"O","N","20090617"
"7I","1st","","x_2",NA,"O","N","20090617"
"7I","1st","","aristida.kenyensis",NA,"O","N","20090617"
"7I","1st","","bothriochloa.insculpta",NA,"O","N","20090617"
"7I","1st","","bracharia.3",NA,"O","N","20090617"
"7I","1st","","bracharia.eruciformis",NA,"O","N","20090617"
"7I","1st","","chloris.sp",NA,"O","N","20090617"
"7I","1st","","cynodon.dactylon",NA,"O","N","20090617"
"7I","1st","","cynodon.plectostachyus",NA,"O","N","20090617"
"7I","1st","","cyperus...mariscus.spp",NA,"O","N","20090617"
"7I","1st","","digitaria.2",NA,"O","N","20090617"
"7I","1st","","digitaria.milanjiana",NA,"O","N","20090617"
"7I","1st","","dinebra.retroflexa",NA,"O","N","20090617"
"7I","1st","","eragrostis.tenuifolia",NA,"O","N","20090617"
"7I","1st","","harpachne.schimperi",NA,"O","N","20090617"
"7I","1st","","microchloa.kunthii",NA,"O","N","20090617"
"7I","1st","","panicum.astrosanguinum",NA,"O","N","20090617"
"7I","1st","","setaria.acromelaena..small.",NA,"O","N","20090617"
"7I","1st","","setaria.sphaecealata..big.",NA,"O","N","20090617"
"7I","1st","","sporobolus.pyramidalis",NA,"O","N","20090617"
"7I","1st","","tragus.berteronianus",NA,"O","N","20090617"
"7I","1st","","x_3",NA,"O","N","20090617"
"7I","1st","","acalypha.crenata",NA,"O","N","20090617"
"7I","1st","","aerva.lanata",NA,"O","N","20090617"
"7I","1st","","amaranthus.hibridus",NA,"O","N","20090617"
"7I","1st","","aspilia.pluriseta",NA,"O","N","20090617"
"7I","1st","","asterolinon.adoense..v.",NA,"O","N","20090617"
"7I","1st","","caralluma.acutangula",NA,"O","N","20090617"
"7I","1st","","chenopodium.opulifolium",NA,"O","N","20090617"
"7I","1st","","chenopodium.schraderianum",NA,"O","N","20090617"
"7I","1st","","commelina.spp",NA,"O","N","20090617"
"7I","1st","","commicarpus.pedunculosus",NA,"O","N","20090617"
"7I","1st","","conyza.sp",NA,"O","N","20090617"
"7I","1st","","corchorus.sp",NA,"O","N","20090617"
"7I","1st","","crotelaria.sp",NA,"O","N","20090617"
"7I","1st","","cyathula.orthacantha",NA,"O","N","20090617"
"7I","1st","","dyscoriste.radicans",NA,"O","N","20090617"
"7I","1st","","euphorbia.inaequilatera",NA,"O","N","20090617"
"7I","1st","","evolvulus.alsinoides",NA,"O","N","20090617"
"7I","1st","","fern",NA,"O","N","20090617"
"7I","1st","","gutenbergia.sp",NA,"O","N","20090617"
"7I","1st","","hermannia.uhligii",NA,"O","N","20090617"
"7I","1st","","hibiscus.flavifolius",NA,"O","N","20090617"
"7I","1st","","hibiscus.trionum",NA,"O","N","20090617"
"7I","1st","","indigofera.brevicalyx",NA,"O","N","20090617"
"7I","1st","","indigofera.schimperi",NA,"O","N","20090617"
"7I","1st","","ipomea.sinensis",NA,"O","N","20090617"
"7I","1st","","justicia.dichipteroides",NA,"O","N","20090617"
"7I","1st","","k",NA,"O","N","20090617"
"7I","1st","","kyllinga.sp",NA,"O","N","20090617"
"7I","1st","","leucas.glabrata",NA,"O","N","20090617"
"7I","1st","","leucas.martiniscensis",NA,"O","N","20090617"
"7I","1st","","lily.a",NA,"O","N","20090617"
"7I","1st","","lily.b",NA,"O","N","20090617"
"7I","1st","","lippia.javanica",NA,"O","N","20090617"
"7I","1st","","melhania.spp.",NA,"O","N","20090617"
"7I","1st","","misopates.orontium",NA,"O","N","20090617"
"7I","1st","","mollugo.nudicaulis",NA,"O","N","20090617"
"7I","1st","","monechima.debile",NA,"O","N","20090617"
"7I","1st","","monsonia.augustifolia",NA,"O","N","20090617"
"7I","1st","","ocimum.sp",NA,"O","N","20090617"
"7I","1st","","osteospermum.vaillantii",NA,"O","N","20090617"
"7I","1st","","oxygonum.sinuatum",NA,"O","N","20090617"
"7I","1st","","pavonia.patens",NA,"O","N","20090617"
"7I","1st","","pelargonium.alchemilloides",NA,"O","N","20090617"
"7I","1st","","pentanisia.ouranogyne",NA,"O","N","20090617"
"7I","1st","","phyllanthus.maderaspatensis",NA,"O","N","20090617"
"7I","1st","","plectranthus.spp",NA,"O","N","20090617"
"7I","1st","","pollichia.campestris",NA,"O","N","20090617"
"7I","1st","","polygala..l.",NA,"O","N","20090617"
"7I","1st","","polygala.sphenoptera",NA,"O","N","20090617"
"7I","1st","","portulaca.oleracea",NA,"O","N","20090617"
"7I","1st","","portulaca.quadrifida",NA,"O","N","20090617"
"7I","1st","","pseudognaphalium..helichrysum.glumaceum.",NA,"O","N","20090617"
"7I","1st","","psilotrichum.schimperi",NA,"O","N","20090617"
"7I","1st","","rhinacanthus.ndorensis",NA,"O","N","20090617"
"7I","1st","","rhynchosia.holstii",NA,"O","N","20090617"
"7I","1st","","schkuhria.pinnata",NA,"O","N","20090617"
"7I","1st","","sida.2",NA,"O","N","20090617"
"7I","1st","","sida.cuneifolia",NA,"O","N","20090617"
"7I","1st","","solanum.incanum",NA,"O","N","20090617"
"7I","1st","","solanum.indicum",NA,"O","N","20090617"
"7I","1st","","tribulus.terrestris",NA,"O","N","20090617"
"7I","1st","","u",NA,"O","N","20090617"
"7I","1st","","w",NA,"O","N","20090617"
"7I","1st","","x_4",NA,"O","N","20090617"
"7I","1st","","x_5",NA,"O","N","20090617"
"7I","1st","","x_6",NA,"O","N","20090617"
"7I","1st","","x_7",NA,"O","N","20090617"
"7I","1st","","x_8",NA,"O","N","20090617"
"8J","1st","","bracharia.lacnantha",NA,"O","N","20090617"
"8J","1st","","lintonia.nutans",NA,"O","N","20090617"
"8J","1st","","pennisetum.mezianum",NA,"O","N","20090617"
"8J","1st","","pennisetum.straminium",NA,"O","N","20090617"
"8J","1st","","themeda.triandra",NA,"O","N","20090617"
"8J","1st","","bare",8,"O","N","20090617"
"8J","1st","","x_2",NA,"O","N","20090617"
"8J","1st","","aristida.kenyensis",NA,"O","N","20090617"
"8J","1st","","bothriochloa.insculpta",NA,"O","N","20090617"
"8J","1st","","bracharia.3",NA,"O","N","20090617"
"8J","1st","","bracharia.eruciformis",1,"O","N","20090617"
"8J","1st","","chloris.sp",NA,"O","N","20090617"
"8J","1st","","cynodon.dactylon",NA,"O","N","20090617"
"8J","1st","","cynodon.plectostachyus",NA,"O","N","20090617"
"8J","1st","","cyperus...mariscus.spp",NA,"O","N","20090617"
"8J","1st","","digitaria.2",NA,"O","N","20090617"
"8J","1st","","digitaria.milanjiana",NA,"O","N","20090617"
"8J","1st","","dinebra.retroflexa",NA,"O","N","20090617"
"8J","1st","","eragrostis.tenuifolia",NA,"O","N","20090617"
"8J","1st","","harpachne.schimperi",NA,"O","N","20090617"
"8J","1st","","microchloa.kunthii",NA,"O","N","20090617"
"8J","1st","","panicum.astrosanguinum",NA,"O","N","20090617"
"8J","1st","","setaria.acromelaena..small.",NA,"O","N","20090617"
"8J","1st","","setaria.sphaecealata..big.",NA,"O","N","20090617"
"8J","1st","","sporobolus.pyramidalis",NA,"O","N","20090617"
"8J","1st","","tragus.berteronianus",NA,"O","N","20090617"
"8J","1st","","x_3",NA,"O","N","20090617"
"8J","1st","","acalypha.crenata",NA,"O","N","20090617"
"8J","1st","","aerva.lanata",1,"O","N","20090617"
"8J","1st","","amaranthus.hibridus",NA,"O","N","20090617"
"8J","1st","","aspilia.pluriseta",NA,"O","N","20090617"
"8J","1st","","asterolinon.adoense..v.",NA,"O","N","20090617"
"8J","1st","","caralluma.acutangula",NA,"O","N","20090617"
"8J","1st","","chenopodium.opulifolium",NA,"O","N","20090617"
"8J","1st","","chenopodium.schraderianum",NA,"O","N","20090617"
"8J","1st","","commelina.spp",NA,"O","N","20090617"
"8J","1st","","commicarpus.pedunculosus",NA,"O","N","20090617"
"8J","1st","","conyza.sp",NA,"O","N","20090617"
"8J","1st","","corchorus.sp",NA,"O","N","20090617"
"8J","1st","","crotelaria.sp",NA,"O","N","20090617"
"8J","1st","","cyathula.orthacantha",NA,"O","N","20090617"
"8J","1st","","dyscoriste.radicans",NA,"O","N","20090617"
"8J","1st","","euphorbia.inaequilatera",NA,"O","N","20090617"
"8J","1st","","evolvulus.alsinoides",NA,"O","N","20090617"
"8J","1st","","fern",NA,"O","N","20090617"
"8J","1st","","gutenbergia.sp",NA,"O","N","20090617"
"8J","1st","","hermannia.uhligii",NA,"O","N","20090617"
"8J","1st","","hibiscus.flavifolius",NA,"O","N","20090617"
"8J","1st","","hibiscus.trionum",NA,"O","N","20090617"
"8J","1st","","indigofera.brevicalyx",NA,"O","N","20090617"
"8J","1st","","indigofera.schimperi",NA,"O","N","20090617"
"8J","1st","","ipomea.sinensis",NA,"O","N","20090617"
"8J","1st","","justicia.dichipteroides",NA,"O","N","20090617"
"8J","1st","","k",NA,"O","N","20090617"
"8J","1st","","kyllinga.sp",NA,"O","N","20090617"
"8J","1st","","leucas.glabrata",NA,"O","N","20090617"
"8J","1st","","leucas.martiniscensis",NA,"O","N","20090617"
"8J","1st","","lily.a",NA,"O","N","20090617"
"8J","1st","","lily.b",NA,"O","N","20090617"
"8J","1st","","lippia.javanica",NA,"O","N","20090617"
"8J","1st","","melhania.spp.",NA,"O","N","20090617"
"8J","1st","","misopates.orontium",NA,"O","N","20090617"
"8J","1st","","mollugo.nudicaulis",NA,"O","N","20090617"
"8J","1st","","monechima.debile",NA,"O","N","20090617"
"8J","1st","","monsonia.augustifolia",NA,"O","N","20090617"
"8J","1st","","ocimum.sp",NA,"O","N","20090617"
"8J","1st","","osteospermum.vaillantii",NA,"O","N","20090617"
"8J","1st","","oxygonum.sinuatum",NA,"O","N","20090617"
"8J","1st","","pavonia.patens",NA,"O","N","20090617"
"8J","1st","","pelargonium.alchemilloides",NA,"O","N","20090617"
"8J","1st","","pentanisia.ouranogyne",NA,"O","N","20090617"
"8J","1st","","phyllanthus.maderaspatensis",NA,"O","N","20090617"
"8J","1st","","plectranthus.spp",NA,"O","N","20090617"
"8J","1st","","pollichia.campestris",NA,"O","N","20090617"
"8J","1st","","polygala..l.",NA,"O","N","20090617"
"8J","1st","","polygala.sphenoptera",NA,"O","N","20090617"
"8J","1st","","portulaca.oleracea",NA,"O","N","20090617"
"8J","1st","","portulaca.quadrifida",NA,"O","N","20090617"
"8J","1st","","pseudognaphalium..helichrysum.glumaceum.",NA,"O","N","20090617"
"8J","1st","","psilotrichum.schimperi",NA,"O","N","20090617"
"8J","1st","","rhinacanthus.ndorensis",NA,"O","N","20090617"
"8J","1st","","rhynchosia.holstii",NA,"O","N","20090617"
"8J","1st","","schkuhria.pinnata",NA,"O","N","20090617"
"8J","1st","","sida.2",NA,"O","N","20090617"
"8J","1st","","sida.cuneifolia",NA,"O","N","20090617"
"8J","1st","","solanum.incanum",NA,"O","N","20090617"
"8J","1st","","solanum.indicum",NA,"O","N","20090617"
"8J","1st","","tribulus.terrestris",NA,"O","N","20090617"
"8J","1st","","u",NA,"O","N","20090617"
"8J","1st","","w",NA,"O","N","20090617"
"8J","1st","","x_4",NA,"O","N","20090617"
"8J","1st","","x_5",NA,"O","N","20090617"
"8J","1st","","x_6",NA,"O","N","20090617"
"8J","1st","","x_7",NA,"O","N","20090617"
"8J","1st","","x_8",NA,"O","N","20090617"
"8H","1st","","bracharia.lacnantha",NA,"O","N","20090617"
"8H","1st","","lintonia.nutans",NA,"O","N","20090617"
"8H","1st","","pennisetum.mezianum",NA,"O","N","20090617"
"8H","1st","","pennisetum.straminium",NA,"O","N","20090617"
"8H","1st","","themeda.triandra",NA,"O","N","20090617"
"8H","1st","","bare",9,"O","N","20090617"
"8H","1st","","x_2",NA,"O","N","20090617"
"8H","1st","","aristida.kenyensis",NA,"O","N","20090617"
"8H","1st","","bothriochloa.insculpta",NA,"O","N","20090617"
"8H","1st","","bracharia.3",NA,"O","N","20090617"
"8H","1st","","bracharia.eruciformis",NA,"O","N","20090617"
"8H","1st","","chloris.sp",NA,"O","N","20090617"
"8H","1st","","cynodon.dactylon",NA,"O","N","20090617"
"8H","1st","","cynodon.plectostachyus",NA,"O","N","20090617"
"8H","1st","","cyperus...mariscus.spp",NA,"O","N","20090617"
"8H","1st","","digitaria.2",NA,"O","N","20090617"
"8H","1st","","digitaria.milanjiana",NA,"O","N","20090617"
"8H","1st","","dinebra.retroflexa",NA,"O","N","20090617"
"8H","1st","","eragrostis.tenuifolia",NA,"O","N","20090617"
"8H","1st","","harpachne.schimperi",NA,"O","N","20090617"
"8H","1st","","microchloa.kunthii",NA,"O","N","20090617"
"8H","1st","","panicum.astrosanguinum",NA,"O","N","20090617"
"8H","1st","","setaria.acromelaena..small.",NA,"O","N","20090617"
"8H","1st","","setaria.sphaecealata..big.",NA,"O","N","20090617"
"8H","1st","","sporobolus.pyramidalis",NA,"O","N","20090617"
"8H","1st","","tragus.berteronianus",NA,"O","N","20090617"
"8H","1st","","x_3",NA,"O","N","20090617"
"8H","1st","","acalypha.crenata",NA,"O","N","20090617"
"8H","1st","","aerva.lanata",NA,"O","N","20090617"
"8H","1st","","amaranthus.hibridus",NA,"O","N","20090617"
"8H","1st","","aspilia.pluriseta",NA,"O","N","20090617"
"8H","1st","","asterolinon.adoense..v.",NA,"O","N","20090617"
"8H","1st","","caralluma.acutangula",NA,"O","N","20090617"
"8H","1st","","chenopodium.opulifolium",NA,"O","N","20090617"
"8H","1st","","chenopodium.schraderianum",NA,"O","N","20090617"
"8H","1st","","commelina.spp",NA,"O","N","20090617"
"8H","1st","","commicarpus.pedunculosus",NA,"O","N","20090617"
"8H","1st","","conyza.sp",NA,"O","N","20090617"
"8H","1st","","corchorus.sp",NA,"O","N","20090617"
"8H","1st","","crotelaria.sp",NA,"O","N","20090617"
"8H","1st","","cyathula.orthacantha",NA,"O","N","20090617"
"8H","1st","","dyscoriste.radicans",NA,"O","N","20090617"
"8H","1st","","euphorbia.inaequilatera",NA,"O","N","20090617"
"8H","1st","","evolvulus.alsinoides",NA,"O","N","20090617"
"8H","1st","","fern",NA,"O","N","20090617"
"8H","1st","","gutenbergia.sp",NA,"O","N","20090617"
"8H","1st","","hermannia.uhligii",NA,"O","N","20090617"
"8H","1st","","hibiscus.flavifolius",NA,"O","N","20090617"
"8H","1st","","hibiscus.trionum",NA,"O","N","20090617"
"8H","1st","","indigofera.brevicalyx",NA,"O","N","20090617"
"8H","1st","","indigofera.schimperi",NA,"O","N","20090617"
"8H","1st","","ipomea.sinensis",NA,"O","N","20090617"
"8H","1st","","justicia.dichipteroides",NA,"O","N","20090617"
"8H","1st","","k",NA,"O","N","20090617"
"8H","1st","","kyllinga.sp",NA,"O","N","20090617"
"8H","1st","","leucas.glabrata",NA,"O","N","20090617"
"8H","1st","","leucas.martiniscensis",NA,"O","N","20090617"
"8H","1st","","lily.a",NA,"O","N","20090617"
"8H","1st","","lily.b",NA,"O","N","20090617"
"8H","1st","","lippia.javanica",NA,"O","N","20090617"
"8H","1st","","melhania.spp.",NA,"O","N","20090617"
"8H","1st","","misopates.orontium",NA,"O","N","20090617"
"8H","1st","","mollugo.nudicaulis",NA,"O","N","20090617"
"8H","1st","","monechima.debile",NA,"O","N","20090617"
"8H","1st","","monsonia.augustifolia",NA,"O","N","20090617"
"8H","1st","","ocimum.sp",NA,"O","N","20090617"
"8H","1st","","osteospermum.vaillantii",NA,"O","N","20090617"
"8H","1st","","oxygonum.sinuatum",NA,"O","N","20090617"
"8H","1st","","pavonia.patens",NA,"O","N","20090617"
"8H","1st","","pelargonium.alchemilloides",NA,"O","N","20090617"
"8H","1st","","pentanisia.ouranogyne",NA,"O","N","20090617"
"8H","1st","","phyllanthus.maderaspatensis",NA,"O","N","20090617"
"8H","1st","","plectranthus.spp",NA,"O","N","20090617"
"8H","1st","","pollichia.campestris",NA,"O","N","20090617"
"8H","1st","","polygala..l.",NA,"O","N","20090617"
"8H","1st","","polygala.sphenoptera",NA,"O","N","20090617"
"8H","1st","","portulaca.oleracea",NA,"O","N","20090617"
"8H","1st","","portulaca.quadrifida",NA,"O","N","20090617"
"8H","1st","","pseudognaphalium..helichrysum.glumaceum.",1,"O","N","20090617"
"8H","1st","","psilotrichum.schimperi",NA,"O","N","20090617"
"8H","1st","","rhinacanthus.ndorensis",NA,"O","N","20090617"
"8H","1st","","rhynchosia.holstii",NA,"O","N","20090617"
"8H","1st","","schkuhria.pinnata",NA,"O","N","20090617"
"8H","1st","","sida.2",NA,"O","N","20090617"
"8H","1st","","sida.cuneifolia",NA,"O","N","20090617"
"8H","1st","","solanum.incanum",NA,"O","N","20090617"
"8H","1st","","solanum.indicum",NA,"O","N","20090617"
"8H","1st","","tribulus.terrestris",NA,"O","N","20090617"
"8H","1st","","u",NA,"O","N","20090617"
"8H","1st","","w",NA,"O","N","20090617"
"8H","1st","","x_4",NA,"O","N","20090617"
"8H","1st","","x_5",NA,"O","N","20090617"
"8H","1st","","x_6",NA,"O","N","20090617"
"8H","1st","","x_7",NA,"O","N","20090617"
"8H","1st","","x_8",NA,"O","N","20090617"
"8F","1st","","bracharia.lacnantha",10,"O","N","20090617"
"8F","1st","","lintonia.nutans",NA,"O","N","20090617"
"8F","1st","","pennisetum.mezianum",NA,"O","N","20090617"
"8F","1st","","pennisetum.straminium",NA,"O","N","20090617"
"8F","1st","","themeda.triandra",NA,"O","N","20090617"
"8F","1st","","bare",NA,"O","N","20090617"
"8F","1st","","x_2",NA,"O","N","20090617"
"8F","1st","","aristida.kenyensis",NA,"O","N","20090617"
"8F","1st","","bothriochloa.insculpta",NA,"O","N","20090617"
"8F","1st","","bracharia.3",NA,"O","N","20090617"
"8F","1st","","bracharia.eruciformis",NA,"O","N","20090617"
"8F","1st","","chloris.sp",NA,"O","N","20090617"
"8F","1st","","cynodon.dactylon",NA,"O","N","20090617"
"8F","1st","","cynodon.plectostachyus",NA,"O","N","20090617"
"8F","1st","","cyperus...mariscus.spp",NA,"O","N","20090617"
"8F","1st","","digitaria.2",NA,"O","N","20090617"
"8F","1st","","digitaria.milanjiana",NA,"O","N","20090617"
"8F","1st","","dinebra.retroflexa",NA,"O","N","20090617"
"8F","1st","","eragrostis.tenuifolia",NA,"O","N","20090617"
"8F","1st","","harpachne.schimperi",NA,"O","N","20090617"
"8F","1st","","microchloa.kunthii",NA,"O","N","20090617"
"8F","1st","","panicum.astrosanguinum",NA,"O","N","20090617"
"8F","1st","","setaria.acromelaena..small.",NA,"O","N","20090617"
"8F","1st","","setaria.sphaecealata..big.",NA,"O","N","20090617"
"8F","1st","","sporobolus.pyramidalis",NA,"O","N","20090617"
"8F","1st","","tragus.berteronianus",NA,"O","N","20090617"
"8F","1st","","x_3",NA,"O","N","20090617"
"8F","1st","","acalypha.crenata",NA,"O","N","20090617"
"8F","1st","","aerva.lanata",NA,"O","N","20090617"
"8F","1st","","amaranthus.hibridus",NA,"O","N","20090617"
"8F","1st","","aspilia.pluriseta",NA,"O","N","20090617"
"8F","1st","","asterolinon.adoense..v.",NA,"O","N","20090617"
"8F","1st","","caralluma.acutangula",NA,"O","N","20090617"
"8F","1st","","chenopodium.opulifolium",NA,"O","N","20090617"
"8F","1st","","chenopodium.schraderianum",NA,"O","N","20090617"
"8F","1st","","commelina.spp",NA,"O","N","20090617"
"8F","1st","","commicarpus.pedunculosus",NA,"O","N","20090617"
"8F","1st","","conyza.sp",NA,"O","N","20090617"
"8F","1st","","corchorus.sp",NA,"O","N","20090617"
"8F","1st","","crotelaria.sp",NA,"O","N","20090617"
"8F","1st","","cyathula.orthacantha",NA,"O","N","20090617"
"8F","1st","","dyscoriste.radicans",NA,"O","N","20090617"
"8F","1st","","euphorbia.inaequilatera",NA,"O","N","20090617"
"8F","1st","","evolvulus.alsinoides",NA,"O","N","20090617"
"8F","1st","","fern",NA,"O","N","20090617"
"8F","1st","","gutenbergia.sp",NA,"O","N","20090617"
"8F","1st","","hermannia.uhligii",NA,"O","N","20090617"
"8F","1st","","hibiscus.flavifolius",NA,"O","N","20090617"
"8F","1st","","hibiscus.trionum",NA,"O","N","20090617"
"8F","1st","","indigofera.brevicalyx",NA,"O","N","20090617"
"8F","1st","","indigofera.schimperi",NA,"O","N","20090617"
"8F","1st","","ipomea.sinensis",NA,"O","N","20090617"
"8F","1st","","justicia.dichipteroides",NA,"O","N","20090617"
"8F","1st","","k",NA,"O","N","20090617"
"8F","1st","","kyllinga.sp",NA,"O","N","20090617"
"8F","1st","","leucas.glabrata",NA,"O","N","20090617"
"8F","1st","","leucas.martiniscensis",NA,"O","N","20090617"
"8F","1st","","lily.a",NA,"O","N","20090617"
"8F","1st","","lily.b",NA,"O","N","20090617"
"8F","1st","","lippia.javanica",NA,"O","N","20090617"
"8F","1st","","melhania.spp.",NA,"O","N","20090617"
"8F","1st","","misopates.orontium",NA,"O","N","20090617"
"8F","1st","","mollugo.nudicaulis",NA,"O","N","20090617"
"8F","1st","","monechima.debile",NA,"O","N","20090617"
"8F","1st","","monsonia.augustifolia",NA,"O","N","20090617"
"8F","1st","","ocimum.sp",NA,"O","N","20090617"
"8F","1st","","osteospermum.vaillantii",NA,"O","N","20090617"
"8F","1st","","oxygonum.sinuatum",NA,"O","N","20090617"
"8F","1st","","pavonia.patens",NA,"O","N","20090617"
"8F","1st","","pelargonium.alchemilloides",NA,"O","N","20090617"
"8F","1st","","pentanisia.ouranogyne",NA,"O","N","20090617"
"8F","1st","","phyllanthus.maderaspatensis",NA,"O","N","20090617"
"8F","1st","","plectranthus.spp",NA,"O","N","20090617"
"8F","1st","","pollichia.campestris",NA,"O","N","20090617"
"8F","1st","","polygala..l.",NA,"O","N","20090617"
"8F","1st","","polygala.sphenoptera",NA,"O","N","20090617"
"8F","1st","","portulaca.oleracea",NA,"O","N","20090617"
"8F","1st","","portulaca.quadrifida",NA,"O","N","20090617"
"8F","1st","","pseudognaphalium..helichrysum.glumaceum.",NA,"O","N","20090617"
"8F","1st","","psilotrichum.schimperi",NA,"O","N","20090617"
"8F","1st","","rhinacanthus.ndorensis",NA,"O","N","20090617"
"8F","1st","","rhynchosia.holstii",NA,"O","N","20090617"
"8F","1st","","schkuhria.pinnata",NA,"O","N","20090617"
"8F","1st","","sida.2",NA,"O","N","20090617"
"8F","1st","","sida.cuneifolia",NA,"O","N","20090617"
"8F","1st","","solanum.incanum",NA,"O","N","20090617"
"8F","1st","","solanum.indicum",NA,"O","N","20090617"
"8F","1st","","tribulus.terrestris",NA,"O","N","20090617"
"8F","1st","","u",NA,"O","N","20090617"
"8F","1st","","w",NA,"O","N","20090617"
"8F","1st","","x_4",NA,"O","N","20090617"
"8F","1st","","x_5",NA,"O","N","20090617"
"8F","1st","","x_6",NA,"O","N","20090617"
"8F","1st","","x_7",NA,"O","N","20090617"
"8F","1st","","x_8",NA,"O","N","20090617"
"8D","1st","","bracharia.lacnantha",NA,"O","N","20090617"
"8D","1st","","lintonia.nutans",NA,"O","N","20090617"
"8D","1st","","pennisetum.mezianum",NA,"O","N","20090617"
"8D","1st","","pennisetum.straminium",6,"O","N","20090617"
"8D","1st","","themeda.triandra",NA,"O","N","20090617"
"8D","1st","","bare",3,"O","N","20090617"
"8D","1st","","x_2",NA,"O","N","20090617"
"8D","1st","","aristida.kenyensis",NA,"O","N","20090617"
"8D","1st","","bothriochloa.insculpta",NA,"O","N","20090617"
"8D","1st","","bracharia.3",NA,"O","N","20090617"
"8D","1st","","bracharia.eruciformis",NA,"O","N","20090617"
"8D","1st","","chloris.sp",NA,"O","N","20090617"
"8D","1st","","cynodon.dactylon",NA,"O","N","20090617"
"8D","1st","","cynodon.plectostachyus",NA,"O","N","20090617"
"8D","1st","","cyperus...mariscus.spp",NA,"O","N","20090617"
"8D","1st","","digitaria.2",NA,"O","N","20090617"
"8D","1st","","digitaria.milanjiana",NA,"O","N","20090617"
"8D","1st","","dinebra.retroflexa",NA,"O","N","20090617"
"8D","1st","","eragrostis.tenuifolia",NA,"O","N","20090617"
"8D","1st","","harpachne.schimperi",NA,"O","N","20090617"
"8D","1st","","microchloa.kunthii",NA,"O","N","20090617"
"8D","1st","","panicum.astrosanguinum",NA,"O","N","20090617"
"8D","1st","","setaria.acromelaena..small.",NA,"O","N","20090617"
"8D","1st","","setaria.sphaecealata..big.",NA,"O","N","20090617"
"8D","1st","","sporobolus.pyramidalis",NA,"O","N","20090617"
"8D","1st","","tragus.berteronianus",NA,"O","N","20090617"
"8D","1st","","x_3",NA,"O","N","20090617"
"8D","1st","","acalypha.crenata",NA,"O","N","20090617"
"8D","1st","","aerva.lanata",NA,"O","N","20090617"
"8D","1st","","amaranthus.hibridus",NA,"O","N","20090617"
"8D","1st","","aspilia.pluriseta",NA,"O","N","20090617"
"8D","1st","","asterolinon.adoense..v.",NA,"O","N","20090617"
"8D","1st","","caralluma.acutangula",NA,"O","N","20090617"
"8D","1st","","chenopodium.opulifolium",NA,"O","N","20090617"
"8D","1st","","chenopodium.schraderianum",NA,"O","N","20090617"
"8D","1st","","commelina.spp",NA,"O","N","20090617"
"8D","1st","","commicarpus.pedunculosus",NA,"O","N","20090617"
"8D","1st","","conyza.sp",NA,"O","N","20090617"
"8D","1st","","corchorus.sp",NA,"O","N","20090617"
"8D","1st","","crotelaria.sp",NA,"O","N","20090617"
"8D","1st","","cyathula.orthacantha",NA,"O","N","20090617"
"8D","1st","","dyscoriste.radicans",NA,"O","N","20090617"
"8D","1st","","euphorbia.inaequilatera",NA,"O","N","20090617"
"8D","1st","","evolvulus.alsinoides",NA,"O","N","20090617"
"8D","1st","","fern",NA,"O","N","20090617"
"8D","1st","","gutenbergia.sp",NA,"O","N","20090617"
"8D","1st","","hermannia.uhligii",NA,"O","N","20090617"
"8D","1st","","hibiscus.flavifolius",NA,"O","N","20090617"
"8D","1st","","hibiscus.trionum",NA,"O","N","20090617"
"8D","1st","","indigofera.brevicalyx",NA,"O","N","20090617"
"8D","1st","","indigofera.schimperi",NA,"O","N","20090617"
"8D","1st","","ipomea.sinensis",NA,"O","N","20090617"
"8D","1st","","justicia.dichipteroides",NA,"O","N","20090617"
"8D","1st","","k",NA,"O","N","20090617"
"8D","1st","","kyllinga.sp",NA,"O","N","20090617"
"8D","1st","","leucas.glabrata",NA,"O","N","20090617"
"8D","1st","","leucas.martiniscensis",NA,"O","N","20090617"
"8D","1st","","lily.a",NA,"O","N","20090617"
"8D","1st","","lily.b",NA,"O","N","20090617"
"8D","1st","","lippia.javanica",NA,"O","N","20090617"
"8D","1st","","melhania.spp.",NA,"O","N","20090617"
"8D","1st","","misopates.orontium",NA,"O","N","20090617"
"8D","1st","","mollugo.nudicaulis",NA,"O","N","20090617"
"8D","1st","","monechima.debile",NA,"O","N","20090617"
"8D","1st","","monsonia.augustifolia",NA,"O","N","20090617"
"8D","1st","","ocimum.sp",NA,"O","N","20090617"
"8D","1st","","osteospermum.vaillantii",NA,"O","N","20090617"
"8D","1st","","oxygonum.sinuatum",NA,"O","N","20090617"
"8D","1st","","pavonia.patens",NA,"O","N","20090617"
"8D","1st","","pelargonium.alchemilloides",NA,"O","N","20090617"
"8D","1st","","pentanisia.ouranogyne",NA,"O","N","20090617"
"8D","1st","","phyllanthus.maderaspatensis",NA,"O","N","20090617"
"8D","1st","","plectranthus.spp",NA,"O","N","20090617"
"8D","1st","","pollichia.campestris",NA,"O","N","20090617"
"8D","1st","","polygala..l.",NA,"O","N","20090617"
"8D","1st","","polygala.sphenoptera",NA,"O","N","20090617"
"8D","1st","","portulaca.oleracea",NA,"O","N","20090617"
"8D","1st","","portulaca.quadrifida",NA,"O","N","20090617"
"8D","1st","","pseudognaphalium..helichrysum.glumaceum.",NA,"O","N","20090617"
"8D","1st","","psilotrichum.schimperi",NA,"O","N","20090617"
"8D","1st","","rhinacanthus.ndorensis",NA,"O","N","20090617"
"8D","1st","","rhynchosia.holstii",1,"O","N","20090617"
"8D","1st","","schkuhria.pinnata",NA,"O","N","20090617"
"8D","1st","","sida.2",NA,"O","N","20090617"
"8D","1st","","sida.cuneifolia",NA,"O","N","20090617"
"8D","1st","","solanum.incanum",NA,"O","N","20090617"
"8D","1st","","solanum.indicum",NA,"O","N","20090617"
"8D","1st","","tribulus.terrestris",NA,"O","N","20090617"
"8D","1st","","u",NA,"O","N","20090617"
"8D","1st","","w",NA,"O","N","20090617"
"8D","1st","","x_4",NA,"O","N","20090617"
"8D","1st","","x_5",NA,"O","N","20090617"
"8D","1st","","x_6",NA,"O","N","20090617"
"8D","1st","","x_7",NA,"O","N","20090617"
"8D","1st","","x_8",NA,"O","N","20090617"
"8B","1st","","bracharia.lacnantha",4,"O","N","20090617"
"8B","1st","","lintonia.nutans",NA,"O","N","20090617"
"8B","1st","","pennisetum.mezianum",2,"O","N","20090617"
"8B","1st","","pennisetum.straminium",3,"O","N","20090617"
"8B","1st","","themeda.triandra",3,"O","N","20090617"
"8B","1st","","bare",2,"O","N","20090617"
"8B","1st","","x_2",NA,"O","N","20090617"
"8B","1st","","aristida.kenyensis",NA,"O","N","20090617"
"8B","1st","","bothriochloa.insculpta",NA,"O","N","20090617"
"8B","1st","","bracharia.3",NA,"O","N","20090617"
"8B","1st","","bracharia.eruciformis",NA,"O","N","20090617"
"8B","1st","","chloris.sp",NA,"O","N","20090617"
"8B","1st","","cynodon.dactylon",NA,"O","N","20090617"
"8B","1st","","cynodon.plectostachyus",NA,"O","N","20090617"
"8B","1st","","cyperus...mariscus.spp",NA,"O","N","20090617"
"8B","1st","","digitaria.2",NA,"O","N","20090617"
"8B","1st","","digitaria.milanjiana",NA,"O","N","20090617"
"8B","1st","","dinebra.retroflexa",NA,"O","N","20090617"
"8B","1st","","eragrostis.tenuifolia",NA,"O","N","20090617"
"8B","1st","","harpachne.schimperi",NA,"O","N","20090617"
"8B","1st","","microchloa.kunthii",NA,"O","N","20090617"
"8B","1st","","panicum.astrosanguinum",NA,"O","N","20090617"
"8B","1st","","setaria.acromelaena..small.",NA,"O","N","20090617"
"8B","1st","","setaria.sphaecealata..big.",NA,"O","N","20090617"
"8B","1st","","sporobolus.pyramidalis",NA,"O","N","20090617"
"8B","1st","","tragus.berteronianus",NA,"O","N","20090617"
"8B","1st","","x_3",NA,"O","N","20090617"
"8B","1st","","acalypha.crenata",NA,"O","N","20090617"
"8B","1st","","aerva.lanata",NA,"O","N","20090617"
"8B","1st","","amaranthus.hibridus",NA,"O","N","20090617"
"8B","1st","","aspilia.pluriseta",NA,"O","N","20090617"
"8B","1st","","asterolinon.adoense..v.",NA,"O","N","20090617"
"8B","1st","","caralluma.acutangula",NA,"O","N","20090617"
"8B","1st","","chenopodium.opulifolium",NA,"O","N","20090617"
"8B","1st","","chenopodium.schraderianum",NA,"O","N","20090617"
"8B","1st","","commelina.spp",NA,"O","N","20090617"
"8B","1st","","commicarpus.pedunculosus",NA,"O","N","20090617"
"8B","1st","","conyza.sp",NA,"O","N","20090617"
"8B","1st","","corchorus.sp",NA,"O","N","20090617"
"8B","1st","","crotelaria.sp",NA,"O","N","20090617"
"8B","1st","","cyathula.orthacantha",NA,"O","N","20090617"
"8B","1st","","dyscoriste.radicans",NA,"O","N","20090617"
"8B","1st","","euphorbia.inaequilatera",NA,"O","N","20090617"
"8B","1st","","evolvulus.alsinoides",NA,"O","N","20090617"
"8B","1st","","fern",NA,"O","N","20090617"
"8B","1st","","gutenbergia.sp",NA,"O","N","20090617"
"8B","1st","","hermannia.uhligii",NA,"O","N","20090617"
"8B","1st","","hibiscus.flavifolius",NA,"O","N","20090617"
"8B","1st","","hibiscus.trionum",NA,"O","N","20090617"
"8B","1st","","indigofera.brevicalyx",NA,"O","N","20090617"
"8B","1st","","indigofera.schimperi",NA,"O","N","20090617"
"8B","1st","","ipomea.sinensis",NA,"O","N","20090617"
"8B","1st","","justicia.dichipteroides",NA,"O","N","20090617"
"8B","1st","","k",NA,"O","N","20090617"
"8B","1st","","kyllinga.sp",NA,"O","N","20090617"
"8B","1st","","leucas.glabrata",NA,"O","N","20090617"
"8B","1st","","leucas.martiniscensis",NA,"O","N","20090617"
"8B","1st","","lily.a",NA,"O","N","20090617"
"8B","1st","","lily.b",NA,"O","N","20090617"
"8B","1st","","lippia.javanica",NA,"O","N","20090617"
"8B","1st","","melhania.spp.",NA,"O","N","20090617"
"8B","1st","","misopates.orontium",NA,"O","N","20090617"
"8B","1st","","mollugo.nudicaulis",NA,"O","N","20090617"
"8B","1st","","monechima.debile",NA,"O","N","20090617"
"8B","1st","","monsonia.augustifolia",NA,"O","N","20090617"
"8B","1st","","ocimum.sp",NA,"O","N","20090617"
"8B","1st","","osteospermum.vaillantii",NA,"O","N","20090617"
"8B","1st","","oxygonum.sinuatum",NA,"O","N","20090617"
"8B","1st","","pavonia.patens",NA,"O","N","20090617"
"8B","1st","","pelargonium.alchemilloides",NA,"O","N","20090617"
"8B","1st","","pentanisia.ouranogyne",NA,"O","N","20090617"
"8B","1st","","phyllanthus.maderaspatensis",NA,"O","N","20090617"
"8B","1st","","plectranthus.spp",NA,"O","N","20090617"
"8B","1st","","pollichia.campestris",NA,"O","N","20090617"
"8B","1st","","polygala..l.",NA,"O","N","20090617"
"8B","1st","","polygala.sphenoptera",NA,"O","N","20090617"
"8B","1st","","portulaca.oleracea",NA,"O","N","20090617"
"8B","1st","","portulaca.quadrifida",NA,"O","N","20090617"
"8B","1st","","pseudognaphalium..helichrysum.glumaceum.",NA,"O","N","20090617"
"8B","1st","","psilotrichum.schimperi",NA,"O","N","20090617"
"8B","1st","","rhinacanthus.ndorensis",NA,"O","N","20090617"
"8B","1st","","rhynchosia.holstii",1,"O","N","20090617"
"8B","1st","","schkuhria.pinnata",NA,"O","N","20090617"
"8B","1st","","sida.2",NA,"O","N","20090617"
"8B","1st","","sida.cuneifolia",NA,"O","N","20090617"
"8B","1st","","solanum.incanum",NA,"O","N","20090617"
"8B","1st","","solanum.indicum",NA,"O","N","20090617"
"8B","1st","","tribulus.terrestris",NA,"O","N","20090617"
"8B","1st","","u",NA,"O","N","20090617"
"8B","1st","","w",NA,"O","N","20090617"
"8B","1st","","x_4",NA,"O","N","20090617"
"8B","1st","","x_5",NA,"O","N","20090617"
"8B","1st","","x_6",NA,"O","N","20090617"
"8B","1st","","x_7",NA,"O","N","20090617"
"8B","1st","","x_8",NA,"O","N","20090617"
"9A","1st","","bracharia.lacnantha",NA,"O","N","20090617"
"9A","1st","","lintonia.nutans",NA,"O","N","20090617"
"9A","1st","","pennisetum.mezianum",NA,"O","N","20090617"
"9A","1st","","pennisetum.straminium",NA,"O","N","20090617"
"9A","1st","","themeda.triandra",NA,"O","N","20090617"
"9A","1st","","bare",2,"O","N","20090617"
"9A","1st","","x_2",NA,"O","N","20090617"
"9A","1st","","aristida.kenyensis",NA,"O","N","20090617"
"9A","1st","","bothriochloa.insculpta",NA,"O","N","20090617"
"9A","1st","","bracharia.3",NA,"O","N","20090617"
"9A","1st","","bracharia.eruciformis",NA,"O","N","20090617"
"9A","1st","","chloris.sp",NA,"O","N","20090617"
"9A","1st","","cynodon.dactylon",NA,"O","N","20090617"
"9A","1st","","cynodon.plectostachyus",NA,"O","N","20090617"
"9A","1st","","cyperus...mariscus.spp",NA,"O","N","20090617"
"9A","1st","","digitaria.2",NA,"O","N","20090617"
"9A","1st","","digitaria.milanjiana",NA,"O","N","20090617"
"9A","1st","","dinebra.retroflexa",NA,"O","N","20090617"
"9A","1st","","eragrostis.tenuifolia",NA,"O","N","20090617"
"9A","1st","","harpachne.schimperi",NA,"O","N","20090617"
"9A","1st","","microchloa.kunthii",NA,"O","N","20090617"
"9A","1st","","panicum.astrosanguinum",NA,"O","N","20090617"
"9A","1st","","setaria.acromelaena..small.",NA,"O","N","20090617"
"9A","1st","","setaria.sphaecealata..big.",NA,"O","N","20090617"
"9A","1st","","sporobolus.pyramidalis",NA,"O","N","20090617"
"9A","1st","","tragus.berteronianus",NA,"O","N","20090617"
"9A","1st","","x_3",NA,"O","N","20090617"
"9A","1st","","acalypha.crenata",NA,"O","N","20090617"
"9A","1st","","aerva.lanata",NA,"O","N","20090617"
"9A","1st","","amaranthus.hibridus",NA,"O","N","20090617"
"9A","1st","","aspilia.pluriseta",NA,"O","N","20090617"
"9A","1st","","asterolinon.adoense..v.",NA,"O","N","20090617"
"9A","1st","","caralluma.acutangula",NA,"O","N","20090617"
"9A","1st","","chenopodium.opulifolium",NA,"O","N","20090617"
"9A","1st","","chenopodium.schraderianum",NA,"O","N","20090617"
"9A","1st","","commelina.spp",NA,"O","N","20090617"
"9A","1st","","commicarpus.pedunculosus",NA,"O","N","20090617"
"9A","1st","","conyza.sp",NA,"O","N","20090617"
"9A","1st","","corchorus.sp",NA,"O","N","20090617"
"9A","1st","","crotelaria.sp",NA,"O","N","20090617"
"9A","1st","","cyathula.orthacantha",NA,"O","N","20090617"
"9A","1st","","dyscoriste.radicans",NA,"O","N","20090617"
"9A","1st","","euphorbia.inaequilatera",NA,"O","N","20090617"
"9A","1st","","evolvulus.alsinoides",NA,"O","N","20090617"
"9A","1st","","fern",NA,"O","N","20090617"
"9A","1st","","gutenbergia.sp",NA,"O","N","20090617"
"9A","1st","","hermannia.uhligii",NA,"O","N","20090617"
"9A","1st","","hibiscus.flavifolius",NA,"O","N","20090617"
"9A","1st","","hibiscus.trionum",NA,"O","N","20090617"
"9A","1st","","indigofera.brevicalyx",NA,"O","N","20090617"
"9A","1st","","indigofera.schimperi",NA,"O","N","20090617"
"9A","1st","","ipomea.sinensis",NA,"O","N","20090617"
"9A","1st","","justicia.dichipteroides",NA,"O","N","20090617"
"9A","1st","","k",NA,"O","N","20090617"
"9A","1st","","kyllinga.sp",NA,"O","N","20090617"
"9A","1st","","leucas.glabrata",NA,"O","N","20090617"
"9A","1st","","leucas.martiniscensis",NA,"O","N","20090617"
"9A","1st","","lily.a",NA,"O","N","20090617"
"9A","1st","","lily.b",NA,"O","N","20090617"
"9A","1st","","lippia.javanica",NA,"O","N","20090617"
"9A","1st","","melhania.spp.",NA,"O","N","20090617"
"9A","1st","","misopates.orontium",NA,"O","N","20090617"
"9A","1st","","mollugo.nudicaulis",NA,"O","N","20090617"
"9A","1st","","monechima.debile",NA,"O","N","20090617"
"9A","1st","","monsonia.augustifolia",NA,"O","N","20090617"
"9A","1st","","ocimum.sp",NA,"O","N","20090617"
"9A","1st","","osteospermum.vaillantii",NA,"O","N","20090617"
"9A","1st","","oxygonum.sinuatum",NA,"O","N","20090617"
"9A","1st","","pavonia.patens",NA,"O","N","20090617"
"9A","1st","","pelargonium.alchemilloides",NA,"O","N","20090617"
"9A","1st","","pentanisia.ouranogyne",NA,"O","N","20090617"
"9A","1st","","phyllanthus.maderaspatensis",NA,"O","N","20090617"
"9A","1st","","plectranthus.spp",NA,"O","N","20090617"
"9A","1st","","pollichia.campestris",NA,"O","N","20090617"
"9A","1st","","polygala..l.",NA,"O","N","20090617"
"9A","1st","","polygala.sphenoptera",NA,"O","N","20090617"
"9A","1st","","portulaca.oleracea",NA,"O","N","20090617"
"9A","1st","","portulaca.quadrifida",NA,"O","N","20090617"
"9A","1st","","pseudognaphalium..helichrysum.glumaceum.",NA,"O","N","20090617"
"9A","1st","","psilotrichum.schimperi",NA,"O","N","20090617"
"9A","1st","","rhinacanthus.ndorensis",NA,"O","N","20090617"
"9A","1st","","rhynchosia.holstii",2,"O","N","20090617"
"9A","1st","","schkuhria.pinnata",NA,"O","N","20090617"
"9A","1st","","sida.2",NA,"O","N","20090617"
"9A","1st","","sida.cuneifolia",NA,"O","N","20090617"
"9A","1st","","solanum.incanum",NA,"O","N","20090617"
"9A","1st","","solanum.indicum",NA,"O","N","20090617"
"9A","1st","","tribulus.terrestris",NA,"O","N","20090617"
"9A","1st","","u",NA,"O","N","20090617"
"9A","1st","","w",NA,"O","N","20090617"
"9A","1st","","x_4",NA,"O","N","20090617"
"9A","1st","","x_5",NA,"O","N","20090617"
"9A","1st","","x_6",NA,"O","N","20090617"
"9A","1st","","x_7",NA,"O","N","20090617"
"9A","1st","","x_8",NA,"O","N","20090617"
"9C","1st","","bracharia.lacnantha",NA,"O","N","20090617"
"9C","1st","","lintonia.nutans",NA,"O","N","20090617"
"9C","1st","","pennisetum.mezianum",NA,"O","N","20090617"
"9C","1st","","pennisetum.straminium",NA,"O","N","20090617"
"9C","1st","","themeda.triandra",NA,"O","N","20090617"
"9C","1st","","bare",NA,"O","N","20090617"
"9C","1st","","x_2",NA,"O","N","20090617"
"9C","1st","","aristida.kenyensis",NA,"O","N","20090617"
"9C","1st","","bothriochloa.insculpta",NA,"O","N","20090617"
"9C","1st","","bracharia.3",NA,"O","N","20090617"
"9C","1st","","bracharia.eruciformis",NA,"O","N","20090617"
"9C","1st","","chloris.sp",NA,"O","N","20090617"
"9C","1st","","cynodon.dactylon",NA,"O","N","20090617"
"9C","1st","","cynodon.plectostachyus",NA,"O","N","20090617"
"9C","1st","","cyperus...mariscus.spp",NA,"O","N","20090617"
"9C","1st","","digitaria.2",NA,"O","N","20090617"
"9C","1st","","digitaria.milanjiana",NA,"O","N","20090617"
"9C","1st","","dinebra.retroflexa",NA,"O","N","20090617"
"9C","1st","","eragrostis.tenuifolia",NA,"O","N","20090617"
"9C","1st","","harpachne.schimperi",NA,"O","N","20090617"
"9C","1st","","microchloa.kunthii",NA,"O","N","20090617"
"9C","1st","","panicum.astrosanguinum",NA,"O","N","20090617"
"9C","1st","","setaria.acromelaena..small.",NA,"O","N","20090617"
"9C","1st","","setaria.sphaecealata..big.",NA,"O","N","20090617"
"9C","1st","","sporobolus.pyramidalis",NA,"O","N","20090617"
"9C","1st","","tragus.berteronianus",NA,"O","N","20090617"
"9C","1st","","x_3",NA,"O","N","20090617"
"9C","1st","","acalypha.crenata",NA,"O","N","20090617"
"9C","1st","","aerva.lanata",NA,"O","N","20090617"
"9C","1st","","amaranthus.hibridus",NA,"O","N","20090617"
"9C","1st","","aspilia.pluriseta",NA,"O","N","20090617"
"9C","1st","","asterolinon.adoense..v.",NA,"O","N","20090617"
"9C","1st","","caralluma.acutangula",NA,"O","N","20090617"
"9C","1st","","chenopodium.opulifolium",NA,"O","N","20090617"
"9C","1st","","chenopodium.schraderianum",NA,"O","N","20090617"
"9C","1st","","commelina.spp",NA,"O","N","20090617"
"9C","1st","","commicarpus.pedunculosus",NA,"O","N","20090617"
"9C","1st","","conyza.sp",NA,"O","N","20090617"
"9C","1st","","corchorus.sp",NA,"O","N","20090617"
"9C","1st","","crotelaria.sp",NA,"O","N","20090617"
"9C","1st","","cyathula.orthacantha",NA,"O","N","20090617"
"9C","1st","","dyscoriste.radicans",NA,"O","N","20090617"
"9C","1st","","euphorbia.inaequilatera",NA,"O","N","20090617"
"9C","1st","","evolvulus.alsinoides",NA,"O","N","20090617"
"9C","1st","","fern",NA,"O","N","20090617"
"9C","1st","","gutenbergia.sp",NA,"O","N","20090617"
"9C","1st","","hermannia.uhligii",NA,"O","N","20090617"
"9C","1st","","hibiscus.flavifolius",NA,"O","N","20090617"
"9C","1st","","hibiscus.trionum",NA,"O","N","20090617"
"9C","1st","","indigofera.brevicalyx",NA,"O","N","20090617"
"9C","1st","","indigofera.schimperi",NA,"O","N","20090617"
"9C","1st","","ipomea.sinensis",NA,"O","N","20090617"
"9C","1st","","justicia.dichipteroides",NA,"O","N","20090617"
"9C","1st","","k",NA,"O","N","20090617"
"9C","1st","","kyllinga.sp",NA,"O","N","20090617"
"9C","1st","","leucas.glabrata",NA,"O","N","20090617"
"9C","1st","","leucas.martiniscensis",NA,"O","N","20090617"
"9C","1st","","lily.a",NA,"O","N","20090617"
"9C","1st","","lily.b",NA,"O","N","20090617"
"9C","1st","","lippia.javanica",NA,"O","N","20090617"
"9C","1st","","melhania.spp.",NA,"O","N","20090617"
"9C","1st","","misopates.orontium",NA,"O","N","20090617"
"9C","1st","","mollugo.nudicaulis",NA,"O","N","20090617"
"9C","1st","","monechima.debile",NA,"O","N","20090617"
"9C","1st","","monsonia.augustifolia",NA,"O","N","20090617"
"9C","1st","","ocimum.sp",NA,"O","N","20090617"
"9C","1st","","osteospermum.vaillantii",NA,"O","N","20090617"
"9C","1st","","oxygonum.sinuatum",NA,"O","N","20090617"
"9C","1st","","pavonia.patens",NA,"O","N","20090617"
"9C","1st","","pelargonium.alchemilloides",NA,"O","N","20090617"
"9C","1st","","pentanisia.ouranogyne",NA,"O","N","20090617"
"9C","1st","","phyllanthus.maderaspatensis",NA,"O","N","20090617"
"9C","1st","","plectranthus.spp",NA,"O","N","20090617"
"9C","1st","","pollichia.campestris",NA,"O","N","20090617"
"9C","1st","","polygala..l.",NA,"O","N","20090617"
"9C","1st","","polygala.sphenoptera",NA,"O","N","20090617"
"9C","1st","","portulaca.oleracea",NA,"O","N","20090617"
"9C","1st","","portulaca.quadrifida",NA,"O","N","20090617"
"9C","1st","","pseudognaphalium..helichrysum.glumaceum.",NA,"O","N","20090617"
"9C","1st","","psilotrichum.schimperi",NA,"O","N","20090617"
"9C","1st","","rhinacanthus.ndorensis",NA,"O","N","20090617"
"9C","1st","","rhynchosia.holstii",NA,"O","N","20090617"
"9C","1st","","schkuhria.pinnata",NA,"O","N","20090617"
"9C","1st","","sida.2",NA,"O","N","20090617"
"9C","1st","","sida.cuneifolia",NA,"O","N","20090617"
"9C","1st","","solanum.incanum",NA,"O","N","20090617"
"9C","1st","","solanum.indicum",NA,"O","N","20090617"
"9C","1st","","tribulus.terrestris",NA,"O","N","20090617"
"9C","1st","","u",NA,"O","N","20090617"
"9C","1st","","w",NA,"O","N","20090617"
"9C","1st","","x_4",NA,"O","N","20090617"
"9C","1st","","x_5",NA,"O","N","20090617"
"9C","1st","","x_6",NA,"O","N","20090617"
"9C","1st","","x_7",NA,"O","N","20090617"
"9C","1st","","x_8",NA,"O","N","20090617"
"9E","1st","","bracharia.lacnantha",NA,"O","N","20090617"
"9E","1st","","lintonia.nutans",NA,"O","N","20090617"
"9E","1st","","pennisetum.mezianum",NA,"O","N","20090617"
"9E","1st","","pennisetum.straminium",NA,"O","N","20090617"
"9E","1st","","themeda.triandra",NA,"O","N","20090617"
"9E","1st","","bare",NA,"O","N","20090617"
"9E","1st","","x_2",NA,"O","N","20090617"
"9E","1st","","aristida.kenyensis",NA,"O","N","20090617"
"9E","1st","","bothriochloa.insculpta",NA,"O","N","20090617"
"9E","1st","","bracharia.3",NA,"O","N","20090617"
"9E","1st","","bracharia.eruciformis",NA,"O","N","20090617"
"9E","1st","","chloris.sp",NA,"O","N","20090617"
"9E","1st","","cynodon.dactylon",NA,"O","N","20090617"
"9E","1st","","cynodon.plectostachyus",NA,"O","N","20090617"
"9E","1st","","cyperus...mariscus.spp",NA,"O","N","20090617"
"9E","1st","","digitaria.2",NA,"O","N","20090617"
"9E","1st","","digitaria.milanjiana",NA,"O","N","20090617"
"9E","1st","","dinebra.retroflexa",NA,"O","N","20090617"
"9E","1st","","eragrostis.tenuifolia",NA,"O","N","20090617"
"9E","1st","","harpachne.schimperi",NA,"O","N","20090617"
"9E","1st","","microchloa.kunthii",NA,"O","N","20090617"
"9E","1st","","panicum.astrosanguinum",NA,"O","N","20090617"
"9E","1st","","setaria.acromelaena..small.",NA,"O","N","20090617"
"9E","1st","","setaria.sphaecealata..big.",NA,"O","N","20090617"
"9E","1st","","sporobolus.pyramidalis",NA,"O","N","20090617"
"9E","1st","","tragus.berteronianus",NA,"O","N","20090617"
"9E","1st","","x_3",NA,"O","N","20090617"
"9E","1st","","acalypha.crenata",NA,"O","N","20090617"
"9E","1st","","aerva.lanata",NA,"O","N","20090617"
"9E","1st","","amaranthus.hibridus",NA,"O","N","20090617"
"9E","1st","","aspilia.pluriseta",NA,"O","N","20090617"
"9E","1st","","asterolinon.adoense..v.",NA,"O","N","20090617"
"9E","1st","","caralluma.acutangula",NA,"O","N","20090617"
"9E","1st","","chenopodium.opulifolium",NA,"O","N","20090617"
"9E","1st","","chenopodium.schraderianum",NA,"O","N","20090617"
"9E","1st","","commelina.spp",NA,"O","N","20090617"
"9E","1st","","commicarpus.pedunculosus",1,"O","N","20090617"
"9E","1st","","conyza.sp",NA,"O","N","20090617"
"9E","1st","","corchorus.sp",NA,"O","N","20090617"
"9E","1st","","crotelaria.sp",NA,"O","N","20090617"
"9E","1st","","cyathula.orthacantha",NA,"O","N","20090617"
"9E","1st","","dyscoriste.radicans",NA,"O","N","20090617"
"9E","1st","","euphorbia.inaequilatera",NA,"O","N","20090617"
"9E","1st","","evolvulus.alsinoides",NA,"O","N","20090617"
"9E","1st","","fern",NA,"O","N","20090617"
"9E","1st","","gutenbergia.sp",NA,"O","N","20090617"
"9E","1st","","hermannia.uhligii",NA,"O","N","20090617"
"9E","1st","","hibiscus.flavifolius",NA,"O","N","20090617"
"9E","1st","","hibiscus.trionum",NA,"O","N","20090617"
"9E","1st","","indigofera.brevicalyx",NA,"O","N","20090617"
"9E","1st","","indigofera.schimperi",NA,"O","N","20090617"
"9E","1st","","ipomea.sinensis",NA,"O","N","20090617"
"9E","1st","","justicia.dichipteroides",NA,"O","N","20090617"
"9E","1st","","k",NA,"O","N","20090617"
"9E","1st","","kyllinga.sp",NA,"O","N","20090617"
"9E","1st","","leucas.glabrata",NA,"O","N","20090617"
"9E","1st","","leucas.martiniscensis",NA,"O","N","20090617"
"9E","1st","","lily.a",NA,"O","N","20090617"
"9E","1st","","lily.b",NA,"O","N","20090617"
"9E","1st","","lippia.javanica",NA,"O","N","20090617"
"9E","1st","","melhania.spp.",NA,"O","N","20090617"
"9E","1st","","misopates.orontium",NA,"O","N","20090617"
"9E","1st","","mollugo.nudicaulis",NA,"O","N","20090617"
"9E","1st","","monechima.debile",NA,"O","N","20090617"
"9E","1st","","monsonia.augustifolia",NA,"O","N","20090617"
"9E","1st","","ocimum.sp",NA,"O","N","20090617"
"9E","1st","","osteospermum.vaillantii",NA,"O","N","20090617"
"9E","1st","","oxygonum.sinuatum",NA,"O","N","20090617"
"9E","1st","","pavonia.patens",NA,"O","N","20090617"
"9E","1st","","pelargonium.alchemilloides",NA,"O","N","20090617"
"9E","1st","","pentanisia.ouranogyne",NA,"O","N","20090617"
"9E","1st","","phyllanthus.maderaspatensis",NA,"O","N","20090617"
"9E","1st","","plectranthus.spp",NA,"O","N","20090617"
"9E","1st","","pollichia.campestris",NA,"O","N","20090617"
"9E","1st","","polygala..l.",NA,"O","N","20090617"
"9E","1st","","polygala.sphenoptera",NA,"O","N","20090617"
"9E","1st","","portulaca.oleracea",NA,"O","N","20090617"
"9E","1st","","portulaca.quadrifida",NA,"O","N","20090617"
"9E","1st","","pseudognaphalium..helichrysum.glumaceum.",NA,"O","N","20090617"
"9E","1st","","psilotrichum.schimperi",NA,"O","N","20090617"
"9E","1st","","rhinacanthus.ndorensis",NA,"O","N","20090617"
"9E","1st","","rhynchosia.holstii",NA,"O","N","20090617"
"9E","1st","","schkuhria.pinnata",NA,"O","N","20090617"
"9E","1st","","sida.2",NA,"O","N","20090617"
"9E","1st","","sida.cuneifolia",NA,"O","N","20090617"
"9E","1st","","solanum.incanum",NA,"O","N","20090617"
"9E","1st","","solanum.indicum",NA,"O","N","20090617"
"9E","1st","","tribulus.terrestris",NA,"O","N","20090617"
"9E","1st","","u",NA,"O","N","20090617"
"9E","1st","","w",NA,"O","N","20090617"
"9E","1st","","x_4",NA,"O","N","20090617"
"9E","1st","","x_5",NA,"O","N","20090617"
"9E","1st","","x_6",NA,"O","N","20090617"
"9E","1st","","x_7",NA,"O","N","20090617"
"9E","1st","","x_8",NA,"O","N","20090617"
"9G","1st","","bracharia.lacnantha",NA,"O","N","20090617"
"9G","1st","","lintonia.nutans",NA,"O","N","20090617"
"9G","1st","","pennisetum.mezianum",NA,"O","N","20090617"
"9G","1st","","pennisetum.straminium",NA,"O","N","20090617"
"9G","1st","","themeda.triandra",NA,"O","N","20090617"
"9G","1st","","bare",6,"O","N","20090617"
"9G","1st","","x_2",NA,"O","N","20090617"
"9G","1st","","aristida.kenyensis",NA,"O","N","20090617"
"9G","1st","","bothriochloa.insculpta",NA,"O","N","20090617"
"9G","1st","","bracharia.3",NA,"O","N","20090617"
"9G","1st","","bracharia.eruciformis",NA,"O","N","20090617"
"9G","1st","","chloris.sp",NA,"O","N","20090617"
"9G","1st","","cynodon.dactylon",NA,"O","N","20090617"
"9G","1st","","cynodon.plectostachyus",NA,"O","N","20090617"
"9G","1st","","cyperus...mariscus.spp",NA,"O","N","20090617"
"9G","1st","","digitaria.2",NA,"O","N","20090617"
"9G","1st","","digitaria.milanjiana",NA,"O","N","20090617"
"9G","1st","","dinebra.retroflexa",NA,"O","N","20090617"
"9G","1st","","eragrostis.tenuifolia",NA,"O","N","20090617"
"9G","1st","","harpachne.schimperi",NA,"O","N","20090617"
"9G","1st","","microchloa.kunthii",NA,"O","N","20090617"
"9G","1st","","panicum.astrosanguinum",NA,"O","N","20090617"
"9G","1st","","setaria.acromelaena..small.",NA,"O","N","20090617"
"9G","1st","","setaria.sphaecealata..big.",NA,"O","N","20090617"
"9G","1st","","sporobolus.pyramidalis",NA,"O","N","20090617"
"9G","1st","","tragus.berteronianus",NA,"O","N","20090617"
"9G","1st","","x_3",NA,"O","N","20090617"
"9G","1st","","acalypha.crenata",NA,"O","N","20090617"
"9G","1st","","aerva.lanata",NA,"O","N","20090617"
"9G","1st","","amaranthus.hibridus",NA,"O","N","20090617"
"9G","1st","","aspilia.pluriseta",NA,"O","N","20090617"
"9G","1st","","asterolinon.adoense..v.",NA,"O","N","20090617"
"9G","1st","","caralluma.acutangula",NA,"O","N","20090617"
"9G","1st","","chenopodium.opulifolium",NA,"O","N","20090617"
"9G","1st","","chenopodium.schraderianum",NA,"O","N","20090617"
"9G","1st","","commelina.spp",NA,"O","N","20090617"
"9G","1st","","commicarpus.pedunculosus",NA,"O","N","20090617"
"9G","1st","","conyza.sp",NA,"O","N","20090617"
"9G","1st","","corchorus.sp",NA,"O","N","20090617"
"9G","1st","","crotelaria.sp",NA,"O","N","20090617"
"9G","1st","","cyathula.orthacantha",NA,"O","N","20090617"
"9G","1st","","dyscoriste.radicans",NA,"O","N","20090617"
"9G","1st","","euphorbia.inaequilatera",NA,"O","N","20090617"
"9G","1st","","evolvulus.alsinoides",NA,"O","N","20090617"
"9G","1st","","fern",NA,"O","N","20090617"
"9G","1st","","gutenbergia.sp",NA,"O","N","20090617"
"9G","1st","","hermannia.uhligii",NA,"O","N","20090617"
"9G","1st","","hibiscus.flavifolius",NA,"O","N","20090617"
"9G","1st","","hibiscus.trionum",NA,"O","N","20090617"
"9G","1st","","indigofera.brevicalyx",NA,"O","N","20090617"
"9G","1st","","indigofera.schimperi",NA,"O","N","20090617"
"9G","1st","","ipomea.sinensis",NA,"O","N","20090617"
"9G","1st","","justicia.dichipteroides",NA,"O","N","20090617"
"9G","1st","","k",NA,"O","N","20090617"
"9G","1st","","kyllinga.sp",NA,"O","N","20090617"
"9G","1st","","leucas.glabrata",NA,"O","N","20090617"
"9G","1st","","leucas.martiniscensis",NA,"O","N","20090617"
"9G","1st","","lily.a",NA,"O","N","20090617"
"9G","1st","","lily.b",NA,"O","N","20090617"
"9G","1st","","lippia.javanica",NA,"O","N","20090617"
"9G","1st","","melhania.spp.",NA,"O","N","20090617"
"9G","1st","","misopates.orontium",NA,"O","N","20090617"
"9G","1st","","mollugo.nudicaulis",NA,"O","N","20090617"
"9G","1st","","monechima.debile",NA,"O","N","20090617"
"9G","1st","","monsonia.augustifolia",NA,"O","N","20090617"
"9G","1st","","ocimum.sp",NA,"O","N","20090617"
"9G","1st","","osteospermum.vaillantii",NA,"O","N","20090617"
"9G","1st","","oxygonum.sinuatum",NA,"O","N","20090617"
"9G","1st","","pavonia.patens",NA,"O","N","20090617"
"9G","1st","","pelargonium.alchemilloides",NA,"O","N","20090617"
"9G","1st","","pentanisia.ouranogyne",NA,"O","N","20090617"
"9G","1st","","phyllanthus.maderaspatensis",NA,"O","N","20090617"
"9G","1st","","plectranthus.spp",NA,"O","N","20090617"
"9G","1st","","pollichia.campestris",NA,"O","N","20090617"
"9G","1st","","polygala..l.",NA,"O","N","20090617"
"9G","1st","","polygala.sphenoptera",NA,"O","N","20090617"
"9G","1st","","portulaca.oleracea",NA,"O","N","20090617"
"9G","1st","","portulaca.quadrifida",NA,"O","N","20090617"
"9G","1st","","pseudognaphalium..helichrysum.glumaceum.",NA,"O","N","20090617"
"9G","1st","","psilotrichum.schimperi",NA,"O","N","20090617"
"9G","1st","","rhinacanthus.ndorensis",NA,"O","N","20090617"
"9G","1st","","rhynchosia.holstii",NA,"O","N","20090617"
"9G","1st","","schkuhria.pinnata",NA,"O","N","20090617"
"9G","1st","","sida.2",NA,"O","N","20090617"
"9G","1st","","sida.cuneifolia",NA,"O","N","20090617"
"9G","1st","","solanum.incanum",NA,"O","N","20090617"
"9G","1st","","solanum.indicum",NA,"O","N","20090617"
"9G","1st","","tribulus.terrestris",NA,"O","N","20090617"
"9G","1st","","u",NA,"O","N","20090617"
"9G","1st","","w",NA,"O","N","20090617"
"9G","1st","","x_4",NA,"O","N","20090617"
"9G","1st","","x_5",NA,"O","N","20090617"
"9G","1st","","x_6",NA,"O","N","20090617"
"9G","1st","","x_7",NA,"O","N","20090617"
"9G","1st","","x_8",NA,"O","N","20090617"
"9I","1st","","bracharia.lacnantha",NA,"O","N","20090617"
"9I","1st","","lintonia.nutans",NA,"O","N","20090617"
"9I","1st","","pennisetum.mezianum",NA,"O","N","20090617"
"9I","1st","","pennisetum.straminium",NA,"O","N","20090617"
"9I","1st","","themeda.triandra",NA,"O","N","20090617"
"9I","1st","","bare",NA,"O","N","20090617"
"9I","1st","","x_2",NA,"O","N","20090617"
"9I","1st","","aristida.kenyensis",NA,"O","N","20090617"
"9I","1st","","bothriochloa.insculpta",NA,"O","N","20090617"
"9I","1st","","bracharia.3",NA,"O","N","20090617"
"9I","1st","","bracharia.eruciformis",NA,"O","N","20090617"
"9I","1st","","chloris.sp",NA,"O","N","20090617"
"9I","1st","","cynodon.dactylon",NA,"O","N","20090617"
"9I","1st","","cynodon.plectostachyus",NA,"O","N","20090617"
"9I","1st","","cyperus...mariscus.spp",NA,"O","N","20090617"
"9I","1st","","digitaria.2",NA,"O","N","20090617"
"9I","1st","","digitaria.milanjiana",NA,"O","N","20090617"
"9I","1st","","dinebra.retroflexa",NA,"O","N","20090617"
"9I","1st","","eragrostis.tenuifolia",NA,"O","N","20090617"
"9I","1st","","harpachne.schimperi",NA,"O","N","20090617"
"9I","1st","","microchloa.kunthii",NA,"O","N","20090617"
"9I","1st","","panicum.astrosanguinum",NA,"O","N","20090617"
"9I","1st","","setaria.acromelaena..small.",NA,"O","N","20090617"
"9I","1st","","setaria.sphaecealata..big.",NA,"O","N","20090617"
"9I","1st","","sporobolus.pyramidalis",NA,"O","N","20090617"
"9I","1st","","tragus.berteronianus",NA,"O","N","20090617"
"9I","1st","","x_3",NA,"O","N","20090617"
"9I","1st","","acalypha.crenata",NA,"O","N","20090617"
"9I","1st","","aerva.lanata",1,"O","N","20090617"
"9I","1st","","amaranthus.hibridus",NA,"O","N","20090617"
"9I","1st","","aspilia.pluriseta",NA,"O","N","20090617"
"9I","1st","","asterolinon.adoense..v.",NA,"O","N","20090617"
"9I","1st","","caralluma.acutangula",NA,"O","N","20090617"
"9I","1st","","chenopodium.opulifolium",NA,"O","N","20090617"
"9I","1st","","chenopodium.schraderianum",NA,"O","N","20090617"
"9I","1st","","commelina.spp",NA,"O","N","20090617"
"9I","1st","","commicarpus.pedunculosus",NA,"O","N","20090617"
"9I","1st","","conyza.sp",NA,"O","N","20090617"
"9I","1st","","corchorus.sp",NA,"O","N","20090617"
"9I","1st","","crotelaria.sp",NA,"O","N","20090617"
"9I","1st","","cyathula.orthacantha",NA,"O","N","20090617"
"9I","1st","","dyscoriste.radicans",NA,"O","N","20090617"
"9I","1st","","euphorbia.inaequilatera",NA,"O","N","20090617"
"9I","1st","","evolvulus.alsinoides",NA,"O","N","20090617"
"9I","1st","","fern",NA,"O","N","20090617"
"9I","1st","","gutenbergia.sp",NA,"O","N","20090617"
"9I","1st","","hermannia.uhligii",NA,"O","N","20090617"
"9I","1st","","hibiscus.flavifolius",NA,"O","N","20090617"
"9I","1st","","hibiscus.trionum",NA,"O","N","20090617"
"9I","1st","","indigofera.brevicalyx",NA,"O","N","20090617"
"9I","1st","","indigofera.schimperi",NA,"O","N","20090617"
"9I","1st","","ipomea.sinensis",NA,"O","N","20090617"
"9I","1st","","justicia.dichipteroides",NA,"O","N","20090617"
"9I","1st","","k",NA,"O","N","20090617"
"9I","1st","","kyllinga.sp",NA,"O","N","20090617"
"9I","1st","","leucas.glabrata",NA,"O","N","20090617"
"9I","1st","","leucas.martiniscensis",NA,"O","N","20090617"
"9I","1st","","lily.a",NA,"O","N","20090617"
"9I","1st","","lily.b",NA,"O","N","20090617"
"9I","1st","","lippia.javanica",NA,"O","N","20090617"
"9I","1st","","melhania.spp.",NA,"O","N","20090617"
"9I","1st","","misopates.orontium",NA,"O","N","20090617"
"9I","1st","","mollugo.nudicaulis",NA,"O","N","20090617"
"9I","1st","","monechima.debile",NA,"O","N","20090617"
"9I","1st","","monsonia.augustifolia",NA,"O","N","20090617"
"9I","1st","","ocimum.sp",NA,"O","N","20090617"
"9I","1st","","osteospermum.vaillantii",NA,"O","N","20090617"
"9I","1st","","oxygonum.sinuatum",NA,"O","N","20090617"
"9I","1st","","pavonia.patens",NA,"O","N","20090617"
"9I","1st","","pelargonium.alchemilloides",NA,"O","N","20090617"
"9I","1st","","pentanisia.ouranogyne",NA,"O","N","20090617"
"9I","1st","","phyllanthus.maderaspatensis",NA,"O","N","20090617"
"9I","1st","","plectranthus.spp",NA,"O","N","20090617"
"9I","1st","","pollichia.campestris",NA,"O","N","20090617"
"9I","1st","","polygala..l.",NA,"O","N","20090617"
"9I","1st","","polygala.sphenoptera",NA,"O","N","20090617"
"9I","1st","","portulaca.oleracea",NA,"O","N","20090617"
"9I","1st","","portulaca.quadrifida",NA,"O","N","20090617"
"9I","1st","","pseudognaphalium..helichrysum.glumaceum.",1,"O","N","20090617"
"9I","1st","","psilotrichum.schimperi",NA,"O","N","20090617"
"9I","1st","","rhinacanthus.ndorensis",NA,"O","N","20090617"
"9I","1st","","rhynchosia.holstii",NA,"O","N","20090617"
"9I","1st","","schkuhria.pinnata",NA,"O","N","20090617"
"9I","1st","","sida.2",NA,"O","N","20090617"
"9I","1st","","sida.cuneifolia",NA,"O","N","20090617"
"9I","1st","","solanum.incanum",NA,"O","N","20090617"
"9I","1st","","solanum.indicum",NA,"O","N","20090617"
"9I","1st","","tribulus.terrestris",NA,"O","N","20090617"
"9I","1st","","u",NA,"O","N","20090617"
"9I","1st","","w",NA,"O","N","20090617"
"9I","1st","","x_4",NA,"O","N","20090617"
"9I","1st","","x_5",NA,"O","N","20090617"
"9I","1st","","x_6",NA,"O","N","20090617"
"9I","1st","","x_7",NA,"O","N","20090617"
"9I","1st","","x_8",NA,"O","N","20090617"
"10J","1st","","bracharia.lacnantha",NA,"O","N","20090617"
"10J","1st","","lintonia.nutans",NA,"O","N","20090617"
"10J","1st","","pennisetum.mezianum",NA,"O","N","20090617"
"10J","1st","","pennisetum.straminium",NA,"O","N","20090617"
"10J","1st","","themeda.triandra",NA,"O","N","20090617"
"10J","1st","","bare",6,"O","N","20090617"
"10J","1st","","x_2",NA,"O","N","20090617"
"10J","1st","","aristida.kenyensis",NA,"O","N","20090617"
"10J","1st","","bothriochloa.insculpta",NA,"O","N","20090617"
"10J","1st","","bracharia.3",NA,"O","N","20090617"
"10J","1st","","bracharia.eruciformis",NA,"O","N","20090617"
"10J","1st","","chloris.sp",NA,"O","N","20090617"
"10J","1st","","cynodon.dactylon",NA,"O","N","20090617"
"10J","1st","","cynodon.plectostachyus",NA,"O","N","20090617"
"10J","1st","","cyperus...mariscus.spp",NA,"O","N","20090617"
"10J","1st","","digitaria.2",NA,"O","N","20090617"
"10J","1st","","digitaria.milanjiana",NA,"O","N","20090617"
"10J","1st","","dinebra.retroflexa",NA,"O","N","20090617"
"10J","1st","","eragrostis.tenuifolia",NA,"O","N","20090617"
"10J","1st","","harpachne.schimperi",NA,"O","N","20090617"
"10J","1st","","microchloa.kunthii",NA,"O","N","20090617"
"10J","1st","","panicum.astrosanguinum",NA,"O","N","20090617"
"10J","1st","","setaria.acromelaena..small.",NA,"O","N","20090617"
"10J","1st","","setaria.sphaecealata..big.",NA,"O","N","20090617"
"10J","1st","","sporobolus.pyramidalis",NA,"O","N","20090617"
"10J","1st","","tragus.berteronianus",NA,"O","N","20090617"
"10J","1st","","x_3",NA,"O","N","20090617"
"10J","1st","","acalypha.crenata",NA,"O","N","20090617"
"10J","1st","","aerva.lanata",NA,"O","N","20090617"
"10J","1st","","amaranthus.hibridus",NA,"O","N","20090617"
"10J","1st","","aspilia.pluriseta",NA,"O","N","20090617"
"10J","1st","","asterolinon.adoense..v.",NA,"O","N","20090617"
"10J","1st","","caralluma.acutangula",NA,"O","N","20090617"
"10J","1st","","chenopodium.opulifolium",NA,"O","N","20090617"
"10J","1st","","chenopodium.schraderianum",NA,"O","N","20090617"
"10J","1st","","commelina.spp",NA,"O","N","20090617"
"10J","1st","","commicarpus.pedunculosus",NA,"O","N","20090617"
"10J","1st","","conyza.sp",NA,"O","N","20090617"
"10J","1st","","corchorus.sp",NA,"O","N","20090617"
"10J","1st","","crotelaria.sp",NA,"O","N","20090617"
"10J","1st","","cyathula.orthacantha",NA,"O","N","20090617"
"10J","1st","","dyscoriste.radicans",NA,"O","N","20090617"
"10J","1st","","euphorbia.inaequilatera",NA,"O","N","20090617"
"10J","1st","","evolvulus.alsinoides",NA,"O","N","20090617"
"10J","1st","","fern",NA,"O","N","20090617"
"10J","1st","","gutenbergia.sp",NA,"O","N","20090617"
"10J","1st","","hermannia.uhligii",NA,"O","N","20090617"
"10J","1st","","hibiscus.flavifolius",NA,"O","N","20090617"
"10J","1st","","hibiscus.trionum",NA,"O","N","20090617"
"10J","1st","","indigofera.brevicalyx",NA,"O","N","20090617"
"10J","1st","","indigofera.schimperi",NA,"O","N","20090617"
"10J","1st","","ipomea.sinensis",NA,"O","N","20090617"
"10J","1st","","justicia.dichipteroides",NA,"O","N","20090617"
"10J","1st","","k",NA,"O","N","20090617"
"10J","1st","","kyllinga.sp",NA,"O","N","20090617"
"10J","1st","","leucas.glabrata",NA,"O","N","20090617"
"10J","1st","","leucas.martiniscensis",NA,"O","N","20090617"
"10J","1st","","lily.a",NA,"O","N","20090617"
"10J","1st","","lily.b",NA,"O","N","20090617"
"10J","1st","","lippia.javanica",NA,"O","N","20090617"
"10J","1st","","melhania.spp.",NA,"O","N","20090617"
"10J","1st","","misopates.orontium",NA,"O","N","20090617"
"10J","1st","","mollugo.nudicaulis",NA,"O","N","20090617"
"10J","1st","","monechima.debile",NA,"O","N","20090617"
"10J","1st","","monsonia.augustifolia",NA,"O","N","20090617"
"10J","1st","","ocimum.sp",NA,"O","N","20090617"
"10J","1st","","osteospermum.vaillantii",NA,"O","N","20090617"
"10J","1st","","oxygonum.sinuatum",NA,"O","N","20090617"
"10J","1st","","pavonia.patens",NA,"O","N","20090617"
"10J","1st","","pelargonium.alchemilloides",NA,"O","N","20090617"
"10J","1st","","pentanisia.ouranogyne",NA,"O","N","20090617"
"10J","1st","","phyllanthus.maderaspatensis",NA,"O","N","20090617"
"10J","1st","","plectranthus.spp",NA,"O","N","20090617"
"10J","1st","","pollichia.campestris",NA,"O","N","20090617"
"10J","1st","","polygala..l.",NA,"O","N","20090617"
"10J","1st","","polygala.sphenoptera",NA,"O","N","20090617"
"10J","1st","","portulaca.oleracea",NA,"O","N","20090617"
"10J","1st","","portulaca.quadrifida",NA,"O","N","20090617"
"10J","1st","","pseudognaphalium..helichrysum.glumaceum.",1,"O","N","20090617"
"10J","1st","","psilotrichum.schimperi",NA,"O","N","20090617"
"10J","1st","","rhinacanthus.ndorensis",NA,"O","N","20090617"
"10J","1st","","rhynchosia.holstii",2,"O","N","20090617"
"10J","1st","","schkuhria.pinnata",NA,"O","N","20090617"
"10J","1st","","sida.2",NA,"O","N","20090617"
"10J","1st","","sida.cuneifolia",NA,"O","N","20090617"
"10J","1st","","solanum.incanum",NA,"O","N","20090617"
"10J","1st","","solanum.indicum",NA,"O","N","20090617"
"10J","1st","","tribulus.terrestris",NA,"O","N","20090617"
"10J","1st","","u",NA,"O","N","20090617"
"10J","1st","","w",NA,"O","N","20090617"
"10J","1st","","x_4",NA,"O","N","20090617"
"10J","1st","","x_5",NA,"O","N","20090617"
"10J","1st","","x_6",NA,"O","N","20090617"
"10J","1st","","x_7",NA,"O","N","20090617"
"10J","1st","","x_8",NA,"O","N","20090617"
"10H","1st","","bracharia.lacnantha",NA,"O","N","20090617"
"10H","1st","","lintonia.nutans",NA,"O","N","20090617"
"10H","1st","","pennisetum.mezianum",NA,"O","N","20090617"
"10H","1st","","pennisetum.straminium",NA,"O","N","20090617"
"10H","1st","","themeda.triandra",NA,"O","N","20090617"
"10H","1st","","bare",1,"O","N","20090617"
"10H","1st","","x_2",NA,"O","N","20090617"
"10H","1st","","aristida.kenyensis",NA,"O","N","20090617"
"10H","1st","","bothriochloa.insculpta",NA,"O","N","20090617"
"10H","1st","","bracharia.3",NA,"O","N","20090617"
"10H","1st","","bracharia.eruciformis",NA,"O","N","20090617"
"10H","1st","","chloris.sp",NA,"O","N","20090617"
"10H","1st","","cynodon.dactylon",NA,"O","N","20090617"
"10H","1st","","cynodon.plectostachyus",NA,"O","N","20090617"
"10H","1st","","cyperus...mariscus.spp",NA,"O","N","20090617"
"10H","1st","","digitaria.2",NA,"O","N","20090617"
"10H","1st","","digitaria.milanjiana",NA,"O","N","20090617"
"10H","1st","","dinebra.retroflexa",NA,"O","N","20090617"
"10H","1st","","eragrostis.tenuifolia",NA,"O","N","20090617"
"10H","1st","","harpachne.schimperi",NA,"O","N","20090617"
"10H","1st","","microchloa.kunthii",NA,"O","N","20090617"
"10H","1st","","panicum.astrosanguinum",NA,"O","N","20090617"
"10H","1st","","setaria.acromelaena..small.",NA,"O","N","20090617"
"10H","1st","","setaria.sphaecealata..big.",NA,"O","N","20090617"
"10H","1st","","sporobolus.pyramidalis",NA,"O","N","20090617"
"10H","1st","","tragus.berteronianus",NA,"O","N","20090617"
"10H","1st","","x_3",NA,"O","N","20090617"
"10H","1st","","acalypha.crenata",NA,"O","N","20090617"
"10H","1st","","aerva.lanata",NA,"O","N","20090617"
"10H","1st","","amaranthus.hibridus",NA,"O","N","20090617"
"10H","1st","","aspilia.pluriseta",NA,"O","N","20090617"
"10H","1st","","asterolinon.adoense..v.",NA,"O","N","20090617"
"10H","1st","","caralluma.acutangula",NA,"O","N","20090617"
"10H","1st","","chenopodium.opulifolium",NA,"O","N","20090617"
"10H","1st","","chenopodium.schraderianum",NA,"O","N","20090617"
"10H","1st","","commelina.spp",NA,"O","N","20090617"
"10H","1st","","commicarpus.pedunculosus",NA,"O","N","20090617"
"10H","1st","","conyza.sp",NA,"O","N","20090617"
"10H","1st","","corchorus.sp",NA,"O","N","20090617"
"10H","1st","","crotelaria.sp",NA,"O","N","20090617"
"10H","1st","","cyathula.orthacantha",NA,"O","N","20090617"
"10H","1st","","dyscoriste.radicans",NA,"O","N","20090617"
"10H","1st","","euphorbia.inaequilatera",NA,"O","N","20090617"
"10H","1st","","evolvulus.alsinoides",NA,"O","N","20090617"
"10H","1st","","fern",NA,"O","N","20090617"
"10H","1st","","gutenbergia.sp",NA,"O","N","20090617"
"10H","1st","","hermannia.uhligii",NA,"O","N","20090617"
"10H","1st","","hibiscus.flavifolius",NA,"O","N","20090617"
"10H","1st","","hibiscus.trionum",NA,"O","N","20090617"
"10H","1st","","indigofera.brevicalyx",NA,"O","N","20090617"
"10H","1st","","indigofera.schimperi",NA,"O","N","20090617"
"10H","1st","","ipomea.sinensis",NA,"O","N","20090617"
"10H","1st","","justicia.dichipteroides",NA,"O","N","20090617"
"10H","1st","","k",NA,"O","N","20090617"
"10H","1st","","kyllinga.sp",NA,"O","N","20090617"
"10H","1st","","leucas.glabrata",NA,"O","N","20090617"
"10H","1st","","leucas.martiniscensis",NA,"O","N","20090617"
"10H","1st","","lily.a",NA,"O","N","20090617"
"10H","1st","","lily.b",NA,"O","N","20090617"
"10H","1st","","lippia.javanica",NA,"O","N","20090617"
"10H","1st","","melhania.spp.",NA,"O","N","20090617"
"10H","1st","","misopates.orontium",NA,"O","N","20090617"
"10H","1st","","mollugo.nudicaulis",NA,"O","N","20090617"
"10H","1st","","monechima.debile",NA,"O","N","20090617"
"10H","1st","","monsonia.augustifolia",NA,"O","N","20090617"
"10H","1st","","ocimum.sp",NA,"O","N","20090617"
"10H","1st","","osteospermum.vaillantii",NA,"O","N","20090617"
"10H","1st","","oxygonum.sinuatum",NA,"O","N","20090617"
"10H","1st","","pavonia.patens",NA,"O","N","20090617"
"10H","1st","","pelargonium.alchemilloides",NA,"O","N","20090617"
"10H","1st","","pentanisia.ouranogyne",NA,"O","N","20090617"
"10H","1st","","phyllanthus.maderaspatensis",NA,"O","N","20090617"
"10H","1st","","plectranthus.spp",NA,"O","N","20090617"
"10H","1st","","pollichia.campestris",NA,"O","N","20090617"
"10H","1st","","polygala..l.",NA,"O","N","20090617"
"10H","1st","","polygala.sphenoptera",NA,"O","N","20090617"
"10H","1st","","portulaca.oleracea",NA,"O","N","20090617"
"10H","1st","","portulaca.quadrifida",NA,"O","N","20090617"
"10H","1st","","pseudognaphalium..helichrysum.glumaceum.",7,"O","N","20090617"
"10H","1st","","psilotrichum.schimperi",NA,"O","N","20090617"
"10H","1st","","rhinacanthus.ndorensis",NA,"O","N","20090617"
"10H","1st","","rhynchosia.holstii",NA,"O","N","20090617"
"10H","1st","","schkuhria.pinnata",NA,"O","N","20090617"
"10H","1st","","sida.2",NA,"O","N","20090617"
"10H","1st","","sida.cuneifolia",NA,"O","N","20090617"
"10H","1st","","solanum.incanum",NA,"O","N","20090617"
"10H","1st","","solanum.indicum",NA,"O","N","20090617"
"10H","1st","","tribulus.terrestris",NA,"O","N","20090617"
"10H","1st","","u",NA,"O","N","20090617"
"10H","1st","","w",NA,"O","N","20090617"
"10H","1st","","x_4",NA,"O","N","20090617"
"10H","1st","","x_5",NA,"O","N","20090617"
"10H","1st","","x_6",NA,"O","N","20090617"
"10H","1st","","x_7",NA,"O","N","20090617"
"10H","1st","","x_8",NA,"O","N","20090617"
"10F","1st","","bracharia.lacnantha",NA,"O","N","20090617"
"10F","1st","","lintonia.nutans",NA,"O","N","20090617"
"10F","1st","","pennisetum.mezianum",NA,"O","N","20090617"
"10F","1st","","pennisetum.straminium",NA,"O","N","20090617"
"10F","1st","","themeda.triandra",NA,"O","N","20090617"
"10F","1st","","bare",NA,"O","N","20090617"
"10F","1st","","x_2",NA,"O","N","20090617"
"10F","1st","","aristida.kenyensis",NA,"O","N","20090617"
"10F","1st","","bothriochloa.insculpta",NA,"O","N","20090617"
"10F","1st","","bracharia.3",NA,"O","N","20090617"
"10F","1st","","bracharia.eruciformis",NA,"O","N","20090617"
"10F","1st","","chloris.sp",NA,"O","N","20090617"
"10F","1st","","cynodon.dactylon",NA,"O","N","20090617"
"10F","1st","","cynodon.plectostachyus",NA,"O","N","20090617"
"10F","1st","","cyperus...mariscus.spp",NA,"O","N","20090617"
"10F","1st","","digitaria.2",NA,"O","N","20090617"
"10F","1st","","digitaria.milanjiana",NA,"O","N","20090617"
"10F","1st","","dinebra.retroflexa",NA,"O","N","20090617"
"10F","1st","","eragrostis.tenuifolia",NA,"O","N","20090617"
"10F","1st","","harpachne.schimperi",NA,"O","N","20090617"
"10F","1st","","microchloa.kunthii",NA,"O","N","20090617"
"10F","1st","","panicum.astrosanguinum",NA,"O","N","20090617"
"10F","1st","","setaria.acromelaena..small.",NA,"O","N","20090617"
"10F","1st","","setaria.sphaecealata..big.",NA,"O","N","20090617"
"10F","1st","","sporobolus.pyramidalis",NA,"O","N","20090617"
"10F","1st","","tragus.berteronianus",NA,"O","N","20090617"
"10F","1st","","x_3",NA,"O","N","20090617"
"10F","1st","","acalypha.crenata",NA,"O","N","20090617"
"10F","1st","","aerva.lanata",NA,"O","N","20090617"
"10F","1st","","amaranthus.hibridus",NA,"O","N","20090617"
"10F","1st","","aspilia.pluriseta",NA,"O","N","20090617"
"10F","1st","","asterolinon.adoense..v.",NA,"O","N","20090617"
"10F","1st","","caralluma.acutangula",NA,"O","N","20090617"
"10F","1st","","chenopodium.opulifolium",NA,"O","N","20090617"
"10F","1st","","chenopodium.schraderianum",NA,"O","N","20090617"
"10F","1st","","commelina.spp",NA,"O","N","20090617"
"10F","1st","","commicarpus.pedunculosus",NA,"O","N","20090617"
"10F","1st","","conyza.sp",NA,"O","N","20090617"
"10F","1st","","corchorus.sp",NA,"O","N","20090617"
"10F","1st","","crotelaria.sp",NA,"O","N","20090617"
"10F","1st","","cyathula.orthacantha",NA,"O","N","20090617"
"10F","1st","","dyscoriste.radicans",NA,"O","N","20090617"
"10F","1st","","euphorbia.inaequilatera",NA,"O","N","20090617"
"10F","1st","","evolvulus.alsinoides",NA,"O","N","20090617"
"10F","1st","","fern",NA,"O","N","20090617"
"10F","1st","","gutenbergia.sp",NA,"O","N","20090617"
"10F","1st","","hermannia.uhligii",NA,"O","N","20090617"
"10F","1st","","hibiscus.flavifolius",NA,"O","N","20090617"
"10F","1st","","hibiscus.trionum",NA,"O","N","20090617"
"10F","1st","","indigofera.brevicalyx",NA,"O","N","20090617"
"10F","1st","","indigofera.schimperi",NA,"O","N","20090617"
"10F","1st","","ipomea.sinensis",NA,"O","N","20090617"
"10F","1st","","justicia.dichipteroides",NA,"O","N","20090617"
"10F","1st","","k",NA,"O","N","20090617"
"10F","1st","","kyllinga.sp",NA,"O","N","20090617"
"10F","1st","","leucas.glabrata",NA,"O","N","20090617"
"10F","1st","","leucas.martiniscensis",NA,"O","N","20090617"
"10F","1st","","lily.a",NA,"O","N","20090617"
"10F","1st","","lily.b",NA,"O","N","20090617"
"10F","1st","","lippia.javanica",NA,"O","N","20090617"
"10F","1st","","melhania.spp.",NA,"O","N","20090617"
"10F","1st","","misopates.orontium",NA,"O","N","20090617"
"10F","1st","","mollugo.nudicaulis",NA,"O","N","20090617"
"10F","1st","","monechima.debile",NA,"O","N","20090617"
"10F","1st","","monsonia.augustifolia",NA,"O","N","20090617"
"10F","1st","","ocimum.sp",NA,"O","N","20090617"
"10F","1st","","osteospermum.vaillantii",NA,"O","N","20090617"
"10F","1st","","oxygonum.sinuatum",NA,"O","N","20090617"
"10F","1st","","pavonia.patens",NA,"O","N","20090617"
"10F","1st","","pelargonium.alchemilloides",NA,"O","N","20090617"
"10F","1st","","pentanisia.ouranogyne",NA,"O","N","20090617"
"10F","1st","","phyllanthus.maderaspatensis",NA,"O","N","20090617"
"10F","1st","","plectranthus.spp",NA,"O","N","20090617"
"10F","1st","","pollichia.campestris",NA,"O","N","20090617"
"10F","1st","","polygala..l.",NA,"O","N","20090617"
"10F","1st","","polygala.sphenoptera",NA,"O","N","20090617"
"10F","1st","","portulaca.oleracea",NA,"O","N","20090617"
"10F","1st","","portulaca.quadrifida",NA,"O","N","20090617"
"10F","1st","","pseudognaphalium..helichrysum.glumaceum.",NA,"O","N","20090617"
"10F","1st","","psilotrichum.schimperi",NA,"O","N","20090617"
"10F","1st","","rhinacanthus.ndorensis",NA,"O","N","20090617"
"10F","1st","","rhynchosia.holstii",3,"O","N","20090617"
"10F","1st","","schkuhria.pinnata",NA,"O","N","20090617"
"10F","1st","","sida.2",NA,"O","N","20090617"
"10F","1st","","sida.cuneifolia",NA,"O","N","20090617"
"10F","1st","","solanum.incanum",NA,"O","N","20090617"
"10F","1st","","solanum.indicum",NA,"O","N","20090617"
"10F","1st","","tribulus.terrestris",NA,"O","N","20090617"
"10F","1st","","u",NA,"O","N","20090617"
"10F","1st","","w",NA,"O","N","20090617"
"10F","1st","","x_4",NA,"O","N","20090617"
"10F","1st","","x_5",NA,"O","N","20090617"
"10F","1st","","x_6",NA,"O","N","20090617"
"10F","1st","","x_7",NA,"O","N","20090617"
"10F","1st","","x_8",NA,"O","N","20090617"
"10D","1st","","bracharia.lacnantha",NA,"O","N","20090617"
"10D","1st","","lintonia.nutans",NA,"O","N","20090617"
"10D","1st","","pennisetum.mezianum",NA,"O","N","20090617"
"10D","1st","","pennisetum.straminium",NA,"O","N","20090617"
"10D","1st","","themeda.triandra",NA,"O","N","20090617"
"10D","1st","","bare",8,"O","N","20090617"
"10D","1st","","x_2",NA,"O","N","20090617"
"10D","1st","","aristida.kenyensis",NA,"O","N","20090617"
"10D","1st","","bothriochloa.insculpta",NA,"O","N","20090617"
"10D","1st","","bracharia.3",NA,"O","N","20090617"
"10D","1st","","bracharia.eruciformis",NA,"O","N","20090617"
"10D","1st","","chloris.sp",NA,"O","N","20090617"
"10D","1st","","cynodon.dactylon",NA,"O","N","20090617"
"10D","1st","","cynodon.plectostachyus",NA,"O","N","20090617"
"10D","1st","","cyperus...mariscus.spp",NA,"O","N","20090617"
"10D","1st","","digitaria.2",NA,"O","N","20090617"
"10D","1st","","digitaria.milanjiana",NA,"O","N","20090617"
"10D","1st","","dinebra.retroflexa",NA,"O","N","20090617"
"10D","1st","","eragrostis.tenuifolia",NA,"O","N","20090617"
"10D","1st","","harpachne.schimperi",NA,"O","N","20090617"
"10D","1st","","microchloa.kunthii",NA,"O","N","20090617"
"10D","1st","","panicum.astrosanguinum",NA,"O","N","20090617"
"10D","1st","","setaria.acromelaena..small.",NA,"O","N","20090617"
"10D","1st","","setaria.sphaecealata..big.",NA,"O","N","20090617"
"10D","1st","","sporobolus.pyramidalis",NA,"O","N","20090617"
"10D","1st","","tragus.berteronianus",NA,"O","N","20090617"
"10D","1st","","x_3",NA,"O","N","20090617"
"10D","1st","","acalypha.crenata",NA,"O","N","20090617"
"10D","1st","","aerva.lanata",NA,"O","N","20090617"
"10D","1st","","amaranthus.hibridus",NA,"O","N","20090617"
"10D","1st","","aspilia.pluriseta",NA,"O","N","20090617"
"10D","1st","","asterolinon.adoense..v.",NA,"O","N","20090617"
"10D","1st","","caralluma.acutangula",NA,"O","N","20090617"
"10D","1st","","chenopodium.opulifolium",NA,"O","N","20090617"
"10D","1st","","chenopodium.schraderianum",NA,"O","N","20090617"
"10D","1st","","commelina.spp",NA,"O","N","20090617"
"10D","1st","","commicarpus.pedunculosus",NA,"O","N","20090617"
"10D","1st","","conyza.sp",NA,"O","N","20090617"
"10D","1st","","corchorus.sp",NA,"O","N","20090617"
"10D","1st","","crotelaria.sp",NA,"O","N","20090617"
"10D","1st","","cyathula.orthacantha",NA,"O","N","20090617"
"10D","1st","","dyscoriste.radicans",NA,"O","N","20090617"
"10D","1st","","euphorbia.inaequilatera",NA,"O","N","20090617"
"10D","1st","","evolvulus.alsinoides",NA,"O","N","20090617"
"10D","1st","","fern",NA,"O","N","20090617"
"10D","1st","","gutenbergia.sp",NA,"O","N","20090617"
"10D","1st","","hermannia.uhligii",NA,"O","N","20090617"
"10D","1st","","hibiscus.flavifolius",NA,"O","N","20090617"
"10D","1st","","hibiscus.trionum",NA,"O","N","20090617"
"10D","1st","","indigofera.brevicalyx",NA,"O","N","20090617"
"10D","1st","","indigofera.schimperi",NA,"O","N","20090617"
"10D","1st","","ipomea.sinensis",NA,"O","N","20090617"
"10D","1st","","justicia.dichipteroides",NA,"O","N","20090617"
"10D","1st","","k",NA,"O","N","20090617"
"10D","1st","","kyllinga.sp",NA,"O","N","20090617"
"10D","1st","","leucas.glabrata",NA,"O","N","20090617"
"10D","1st","","leucas.martiniscensis",NA,"O","N","20090617"
"10D","1st","","lily.a",NA,"O","N","20090617"
"10D","1st","","lily.b",NA,"O","N","20090617"
"10D","1st","","lippia.javanica",NA,"O","N","20090617"
"10D","1st","","melhania.spp.",NA,"O","N","20090617"
"10D","1st","","misopates.orontium",NA,"O","N","20090617"
"10D","1st","","mollugo.nudicaulis",NA,"O","N","20090617"
"10D","1st","","monechima.debile",NA,"O","N","20090617"
"10D","1st","","monsonia.augustifolia",NA,"O","N","20090617"
"10D","1st","","ocimum.sp",NA,"O","N","20090617"
"10D","1st","","osteospermum.vaillantii",NA,"O","N","20090617"
"10D","1st","","oxygonum.sinuatum",NA,"O","N","20090617"
"10D","1st","","pavonia.patens",NA,"O","N","20090617"
"10D","1st","","pelargonium.alchemilloides",NA,"O","N","20090617"
"10D","1st","","pentanisia.ouranogyne",NA,"O","N","20090617"
"10D","1st","","phyllanthus.maderaspatensis",NA,"O","N","20090617"
"10D","1st","","plectranthus.spp",NA,"O","N","20090617"
"10D","1st","","pollichia.campestris",NA,"O","N","20090617"
"10D","1st","","polygala..l.",NA,"O","N","20090617"
"10D","1st","","polygala.sphenoptera",NA,"O","N","20090617"
"10D","1st","","portulaca.oleracea",NA,"O","N","20090617"
"10D","1st","","portulaca.quadrifida",NA,"O","N","20090617"
"10D","1st","","pseudognaphalium..helichrysum.glumaceum.",2,"O","N","20090617"
"10D","1st","","psilotrichum.schimperi",NA,"O","N","20090617"
"10D","1st","","rhinacanthus.ndorensis",NA,"O","N","20090617"
"10D","1st","","rhynchosia.holstii",NA,"O","N","20090617"
"10D","1st","","schkuhria.pinnata",NA,"O","N","20090617"
"10D","1st","","sida.2",NA,"O","N","20090617"
"10D","1st","","sida.cuneifolia",NA,"O","N","20090617"
"10D","1st","","solanum.incanum",NA,"O","N","20090617"
"10D","1st","","solanum.indicum",NA,"O","N","20090617"
"10D","1st","","tribulus.terrestris",NA,"O","N","20090617"
"10D","1st","","u",NA,"O","N","20090617"
"10D","1st","","w",NA,"O","N","20090617"
"10D","1st","","x_4",NA,"O","N","20090617"
"10D","1st","","x_5",NA,"O","N","20090617"
"10D","1st","","x_6",NA,"O","N","20090617"
"10D","1st","","x_7",NA,"O","N","20090617"
"10D","1st","","x_8",NA,"O","N","20090617"
"10B","1st","","bracharia.lacnantha",NA,"O","N","20090617"
"10B","1st","","lintonia.nutans",NA,"O","N","20090617"
"10B","1st","","pennisetum.mezianum",NA,"O","N","20090617"
"10B","1st","","pennisetum.straminium",NA,"O","N","20090617"
"10B","1st","","themeda.triandra",NA,"O","N","20090617"
"10B","1st","","bare",NA,"O","N","20090617"
"10B","1st","","x_2",NA,"O","N","20090617"
"10B","1st","","aristida.kenyensis",NA,"O","N","20090617"
"10B","1st","","bothriochloa.insculpta",NA,"O","N","20090617"
"10B","1st","","bracharia.3",NA,"O","N","20090617"
"10B","1st","","bracharia.eruciformis",NA,"O","N","20090617"
"10B","1st","","chloris.sp",NA,"O","N","20090617"
"10B","1st","","cynodon.dactylon",NA,"O","N","20090617"
"10B","1st","","cynodon.plectostachyus",NA,"O","N","20090617"
"10B","1st","","cyperus...mariscus.spp",NA,"O","N","20090617"
"10B","1st","","digitaria.2",NA,"O","N","20090617"
"10B","1st","","digitaria.milanjiana",NA,"O","N","20090617"
"10B","1st","","dinebra.retroflexa",NA,"O","N","20090617"
"10B","1st","","eragrostis.tenuifolia",NA,"O","N","20090617"
"10B","1st","","harpachne.schimperi",NA,"O","N","20090617"
"10B","1st","","microchloa.kunthii",NA,"O","N","20090617"
"10B","1st","","panicum.astrosanguinum",NA,"O","N","20090617"
"10B","1st","","setaria.acromelaena..small.",NA,"O","N","20090617"
"10B","1st","","setaria.sphaecealata..big.",NA,"O","N","20090617"
"10B","1st","","sporobolus.pyramidalis",NA,"O","N","20090617"
"10B","1st","","tragus.berteronianus",NA,"O","N","20090617"
"10B","1st","","x_3",NA,"O","N","20090617"
"10B","1st","","acalypha.crenata",NA,"O","N","20090617"
"10B","1st","","aerva.lanata",NA,"O","N","20090617"
"10B","1st","","amaranthus.hibridus",NA,"O","N","20090617"
"10B","1st","","aspilia.pluriseta",NA,"O","N","20090617"
"10B","1st","","asterolinon.adoense..v.",NA,"O","N","20090617"
"10B","1st","","caralluma.acutangula",NA,"O","N","20090617"
"10B","1st","","chenopodium.opulifolium",NA,"O","N","20090617"
"10B","1st","","chenopodium.schraderianum",NA,"O","N","20090617"
"10B","1st","","commelina.spp",NA,"O","N","20090617"
"10B","1st","","commicarpus.pedunculosus",NA,"O","N","20090617"
"10B","1st","","conyza.sp",NA,"O","N","20090617"
"10B","1st","","corchorus.sp",NA,"O","N","20090617"
"10B","1st","","crotelaria.sp",NA,"O","N","20090617"
"10B","1st","","cyathula.orthacantha",NA,"O","N","20090617"
"10B","1st","","dyscoriste.radicans",NA,"O","N","20090617"
"10B","1st","","euphorbia.inaequilatera",NA,"O","N","20090617"
"10B","1st","","evolvulus.alsinoides",NA,"O","N","20090617"
"10B","1st","","fern",NA,"O","N","20090617"
"10B","1st","","gutenbergia.sp",NA,"O","N","20090617"
"10B","1st","","hermannia.uhligii",NA,"O","N","20090617"
"10B","1st","","hibiscus.flavifolius",NA,"O","N","20090617"
"10B","1st","","hibiscus.trionum",NA,"O","N","20090617"
"10B","1st","","indigofera.brevicalyx",NA,"O","N","20090617"
"10B","1st","","indigofera.schimperi",NA,"O","N","20090617"
"10B","1st","","ipomea.sinensis",NA,"O","N","20090617"
"10B","1st","","justicia.dichipteroides",NA,"O","N","20090617"
"10B","1st","","k",NA,"O","N","20090617"
"10B","1st","","kyllinga.sp",NA,"O","N","20090617"
"10B","1st","","leucas.glabrata",NA,"O","N","20090617"
"10B","1st","","leucas.martiniscensis",NA,"O","N","20090617"
"10B","1st","","lily.a",NA,"O","N","20090617"
"10B","1st","","lily.b",NA,"O","N","20090617"
"10B","1st","","lippia.javanica",NA,"O","N","20090617"
"10B","1st","","melhania.spp.",NA,"O","N","20090617"
"10B","1st","","misopates.orontium",NA,"O","N","20090617"
"10B","1st","","mollugo.nudicaulis",NA,"O","N","20090617"
"10B","1st","","monechima.debile",NA,"O","N","20090617"
"10B","1st","","monsonia.augustifolia",NA,"O","N","20090617"
"10B","1st","","ocimum.sp",NA,"O","N","20090617"
"10B","1st","","osteospermum.vaillantii",NA,"O","N","20090617"
"10B","1st","","oxygonum.sinuatum",NA,"O","N","20090617"
"10B","1st","","pavonia.patens",NA,"O","N","20090617"
"10B","1st","","pelargonium.alchemilloides",NA,"O","N","20090617"
"10B","1st","","pentanisia.ouranogyne",NA,"O","N","20090617"
"10B","1st","","phyllanthus.maderaspatensis",NA,"O","N","20090617"
"10B","1st","","plectranthus.spp",NA,"O","N","20090617"
"10B","1st","","pollichia.campestris",NA,"O","N","20090617"
"10B","1st","","polygala..l.",NA,"O","N","20090617"
"10B","1st","","polygala.sphenoptera",NA,"O","N","20090617"
"10B","1st","","portulaca.oleracea",NA,"O","N","20090617"
"10B","1st","","portulaca.quadrifida",NA,"O","N","20090617"
"10B","1st","","pseudognaphalium..helichrysum.glumaceum.",2,"O","N","20090617"
"10B","1st","","psilotrichum.schimperi",NA,"O","N","20090617"
"10B","1st","","rhinacanthus.ndorensis",NA,"O","N","20090617"
"10B","1st","","rhynchosia.holstii",NA,"O","N","20090617"
"10B","1st","","schkuhria.pinnata",NA,"O","N","20090617"
"10B","1st","","sida.2",NA,"O","N","20090617"
"10B","1st","","sida.cuneifolia",NA,"O","N","20090617"
"10B","1st","","solanum.incanum",NA,"O","N","20090617"
"10B","1st","","solanum.indicum",NA,"O","N","20090617"
"10B","1st","","tribulus.terrestris",NA,"O","N","20090617"
"10B","1st","","u",NA,"O","N","20090617"
"10B","1st","","w",NA,"O","N","20090617"
"10B","1st","","x_4",NA,"O","N","20090617"
"10B","1st","","x_5",NA,"O","N","20090617"
"10B","1st","","x_6",NA,"O","N","20090617"
"10B","1st","","x_7",NA,"O","N","20090617"
"10B","1st","","x_8",NA,"O","N","20090617"
"1A","1st","","bracharia.lacnantha",NA,"W","N","20090618"
"1A","1st","","lintonia.nutans",NA,"W","N","20090618"
"1A","1st","","pennisetum.mezianum",NA,"W","N","20090618"
"1A","1st","","pennisetum.straminium",NA,"W","N","20090618"
"1A","1st","","themeda.triandra",NA,"W","N","20090618"
"1A","1st","","bare",5,"W","N","20090618"
"1A","1st","","x_2",NA,"W","N","20090618"
"1A","1st","","aristida.kenyensis",NA,"W","N","20090618"
"1A","1st","","bothriochloa.insculpta",NA,"W","N","20090618"
"1A","1st","","bracharia.3",NA,"W","N","20090618"
"1A","1st","","bracharia.eruciformis",NA,"W","N","20090618"
"1A","1st","","chloris.sp",NA,"W","N","20090618"
"1A","1st","","cynodon.dactylon",NA,"W","N","20090618"
"1A","1st","","cynodon.plectostachyus",NA,"W","N","20090618"
"1A","1st","","cyperus...mariscus.spp",NA,"W","N","20090618"
"1A","1st","","digitaria.2",NA,"W","N","20090618"
"1A","1st","","digitaria.milanjiana",NA,"W","N","20090618"
"1A","1st","","dinebra.retroflexa",NA,"W","N","20090618"
"1A","1st","","eragrostis.tenuifolia",NA,"W","N","20090618"
"1A","1st","","harpachne.schimperi",NA,"W","N","20090618"
"1A","1st","","microchloa.kunthii",NA,"W","N","20090618"
"1A","1st","","panicum.astrosanguinum",NA,"W","N","20090618"
"1A","1st","","setaria.acromelaena..small.",NA,"W","N","20090618"
"1A","1st","","setaria.sphaecealata..big.",NA,"W","N","20090618"
"1A","1st","","sporobolus.pyramidalis",NA,"W","N","20090618"
"1A","1st","","tragus.berteronianus",NA,"W","N","20090618"
"1A","1st","","x_3",NA,"W","N","20090618"
"1A","1st","","acalypha.crenata",NA,"W","N","20090618"
"1A","1st","","aerva.lanata",NA,"W","N","20090618"
"1A","1st","","amaranthus.hibridus",NA,"W","N","20090618"
"1A","1st","","aspilia.pluriseta",NA,"W","N","20090618"
"1A","1st","","asterolinon.adoense..v.",NA,"W","N","20090618"
"1A","1st","","caralluma.acutangula",NA,"W","N","20090618"
"1A","1st","","chenopodium.opulifolium",NA,"W","N","20090618"
"1A","1st","","chenopodium.schraderianum",NA,"W","N","20090618"
"1A","1st","","commelina.spp",NA,"W","N","20090618"
"1A","1st","","commicarpus.pedunculosus",NA,"W","N","20090618"
"1A","1st","","conyza.sp",NA,"W","N","20090618"
"1A","1st","","corchorus.sp",NA,"W","N","20090618"
"1A","1st","","crotelaria.sp",NA,"W","N","20090618"
"1A","1st","","cyathula.orthacantha",NA,"W","N","20090618"
"1A","1st","","dyscoriste.radicans",NA,"W","N","20090618"
"1A","1st","","euphorbia.inaequilatera",NA,"W","N","20090618"
"1A","1st","","evolvulus.alsinoides",NA,"W","N","20090618"
"1A","1st","","fern",NA,"W","N","20090618"
"1A","1st","","gutenbergia.sp",NA,"W","N","20090618"
"1A","1st","","hermannia.uhligii",NA,"W","N","20090618"
"1A","1st","","hibiscus.flavifolius",NA,"W","N","20090618"
"1A","1st","","hibiscus.trionum",NA,"W","N","20090618"
"1A","1st","","indigofera.brevicalyx",NA,"W","N","20090618"
"1A","1st","","indigofera.schimperi",NA,"W","N","20090618"
"1A","1st","","ipomea.sinensis",NA,"W","N","20090618"
"1A","1st","","justicia.dichipteroides",NA,"W","N","20090618"
"1A","1st","","k",NA,"W","N","20090618"
"1A","1st","","kyllinga.sp",NA,"W","N","20090618"
"1A","1st","","leucas.glabrata",NA,"W","N","20090618"
"1A","1st","","leucas.martiniscensis",NA,"W","N","20090618"
"1A","1st","","lily.a",NA,"W","N","20090618"
"1A","1st","","lily.b",NA,"W","N","20090618"
"1A","1st","","lippia.javanica",NA,"W","N","20090618"
"1A","1st","","melhania.spp.",NA,"W","N","20090618"
"1A","1st","","misopates.orontium",NA,"W","N","20090618"
"1A","1st","","mollugo.nudicaulis",NA,"W","N","20090618"
"1A","1st","","monechima.debile",NA,"W","N","20090618"
"1A","1st","","monsonia.augustifolia",NA,"W","N","20090618"
"1A","1st","","ocimum.sp",NA,"W","N","20090618"
"1A","1st","","osteospermum.vaillantii",NA,"W","N","20090618"
"1A","1st","","oxygonum.sinuatum",NA,"W","N","20090618"
"1A","1st","","pavonia.patens",NA,"W","N","20090618"
"1A","1st","","pelargonium.alchemilloides",NA,"W","N","20090618"
"1A","1st","","pentanisia.ouranogyne",NA,"W","N","20090618"
"1A","1st","","phyllanthus.maderaspatensis",NA,"W","N","20090618"
"1A","1st","","plectranthus.spp",NA,"W","N","20090618"
"1A","1st","","pollichia.campestris",NA,"W","N","20090618"
"1A","1st","","polygala..l.",NA,"W","N","20090618"
"1A","1st","","polygala.sphenoptera",NA,"W","N","20090618"
"1A","1st","","portulaca.oleracea",NA,"W","N","20090618"
"1A","1st","","portulaca.quadrifida",NA,"W","N","20090618"
"1A","1st","","pseudognaphalium..helichrysum.glumaceum.",1,"W","N","20090618"
"1A","1st","","psilotrichum.schimperi",NA,"W","N","20090618"
"1A","1st","","rhinacanthus.ndorensis",NA,"W","N","20090618"
"1A","1st","","rhynchosia.holstii",NA,"W","N","20090618"
"1A","1st","","schkuhria.pinnata",NA,"W","N","20090618"
"1A","1st","","sida.2",NA,"W","N","20090618"
"1A","1st","","sida.cuneifolia",NA,"W","N","20090618"
"1A","1st","","solanum.incanum",NA,"W","N","20090618"
"1A","1st","","solanum.indicum",NA,"W","N","20090618"
"1A","1st","","tribulus.terrestris",NA,"W","N","20090618"
"1A","1st","","u",NA,"W","N","20090618"
"1A","1st","","w",NA,"W","N","20090618"
"1A","1st","","x_4",NA,"W","N","20090618"
"1A","1st","","x_5",NA,"W","N","20090618"
"1A","1st","","x_6",NA,"W","N","20090618"
"1A","1st","","x_7",NA,"W","N","20090618"
"1A","1st","","x_8",NA,"W","N","20090618"
"1C","1st","","bracharia.lacnantha",NA,"W","N","20090618"
"1C","1st","","lintonia.nutans",NA,"W","N","20090618"
"1C","1st","","pennisetum.mezianum",NA,"W","N","20090618"
"1C","1st","","pennisetum.straminium",NA,"W","N","20090618"
"1C","1st","","themeda.triandra",NA,"W","N","20090618"
"1C","1st","","bare",1,"W","N","20090618"
"1C","1st","","x_2",NA,"W","N","20090618"
"1C","1st","","aristida.kenyensis",NA,"W","N","20090618"
"1C","1st","","bothriochloa.insculpta",NA,"W","N","20090618"
"1C","1st","","bracharia.3",NA,"W","N","20090618"
"1C","1st","","bracharia.eruciformis",NA,"W","N","20090618"
"1C","1st","","chloris.sp",NA,"W","N","20090618"
"1C","1st","","cynodon.dactylon",NA,"W","N","20090618"
"1C","1st","","cynodon.plectostachyus",NA,"W","N","20090618"
"1C","1st","","cyperus...mariscus.spp",NA,"W","N","20090618"
"1C","1st","","digitaria.2",NA,"W","N","20090618"
"1C","1st","","digitaria.milanjiana",NA,"W","N","20090618"
"1C","1st","","dinebra.retroflexa",NA,"W","N","20090618"
"1C","1st","","eragrostis.tenuifolia",NA,"W","N","20090618"
"1C","1st","","harpachne.schimperi",NA,"W","N","20090618"
"1C","1st","","microchloa.kunthii",NA,"W","N","20090618"
"1C","1st","","panicum.astrosanguinum",NA,"W","N","20090618"
"1C","1st","","setaria.acromelaena..small.",NA,"W","N","20090618"
"1C","1st","","setaria.sphaecealata..big.",NA,"W","N","20090618"
"1C","1st","","sporobolus.pyramidalis",NA,"W","N","20090618"
"1C","1st","","tragus.berteronianus",NA,"W","N","20090618"
"1C","1st","","x_3",NA,"W","N","20090618"
"1C","1st","","acalypha.crenata",NA,"W","N","20090618"
"1C","1st","","aerva.lanata",NA,"W","N","20090618"
"1C","1st","","amaranthus.hibridus",NA,"W","N","20090618"
"1C","1st","","aspilia.pluriseta",NA,"W","N","20090618"
"1C","1st","","asterolinon.adoense..v.",NA,"W","N","20090618"
"1C","1st","","caralluma.acutangula",NA,"W","N","20090618"
"1C","1st","","chenopodium.opulifolium",NA,"W","N","20090618"
"1C","1st","","chenopodium.schraderianum",NA,"W","N","20090618"
"1C","1st","","commelina.spp",NA,"W","N","20090618"
"1C","1st","","commicarpus.pedunculosus",NA,"W","N","20090618"
"1C","1st","","conyza.sp",NA,"W","N","20090618"
"1C","1st","","corchorus.sp",NA,"W","N","20090618"
"1C","1st","","crotelaria.sp",NA,"W","N","20090618"
"1C","1st","","cyathula.orthacantha",NA,"W","N","20090618"
"1C","1st","","dyscoriste.radicans",NA,"W","N","20090618"
"1C","1st","","euphorbia.inaequilatera",NA,"W","N","20090618"
"1C","1st","","evolvulus.alsinoides",NA,"W","N","20090618"
"1C","1st","","fern",NA,"W","N","20090618"
"1C","1st","","gutenbergia.sp",NA,"W","N","20090618"
"1C","1st","","hermannia.uhligii",NA,"W","N","20090618"
"1C","1st","","hibiscus.flavifolius",NA,"W","N","20090618"
"1C","1st","","hibiscus.trionum",NA,"W","N","20090618"
"1C","1st","","indigofera.brevicalyx",NA,"W","N","20090618"
"1C","1st","","indigofera.schimperi",NA,"W","N","20090618"
"1C","1st","","ipomea.sinensis",NA,"W","N","20090618"
"1C","1st","","justicia.dichipteroides",NA,"W","N","20090618"
"1C","1st","","k",NA,"W","N","20090618"
"1C","1st","","kyllinga.sp",NA,"W","N","20090618"
"1C","1st","","leucas.glabrata",NA,"W","N","20090618"
"1C","1st","","leucas.martiniscensis",NA,"W","N","20090618"
"1C","1st","","lily.a",NA,"W","N","20090618"
"1C","1st","","lily.b",NA,"W","N","20090618"
"1C","1st","","lippia.javanica",NA,"W","N","20090618"
"1C","1st","","melhania.spp.",NA,"W","N","20090618"
"1C","1st","","misopates.orontium",NA,"W","N","20090618"
"1C","1st","","mollugo.nudicaulis",NA,"W","N","20090618"
"1C","1st","","monechima.debile",NA,"W","N","20090618"
"1C","1st","","monsonia.augustifolia",NA,"W","N","20090618"
"1C","1st","","ocimum.sp",NA,"W","N","20090618"
"1C","1st","","osteospermum.vaillantii",NA,"W","N","20090618"
"1C","1st","","oxygonum.sinuatum",NA,"W","N","20090618"
"1C","1st","","pavonia.patens",NA,"W","N","20090618"
"1C","1st","","pelargonium.alchemilloides",NA,"W","N","20090618"
"1C","1st","","pentanisia.ouranogyne",NA,"W","N","20090618"
"1C","1st","","phyllanthus.maderaspatensis",NA,"W","N","20090618"
"1C","1st","","plectranthus.spp",NA,"W","N","20090618"
"1C","1st","","pollichia.campestris",NA,"W","N","20090618"
"1C","1st","","polygala..l.",NA,"W","N","20090618"
"1C","1st","","polygala.sphenoptera",NA,"W","N","20090618"
"1C","1st","","portulaca.oleracea",NA,"W","N","20090618"
"1C","1st","","portulaca.quadrifida",NA,"W","N","20090618"
"1C","1st","","pseudognaphalium..helichrysum.glumaceum.",1,"W","N","20090618"
"1C","1st","","psilotrichum.schimperi",NA,"W","N","20090618"
"1C","1st","","rhinacanthus.ndorensis",NA,"W","N","20090618"
"1C","1st","","rhynchosia.holstii",NA,"W","N","20090618"
"1C","1st","","schkuhria.pinnata",NA,"W","N","20090618"
"1C","1st","","sida.2",NA,"W","N","20090618"
"1C","1st","","sida.cuneifolia",NA,"W","N","20090618"
"1C","1st","","solanum.incanum",NA,"W","N","20090618"
"1C","1st","","solanum.indicum",NA,"W","N","20090618"
"1C","1st","","tribulus.terrestris",NA,"W","N","20090618"
"1C","1st","","u",NA,"W","N","20090618"
"1C","1st","","w",NA,"W","N","20090618"
"1C","1st","","x_4",NA,"W","N","20090618"
"1C","1st","","x_5",NA,"W","N","20090618"
"1C","1st","","x_6",NA,"W","N","20090618"
"1C","1st","","x_7",NA,"W","N","20090618"
"1C","1st","","x_8",NA,"W","N","20090618"
"1E","1st","","bracharia.lacnantha",NA,"W","N","20090618"
"1E","1st","","lintonia.nutans",NA,"W","N","20090618"
"1E","1st","","pennisetum.mezianum",NA,"W","N","20090618"
"1E","1st","","pennisetum.straminium",NA,"W","N","20090618"
"1E","1st","","themeda.triandra",NA,"W","N","20090618"
"1E","1st","","bare",3,"W","N","20090618"
"1E","1st","","x_2",NA,"W","N","20090618"
"1E","1st","","aristida.kenyensis",NA,"W","N","20090618"
"1E","1st","","bothriochloa.insculpta",NA,"W","N","20090618"
"1E","1st","","bracharia.3",NA,"W","N","20090618"
"1E","1st","","bracharia.eruciformis",NA,"W","N","20090618"
"1E","1st","","chloris.sp",NA,"W","N","20090618"
"1E","1st","","cynodon.dactylon",NA,"W","N","20090618"
"1E","1st","","cynodon.plectostachyus",NA,"W","N","20090618"
"1E","1st","","cyperus...mariscus.spp",NA,"W","N","20090618"
"1E","1st","","digitaria.2",NA,"W","N","20090618"
"1E","1st","","digitaria.milanjiana",NA,"W","N","20090618"
"1E","1st","","dinebra.retroflexa",NA,"W","N","20090618"
"1E","1st","","eragrostis.tenuifolia",NA,"W","N","20090618"
"1E","1st","","harpachne.schimperi",NA,"W","N","20090618"
"1E","1st","","microchloa.kunthii",NA,"W","N","20090618"
"1E","1st","","panicum.astrosanguinum",NA,"W","N","20090618"
"1E","1st","","setaria.acromelaena..small.",NA,"W","N","20090618"
"1E","1st","","setaria.sphaecealata..big.",NA,"W","N","20090618"
"1E","1st","","sporobolus.pyramidalis",NA,"W","N","20090618"
"1E","1st","","tragus.berteronianus",NA,"W","N","20090618"
"1E","1st","","x_3",NA,"W","N","20090618"
"1E","1st","","acalypha.crenata",NA,"W","N","20090618"
"1E","1st","","aerva.lanata",NA,"W","N","20090618"
"1E","1st","","amaranthus.hibridus",NA,"W","N","20090618"
"1E","1st","","aspilia.pluriseta",NA,"W","N","20090618"
"1E","1st","","asterolinon.adoense..v.",NA,"W","N","20090618"
"1E","1st","","caralluma.acutangula",NA,"W","N","20090618"
"1E","1st","","chenopodium.opulifolium",NA,"W","N","20090618"
"1E","1st","","chenopodium.schraderianum",NA,"W","N","20090618"
"1E","1st","","commelina.spp",NA,"W","N","20090618"
"1E","1st","","commicarpus.pedunculosus",NA,"W","N","20090618"
"1E","1st","","conyza.sp",NA,"W","N","20090618"
"1E","1st","","corchorus.sp",NA,"W","N","20090618"
"1E","1st","","crotelaria.sp",NA,"W","N","20090618"
"1E","1st","","cyathula.orthacantha",NA,"W","N","20090618"
"1E","1st","","dyscoriste.radicans",NA,"W","N","20090618"
"1E","1st","","euphorbia.inaequilatera",NA,"W","N","20090618"
"1E","1st","","evolvulus.alsinoides",NA,"W","N","20090618"
"1E","1st","","fern",NA,"W","N","20090618"
"1E","1st","","gutenbergia.sp",NA,"W","N","20090618"
"1E","1st","","hermannia.uhligii",NA,"W","N","20090618"
"1E","1st","","hibiscus.flavifolius",NA,"W","N","20090618"
"1E","1st","","hibiscus.trionum",NA,"W","N","20090618"
"1E","1st","","indigofera.brevicalyx",NA,"W","N","20090618"
"1E","1st","","indigofera.schimperi",NA,"W","N","20090618"
"1E","1st","","ipomea.sinensis",NA,"W","N","20090618"
"1E","1st","","justicia.dichipteroides",NA,"W","N","20090618"
"1E","1st","","k",NA,"W","N","20090618"
"1E","1st","","kyllinga.sp",NA,"W","N","20090618"
"1E","1st","","leucas.glabrata",NA,"W","N","20090618"
"1E","1st","","leucas.martiniscensis",NA,"W","N","20090618"
"1E","1st","","lily.a",NA,"W","N","20090618"
"1E","1st","","lily.b",NA,"W","N","20090618"
"1E","1st","","lippia.javanica",NA,"W","N","20090618"
"1E","1st","","melhania.spp.",NA,"W","N","20090618"
"1E","1st","","misopates.orontium",NA,"W","N","20090618"
"1E","1st","","mollugo.nudicaulis",NA,"W","N","20090618"
"1E","1st","","monechima.debile",NA,"W","N","20090618"
"1E","1st","","monsonia.augustifolia",NA,"W","N","20090618"
"1E","1st","","ocimum.sp",NA,"W","N","20090618"
"1E","1st","","osteospermum.vaillantii",NA,"W","N","20090618"
"1E","1st","","oxygonum.sinuatum",NA,"W","N","20090618"
"1E","1st","","pavonia.patens",NA,"W","N","20090618"
"1E","1st","","pelargonium.alchemilloides",NA,"W","N","20090618"
"1E","1st","","pentanisia.ouranogyne",NA,"W","N","20090618"
"1E","1st","","phyllanthus.maderaspatensis",NA,"W","N","20090618"
"1E","1st","","plectranthus.spp",NA,"W","N","20090618"
"1E","1st","","pollichia.campestris",NA,"W","N","20090618"
"1E","1st","","polygala..l.",NA,"W","N","20090618"
"1E","1st","","polygala.sphenoptera",NA,"W","N","20090618"
"1E","1st","","portulaca.oleracea",NA,"W","N","20090618"
"1E","1st","","portulaca.quadrifida",NA,"W","N","20090618"
"1E","1st","","pseudognaphalium..helichrysum.glumaceum.",NA,"W","N","20090618"
"1E","1st","","psilotrichum.schimperi",NA,"W","N","20090618"
"1E","1st","","rhinacanthus.ndorensis",NA,"W","N","20090618"
"1E","1st","","rhynchosia.holstii",NA,"W","N","20090618"
"1E","1st","","schkuhria.pinnata",NA,"W","N","20090618"
"1E","1st","","sida.2",NA,"W","N","20090618"
"1E","1st","","sida.cuneifolia",NA,"W","N","20090618"
"1E","1st","","solanum.incanum",NA,"W","N","20090618"
"1E","1st","","solanum.indicum",NA,"W","N","20090618"
"1E","1st","","tribulus.terrestris",NA,"W","N","20090618"
"1E","1st","","u",NA,"W","N","20090618"
"1E","1st","","w",NA,"W","N","20090618"
"1E","1st","","x_4",NA,"W","N","20090618"
"1E","1st","","x_5",NA,"W","N","20090618"
"1E","1st","","x_6",NA,"W","N","20090618"
"1E","1st","","x_7",NA,"W","N","20090618"
"1E","1st","","x_8",NA,"W","N","20090618"
"1G","1st","","bracharia.lacnantha",NA,"W","N","20090618"
"1G","1st","","lintonia.nutans",NA,"W","N","20090618"
"1G","1st","","pennisetum.mezianum",NA,"W","N","20090618"
"1G","1st","","pennisetum.straminium",NA,"W","N","20090618"
"1G","1st","","themeda.triandra",NA,"W","N","20090618"
"1G","1st","","bare",1,"W","N","20090618"
"1G","1st","","x_2",NA,"W","N","20090618"
"1G","1st","","aristida.kenyensis",NA,"W","N","20090618"
"1G","1st","","bothriochloa.insculpta",NA,"W","N","20090618"
"1G","1st","","bracharia.3",NA,"W","N","20090618"
"1G","1st","","bracharia.eruciformis",NA,"W","N","20090618"
"1G","1st","","chloris.sp",NA,"W","N","20090618"
"1G","1st","","cynodon.dactylon",NA,"W","N","20090618"
"1G","1st","","cynodon.plectostachyus",NA,"W","N","20090618"
"1G","1st","","cyperus...mariscus.spp",1,"W","N","20090618"
"1G","1st","","digitaria.2",2,"W","N","20090618"
"1G","1st","","digitaria.milanjiana",NA,"W","N","20090618"
"1G","1st","","dinebra.retroflexa",NA,"W","N","20090618"
"1G","1st","","eragrostis.tenuifolia",NA,"W","N","20090618"
"1G","1st","","harpachne.schimperi",NA,"W","N","20090618"
"1G","1st","","microchloa.kunthii",NA,"W","N","20090618"
"1G","1st","","panicum.astrosanguinum",NA,"W","N","20090618"
"1G","1st","","setaria.acromelaena..small.",NA,"W","N","20090618"
"1G","1st","","setaria.sphaecealata..big.",NA,"W","N","20090618"
"1G","1st","","sporobolus.pyramidalis",NA,"W","N","20090618"
"1G","1st","","tragus.berteronianus",NA,"W","N","20090618"
"1G","1st","","x_3",NA,"W","N","20090618"
"1G","1st","","acalypha.crenata",NA,"W","N","20090618"
"1G","1st","","aerva.lanata",NA,"W","N","20090618"
"1G","1st","","amaranthus.hibridus",NA,"W","N","20090618"
"1G","1st","","aspilia.pluriseta",NA,"W","N","20090618"
"1G","1st","","asterolinon.adoense..v.",NA,"W","N","20090618"
"1G","1st","","caralluma.acutangula",NA,"W","N","20090618"
"1G","1st","","chenopodium.opulifolium",NA,"W","N","20090618"
"1G","1st","","chenopodium.schraderianum",NA,"W","N","20090618"
"1G","1st","","commelina.spp",NA,"W","N","20090618"
"1G","1st","","commicarpus.pedunculosus",NA,"W","N","20090618"
"1G","1st","","conyza.sp",NA,"W","N","20090618"
"1G","1st","","corchorus.sp",NA,"W","N","20090618"
"1G","1st","","crotelaria.sp",NA,"W","N","20090618"
"1G","1st","","cyathula.orthacantha",NA,"W","N","20090618"
"1G","1st","","dyscoriste.radicans",NA,"W","N","20090618"
"1G","1st","","euphorbia.inaequilatera",NA,"W","N","20090618"
"1G","1st","","evolvulus.alsinoides",NA,"W","N","20090618"
"1G","1st","","fern",NA,"W","N","20090618"
"1G","1st","","gutenbergia.sp",NA,"W","N","20090618"
"1G","1st","","hermannia.uhligii",NA,"W","N","20090618"
"1G","1st","","hibiscus.flavifolius",NA,"W","N","20090618"
"1G","1st","","hibiscus.trionum",NA,"W","N","20090618"
"1G","1st","","indigofera.brevicalyx",NA,"W","N","20090618"
"1G","1st","","indigofera.schimperi",NA,"W","N","20090618"
"1G","1st","","ipomea.sinensis",NA,"W","N","20090618"
"1G","1st","","justicia.dichipteroides",NA,"W","N","20090618"
"1G","1st","","k",NA,"W","N","20090618"
"1G","1st","","kyllinga.sp",NA,"W","N","20090618"
"1G","1st","","leucas.glabrata",NA,"W","N","20090618"
"1G","1st","","leucas.martiniscensis",NA,"W","N","20090618"
"1G","1st","","lily.a",NA,"W","N","20090618"
"1G","1st","","lily.b",NA,"W","N","20090618"
"1G","1st","","lippia.javanica",NA,"W","N","20090618"
"1G","1st","","melhania.spp.",NA,"W","N","20090618"
"1G","1st","","misopates.orontium",NA,"W","N","20090618"
"1G","1st","","mollugo.nudicaulis",NA,"W","N","20090618"
"1G","1st","","monechima.debile",NA,"W","N","20090618"
"1G","1st","","monsonia.augustifolia",NA,"W","N","20090618"
"1G","1st","","ocimum.sp",NA,"W","N","20090618"
"1G","1st","","osteospermum.vaillantii",NA,"W","N","20090618"
"1G","1st","","oxygonum.sinuatum",NA,"W","N","20090618"
"1G","1st","","pavonia.patens",NA,"W","N","20090618"
"1G","1st","","pelargonium.alchemilloides",NA,"W","N","20090618"
"1G","1st","","pentanisia.ouranogyne",NA,"W","N","20090618"
"1G","1st","","phyllanthus.maderaspatensis",NA,"W","N","20090618"
"1G","1st","","plectranthus.spp",NA,"W","N","20090618"
"1G","1st","","pollichia.campestris",NA,"W","N","20090618"
"1G","1st","","polygala..l.",NA,"W","N","20090618"
"1G","1st","","polygala.sphenoptera",NA,"W","N","20090618"
"1G","1st","","portulaca.oleracea",NA,"W","N","20090618"
"1G","1st","","portulaca.quadrifida",NA,"W","N","20090618"
"1G","1st","","pseudognaphalium..helichrysum.glumaceum.",NA,"W","N","20090618"
"1G","1st","","psilotrichum.schimperi",NA,"W","N","20090618"
"1G","1st","","rhinacanthus.ndorensis",NA,"W","N","20090618"
"1G","1st","","rhynchosia.holstii",NA,"W","N","20090618"
"1G","1st","","schkuhria.pinnata",NA,"W","N","20090618"
"1G","1st","","sida.2",NA,"W","N","20090618"
"1G","1st","","sida.cuneifolia",NA,"W","N","20090618"
"1G","1st","","solanum.incanum",NA,"W","N","20090618"
"1G","1st","","solanum.indicum",NA,"W","N","20090618"
"1G","1st","","tribulus.terrestris",NA,"W","N","20090618"
"1G","1st","","u",NA,"W","N","20090618"
"1G","1st","","w",NA,"W","N","20090618"
"1G","1st","","x_4",NA,"W","N","20090618"
"1G","1st","","x_5",NA,"W","N","20090618"
"1G","1st","","x_6",NA,"W","N","20090618"
"1G","1st","","x_7",NA,"W","N","20090618"
"1G","1st","","x_8",NA,"W","N","20090618"
"1I","1st","","bracharia.lacnantha",NA,"W","N","20090618"
"1I","1st","","lintonia.nutans",NA,"W","N","20090618"
"1I","1st","","pennisetum.mezianum",NA,"W","N","20090618"
"1I","1st","","pennisetum.straminium",NA,"W","N","20090618"
"1I","1st","","themeda.triandra",NA,"W","N","20090618"
"1I","1st","","bare",3,"W","N","20090618"
"1I","1st","","x_2",NA,"W","N","20090618"
"1I","1st","","aristida.kenyensis",NA,"W","N","20090618"
"1I","1st","","bothriochloa.insculpta",NA,"W","N","20090618"
"1I","1st","","bracharia.3",NA,"W","N","20090618"
"1I","1st","","bracharia.eruciformis",NA,"W","N","20090618"
"1I","1st","","chloris.sp",NA,"W","N","20090618"
"1I","1st","","cynodon.dactylon",NA,"W","N","20090618"
"1I","1st","","cynodon.plectostachyus",NA,"W","N","20090618"
"1I","1st","","cyperus...mariscus.spp",NA,"W","N","20090618"
"1I","1st","","digitaria.2",NA,"W","N","20090618"
"1I","1st","","digitaria.milanjiana",NA,"W","N","20090618"
"1I","1st","","dinebra.retroflexa",NA,"W","N","20090618"
"1I","1st","","eragrostis.tenuifolia",NA,"W","N","20090618"
"1I","1st","","harpachne.schimperi",NA,"W","N","20090618"
"1I","1st","","microchloa.kunthii",NA,"W","N","20090618"
"1I","1st","","panicum.astrosanguinum",NA,"W","N","20090618"
"1I","1st","","setaria.acromelaena..small.",NA,"W","N","20090618"
"1I","1st","","setaria.sphaecealata..big.",NA,"W","N","20090618"
"1I","1st","","sporobolus.pyramidalis",NA,"W","N","20090618"
"1I","1st","","tragus.berteronianus",NA,"W","N","20090618"
"1I","1st","","x_3",NA,"W","N","20090618"
"1I","1st","","acalypha.crenata",NA,"W","N","20090618"
"1I","1st","","aerva.lanata",NA,"W","N","20090618"
"1I","1st","","amaranthus.hibridus",NA,"W","N","20090618"
"1I","1st","","aspilia.pluriseta",NA,"W","N","20090618"
"1I","1st","","asterolinon.adoense..v.",NA,"W","N","20090618"
"1I","1st","","caralluma.acutangula",NA,"W","N","20090618"
"1I","1st","","chenopodium.opulifolium",NA,"W","N","20090618"
"1I","1st","","chenopodium.schraderianum",NA,"W","N","20090618"
"1I","1st","","commelina.spp",NA,"W","N","20090618"
"1I","1st","","commicarpus.pedunculosus",NA,"W","N","20090618"
"1I","1st","","conyza.sp",NA,"W","N","20090618"
"1I","1st","","corchorus.sp",NA,"W","N","20090618"
"1I","1st","","crotelaria.sp",NA,"W","N","20090618"
"1I","1st","","cyathula.orthacantha",NA,"W","N","20090618"
"1I","1st","","dyscoriste.radicans",NA,"W","N","20090618"
"1I","1st","","euphorbia.inaequilatera",NA,"W","N","20090618"
"1I","1st","","evolvulus.alsinoides",NA,"W","N","20090618"
"1I","1st","","fern",NA,"W","N","20090618"
"1I","1st","","gutenbergia.sp",NA,"W","N","20090618"
"1I","1st","","hermannia.uhligii",NA,"W","N","20090618"
"1I","1st","","hibiscus.flavifolius",NA,"W","N","20090618"
"1I","1st","","hibiscus.trionum",NA,"W","N","20090618"
"1I","1st","","indigofera.brevicalyx",NA,"W","N","20090618"
"1I","1st","","indigofera.schimperi",NA,"W","N","20090618"
"1I","1st","","ipomea.sinensis",NA,"W","N","20090618"
"1I","1st","","justicia.dichipteroides",NA,"W","N","20090618"
"1I","1st","","k",NA,"W","N","20090618"
"1I","1st","","kyllinga.sp",NA,"W","N","20090618"
"1I","1st","","leucas.glabrata",NA,"W","N","20090618"
"1I","1st","","leucas.martiniscensis",NA,"W","N","20090618"
"1I","1st","","lily.a",NA,"W","N","20090618"
"1I","1st","","lily.b",NA,"W","N","20090618"
"1I","1st","","lippia.javanica",NA,"W","N","20090618"
"1I","1st","","melhania.spp.",NA,"W","N","20090618"
"1I","1st","","misopates.orontium",NA,"W","N","20090618"
"1I","1st","","mollugo.nudicaulis",NA,"W","N","20090618"
"1I","1st","","monechima.debile",NA,"W","N","20090618"
"1I","1st","","monsonia.augustifolia",NA,"W","N","20090618"
"1I","1st","","ocimum.sp",NA,"W","N","20090618"
"1I","1st","","osteospermum.vaillantii",NA,"W","N","20090618"
"1I","1st","","oxygonum.sinuatum",NA,"W","N","20090618"
"1I","1st","","pavonia.patens",NA,"W","N","20090618"
"1I","1st","","pelargonium.alchemilloides",NA,"W","N","20090618"
"1I","1st","","pentanisia.ouranogyne",NA,"W","N","20090618"
"1I","1st","","phyllanthus.maderaspatensis",NA,"W","N","20090618"
"1I","1st","","plectranthus.spp",NA,"W","N","20090618"
"1I","1st","","pollichia.campestris",NA,"W","N","20090618"
"1I","1st","","polygala..l.",NA,"W","N","20090618"
"1I","1st","","polygala.sphenoptera",NA,"W","N","20090618"
"1I","1st","","portulaca.oleracea",NA,"W","N","20090618"
"1I","1st","","portulaca.quadrifida",NA,"W","N","20090618"
"1I","1st","","pseudognaphalium..helichrysum.glumaceum.",NA,"W","N","20090618"
"1I","1st","","psilotrichum.schimperi",NA,"W","N","20090618"
"1I","1st","","rhinacanthus.ndorensis",NA,"W","N","20090618"
"1I","1st","","rhynchosia.holstii",NA,"W","N","20090618"
"1I","1st","","schkuhria.pinnata",NA,"W","N","20090618"
"1I","1st","","sida.2",NA,"W","N","20090618"
"1I","1st","","sida.cuneifolia",NA,"W","N","20090618"
"1I","1st","","solanum.incanum",NA,"W","N","20090618"
"1I","1st","","solanum.indicum",NA,"W","N","20090618"
"1I","1st","","tribulus.terrestris",NA,"W","N","20090618"
"1I","1st","","u",NA,"W","N","20090618"
"1I","1st","","w",NA,"W","N","20090618"
"1I","1st","","x_4",NA,"W","N","20090618"
"1I","1st","","x_5",NA,"W","N","20090618"
"1I","1st","","x_6",NA,"W","N","20090618"
"1I","1st","","x_7",NA,"W","N","20090618"
"1I","1st","","x_8",NA,"W","N","20090618"
"2J","1st","","bracharia.lacnantha",6,"W","N","20090618"
"2J","1st","","lintonia.nutans",NA,"W","N","20090618"
"2J","1st","","pennisetum.mezianum",4,"W","N","20090618"
"2J","1st","","pennisetum.straminium",NA,"W","N","20090618"
"2J","1st","","themeda.triandra",NA,"W","N","20090618"
"2J","1st","","bare",1,"W","N","20090618"
"2J","1st","","x_2",NA,"W","N","20090618"
"2J","1st","","aristida.kenyensis",NA,"W","N","20090618"
"2J","1st","","bothriochloa.insculpta",NA,"W","N","20090618"
"2J","1st","","bracharia.3",NA,"W","N","20090618"
"2J","1st","","bracharia.eruciformis",NA,"W","N","20090618"
"2J","1st","","chloris.sp",NA,"W","N","20090618"
"2J","1st","","cynodon.dactylon",NA,"W","N","20090618"
"2J","1st","","cynodon.plectostachyus",NA,"W","N","20090618"
"2J","1st","","cyperus...mariscus.spp",NA,"W","N","20090618"
"2J","1st","","digitaria.2",NA,"W","N","20090618"
"2J","1st","","digitaria.milanjiana",NA,"W","N","20090618"
"2J","1st","","dinebra.retroflexa",NA,"W","N","20090618"
"2J","1st","","eragrostis.tenuifolia",NA,"W","N","20090618"
"2J","1st","","harpachne.schimperi",NA,"W","N","20090618"
"2J","1st","","microchloa.kunthii",NA,"W","N","20090618"
"2J","1st","","panicum.astrosanguinum",NA,"W","N","20090618"
"2J","1st","","setaria.acromelaena..small.",NA,"W","N","20090618"
"2J","1st","","setaria.sphaecealata..big.",NA,"W","N","20090618"
"2J","1st","","sporobolus.pyramidalis",NA,"W","N","20090618"
"2J","1st","","tragus.berteronianus",NA,"W","N","20090618"
"2J","1st","","x_3",NA,"W","N","20090618"
"2J","1st","","acalypha.crenata",NA,"W","N","20090618"
"2J","1st","","aerva.lanata",NA,"W","N","20090618"
"2J","1st","","amaranthus.hibridus",NA,"W","N","20090618"
"2J","1st","","aspilia.pluriseta",NA,"W","N","20090618"
"2J","1st","","asterolinon.adoense..v.",NA,"W","N","20090618"
"2J","1st","","caralluma.acutangula",NA,"W","N","20090618"
"2J","1st","","chenopodium.opulifolium",NA,"W","N","20090618"
"2J","1st","","chenopodium.schraderianum",NA,"W","N","20090618"
"2J","1st","","commelina.spp",NA,"W","N","20090618"
"2J","1st","","commicarpus.pedunculosus",NA,"W","N","20090618"
"2J","1st","","conyza.sp",NA,"W","N","20090618"
"2J","1st","","corchorus.sp",NA,"W","N","20090618"
"2J","1st","","crotelaria.sp",NA,"W","N","20090618"
"2J","1st","","cyathula.orthacantha",NA,"W","N","20090618"
"2J","1st","","dyscoriste.radicans",NA,"W","N","20090618"
"2J","1st","","euphorbia.inaequilatera",NA,"W","N","20090618"
"2J","1st","","evolvulus.alsinoides",NA,"W","N","20090618"
"2J","1st","","fern",NA,"W","N","20090618"
"2J","1st","","gutenbergia.sp",NA,"W","N","20090618"
"2J","1st","","hermannia.uhligii",NA,"W","N","20090618"
"2J","1st","","hibiscus.flavifolius",NA,"W","N","20090618"
"2J","1st","","hibiscus.trionum",NA,"W","N","20090618"
"2J","1st","","indigofera.brevicalyx",NA,"W","N","20090618"
"2J","1st","","indigofera.schimperi",NA,"W","N","20090618"
"2J","1st","","ipomea.sinensis",NA,"W","N","20090618"
"2J","1st","","justicia.dichipteroides",NA,"W","N","20090618"
"2J","1st","","k",NA,"W","N","20090618"
"2J","1st","","kyllinga.sp",NA,"W","N","20090618"
"2J","1st","","leucas.glabrata",NA,"W","N","20090618"
"2J","1st","","leucas.martiniscensis",NA,"W","N","20090618"
"2J","1st","","lily.a",NA,"W","N","20090618"
"2J","1st","","lily.b",NA,"W","N","20090618"
"2J","1st","","lippia.javanica",NA,"W","N","20090618"
"2J","1st","","melhania.spp.",NA,"W","N","20090618"
"2J","1st","","misopates.orontium",NA,"W","N","20090618"
"2J","1st","","mollugo.nudicaulis",NA,"W","N","20090618"
"2J","1st","","monechima.debile",NA,"W","N","20090618"
"2J","1st","","monsonia.augustifolia",NA,"W","N","20090618"
"2J","1st","","ocimum.sp",NA,"W","N","20090618"
"2J","1st","","osteospermum.vaillantii",NA,"W","N","20090618"
"2J","1st","","oxygonum.sinuatum",NA,"W","N","20090618"
"2J","1st","","pavonia.patens",NA,"W","N","20090618"
"2J","1st","","pelargonium.alchemilloides",NA,"W","N","20090618"
"2J","1st","","pentanisia.ouranogyne",NA,"W","N","20090618"
"2J","1st","","phyllanthus.maderaspatensis",NA,"W","N","20090618"
"2J","1st","","plectranthus.spp",NA,"W","N","20090618"
"2J","1st","","pollichia.campestris",NA,"W","N","20090618"
"2J","1st","","polygala..l.",NA,"W","N","20090618"
"2J","1st","","polygala.sphenoptera",NA,"W","N","20090618"
"2J","1st","","portulaca.oleracea",NA,"W","N","20090618"
"2J","1st","","portulaca.quadrifida",NA,"W","N","20090618"
"2J","1st","","pseudognaphalium..helichrysum.glumaceum.",NA,"W","N","20090618"
"2J","1st","","psilotrichum.schimperi",NA,"W","N","20090618"
"2J","1st","","rhinacanthus.ndorensis",NA,"W","N","20090618"
"2J","1st","","rhynchosia.holstii",NA,"W","N","20090618"
"2J","1st","","schkuhria.pinnata",NA,"W","N","20090618"
"2J","1st","","sida.2",NA,"W","N","20090618"
"2J","1st","","sida.cuneifolia",NA,"W","N","20090618"
"2J","1st","","solanum.incanum",NA,"W","N","20090618"
"2J","1st","","solanum.indicum",NA,"W","N","20090618"
"2J","1st","","tribulus.terrestris",NA,"W","N","20090618"
"2J","1st","","u",NA,"W","N","20090618"
"2J","1st","","w",NA,"W","N","20090618"
"2J","1st","","x_4",NA,"W","N","20090618"
"2J","1st","","x_5",NA,"W","N","20090618"
"2J","1st","","x_6",NA,"W","N","20090618"
"2J","1st","","x_7",NA,"W","N","20090618"
"2J","1st","","x_8",NA,"W","N","20090618"
"2J","All","Lvs","bracharia.lacnantha",36,"W","N","20090618"
"2J","All","Lvs","lintonia.nutans",NA,"W","N","20090618"
"2J","All","Lvs","pennisetum.mezianum",3,"W","N","20090618"
"2J","All","Lvs","pennisetum.straminium",NA,"W","N","20090618"
"2J","All","Lvs","themeda.triandra",NA,"W","N","20090618"
"2J","All","Lvs","bare",NA,"W","N","20090618"
"2J","All","Lvs","x_2",NA,"W","N","20090618"
"2J","All","Lvs","aristida.kenyensis",NA,"W","N","20090618"
"2J","All","Lvs","bothriochloa.insculpta",NA,"W","N","20090618"
"2J","All","Lvs","bracharia.3",NA,"W","N","20090618"
"2J","All","Lvs","bracharia.eruciformis",NA,"W","N","20090618"
"2J","All","Lvs","chloris.sp",NA,"W","N","20090618"
"2J","All","Lvs","cynodon.dactylon",NA,"W","N","20090618"
"2J","All","Lvs","cynodon.plectostachyus",NA,"W","N","20090618"
"2J","All","Lvs","cyperus...mariscus.spp",NA,"W","N","20090618"
"2J","All","Lvs","digitaria.2",NA,"W","N","20090618"
"2J","All","Lvs","digitaria.milanjiana",NA,"W","N","20090618"
"2J","All","Lvs","dinebra.retroflexa",NA,"W","N","20090618"
"2J","All","Lvs","eragrostis.tenuifolia",NA,"W","N","20090618"
"2J","All","Lvs","harpachne.schimperi",NA,"W","N","20090618"
"2J","All","Lvs","microchloa.kunthii",NA,"W","N","20090618"
"2J","All","Lvs","panicum.astrosanguinum",NA,"W","N","20090618"
"2J","All","Lvs","setaria.acromelaena..small.",NA,"W","N","20090618"
"2J","All","Lvs","setaria.sphaecealata..big.",NA,"W","N","20090618"
"2J","All","Lvs","sporobolus.pyramidalis",NA,"W","N","20090618"
"2J","All","Lvs","tragus.berteronianus",NA,"W","N","20090618"
"2J","All","Lvs","x_3",NA,"W","N","20090618"
"2J","All","Lvs","acalypha.crenata",NA,"W","N","20090618"
"2J","All","Lvs","aerva.lanata",NA,"W","N","20090618"
"2J","All","Lvs","amaranthus.hibridus",NA,"W","N","20090618"
"2J","All","Lvs","aspilia.pluriseta",NA,"W","N","20090618"
"2J","All","Lvs","asterolinon.adoense..v.",NA,"W","N","20090618"
"2J","All","Lvs","caralluma.acutangula",NA,"W","N","20090618"
"2J","All","Lvs","chenopodium.opulifolium",NA,"W","N","20090618"
"2J","All","Lvs","chenopodium.schraderianum",NA,"W","N","20090618"
"2J","All","Lvs","commelina.spp",NA,"W","N","20090618"
"2J","All","Lvs","commicarpus.pedunculosus",NA,"W","N","20090618"
"2J","All","Lvs","conyza.sp",NA,"W","N","20090618"
"2J","All","Lvs","corchorus.sp",NA,"W","N","20090618"
"2J","All","Lvs","crotelaria.sp",NA,"W","N","20090618"
"2J","All","Lvs","cyathula.orthacantha",NA,"W","N","20090618"
"2J","All","Lvs","dyscoriste.radicans",NA,"W","N","20090618"
"2J","All","Lvs","euphorbia.inaequilatera",NA,"W","N","20090618"
"2J","All","Lvs","evolvulus.alsinoides",NA,"W","N","20090618"
"2J","All","Lvs","fern",NA,"W","N","20090618"
"2J","All","Lvs","gutenbergia.sp",NA,"W","N","20090618"
"2J","All","Lvs","hermannia.uhligii",NA,"W","N","20090618"
"2J","All","Lvs","hibiscus.flavifolius",NA,"W","N","20090618"
"2J","All","Lvs","hibiscus.trionum",NA,"W","N","20090618"
"2J","All","Lvs","indigofera.brevicalyx",NA,"W","N","20090618"
"2J","All","Lvs","indigofera.schimperi",NA,"W","N","20090618"
"2J","All","Lvs","ipomea.sinensis",NA,"W","N","20090618"
"2J","All","Lvs","justicia.dichipteroides",NA,"W","N","20090618"
"2J","All","Lvs","k",NA,"W","N","20090618"
"2J","All","Lvs","kyllinga.sp",NA,"W","N","20090618"
"2J","All","Lvs","leucas.glabrata",NA,"W","N","20090618"
"2J","All","Lvs","leucas.martiniscensis",NA,"W","N","20090618"
"2J","All","Lvs","lily.a",NA,"W","N","20090618"
"2J","All","Lvs","lily.b",NA,"W","N","20090618"
"2J","All","Lvs","lippia.javanica",NA,"W","N","20090618"
"2J","All","Lvs","melhania.spp.",NA,"W","N","20090618"
"2J","All","Lvs","misopates.orontium",NA,"W","N","20090618"
"2J","All","Lvs","mollugo.nudicaulis",NA,"W","N","20090618"
"2J","All","Lvs","monechima.debile",NA,"W","N","20090618"
"2J","All","Lvs","monsonia.augustifolia",NA,"W","N","20090618"
"2J","All","Lvs","ocimum.sp",NA,"W","N","20090618"
"2J","All","Lvs","osteospermum.vaillantii",NA,"W","N","20090618"
"2J","All","Lvs","oxygonum.sinuatum",NA,"W","N","20090618"
"2J","All","Lvs","pavonia.patens",NA,"W","N","20090618"
"2J","All","Lvs","pelargonium.alchemilloides",NA,"W","N","20090618"
"2J","All","Lvs","pentanisia.ouranogyne",NA,"W","N","20090618"
"2J","All","Lvs","phyllanthus.maderaspatensis",NA,"W","N","20090618"
"2J","All","Lvs","plectranthus.spp",NA,"W","N","20090618"
"2J","All","Lvs","pollichia.campestris",NA,"W","N","20090618"
"2J","All","Lvs","polygala..l.",NA,"W","N","20090618"
"2J","All","Lvs","polygala.sphenoptera",NA,"W","N","20090618"
"2J","All","Lvs","portulaca.oleracea",NA,"W","N","20090618"
"2J","All","Lvs","portulaca.quadrifida",NA,"W","N","20090618"
"2J","All","Lvs","pseudognaphalium..helichrysum.glumaceum.",NA,"W","N","20090618"
"2J","All","Lvs","psilotrichum.schimperi",NA,"W","N","20090618"
"2J","All","Lvs","rhinacanthus.ndorensis",NA,"W","N","20090618"
"2J","All","Lvs","rhynchosia.holstii",NA,"W","N","20090618"
"2J","All","Lvs","schkuhria.pinnata",NA,"W","N","20090618"
"2J","All","Lvs","sida.2",NA,"W","N","20090618"
"2J","All","Lvs","sida.cuneifolia",NA,"W","N","20090618"
"2J","All","Lvs","solanum.incanum",NA,"W","N","20090618"
"2J","All","Lvs","solanum.indicum",NA,"W","N","20090618"
"2J","All","Lvs","tribulus.terrestris",NA,"W","N","20090618"
"2J","All","Lvs","u",NA,"W","N","20090618"
"2J","All","Lvs","w",NA,"W","N","20090618"
"2J","All","Lvs","x_4",NA,"W","N","20090618"
"2J","All","Lvs","x_5",NA,"W","N","20090618"
"2J","All","Lvs","x_6",NA,"W","N","20090618"
"2J","All","Lvs","x_7",NA,"W","N","20090618"
"2J","All","Lvs","x_8",NA,"W","N","20090618"
"2J","All","Stm","bracharia.lacnantha",5,"W","N","20090618"
"2J","All","Stm","lintonia.nutans",NA,"W","N","20090618"
"2J","All","Stm","pennisetum.mezianum",4,"W","N","20090618"
"2J","All","Stm","pennisetum.straminium",NA,"W","N","20090618"
"2J","All","Stm","themeda.triandra",NA,"W","N","20090618"
"2J","All","Stm","bare",NA,"W","N","20090618"
"2J","All","Stm","x_2",NA,"W","N","20090618"
"2J","All","Stm","aristida.kenyensis",NA,"W","N","20090618"
"2J","All","Stm","bothriochloa.insculpta",NA,"W","N","20090618"
"2J","All","Stm","bracharia.3",NA,"W","N","20090618"
"2J","All","Stm","bracharia.eruciformis",NA,"W","N","20090618"
"2J","All","Stm","chloris.sp",NA,"W","N","20090618"
"2J","All","Stm","cynodon.dactylon",NA,"W","N","20090618"
"2J","All","Stm","cynodon.plectostachyus",NA,"W","N","20090618"
"2J","All","Stm","cyperus...mariscus.spp",NA,"W","N","20090618"
"2J","All","Stm","digitaria.2",NA,"W","N","20090618"
"2J","All","Stm","digitaria.milanjiana",NA,"W","N","20090618"
"2J","All","Stm","dinebra.retroflexa",NA,"W","N","20090618"
"2J","All","Stm","eragrostis.tenuifolia",NA,"W","N","20090618"
"2J","All","Stm","harpachne.schimperi",NA,"W","N","20090618"
"2J","All","Stm","microchloa.kunthii",NA,"W","N","20090618"
"2J","All","Stm","panicum.astrosanguinum",NA,"W","N","20090618"
"2J","All","Stm","setaria.acromelaena..small.",NA,"W","N","20090618"
"2J","All","Stm","setaria.sphaecealata..big.",NA,"W","N","20090618"
"2J","All","Stm","sporobolus.pyramidalis",NA,"W","N","20090618"
"2J","All","Stm","tragus.berteronianus",NA,"W","N","20090618"
"2J","All","Stm","x_3",NA,"W","N","20090618"
"2J","All","Stm","acalypha.crenata",NA,"W","N","20090618"
"2J","All","Stm","aerva.lanata",NA,"W","N","20090618"
"2J","All","Stm","amaranthus.hibridus",NA,"W","N","20090618"
"2J","All","Stm","aspilia.pluriseta",NA,"W","N","20090618"
"2J","All","Stm","asterolinon.adoense..v.",NA,"W","N","20090618"
"2J","All","Stm","caralluma.acutangula",NA,"W","N","20090618"
"2J","All","Stm","chenopodium.opulifolium",NA,"W","N","20090618"
"2J","All","Stm","chenopodium.schraderianum",NA,"W","N","20090618"
"2J","All","Stm","commelina.spp",NA,"W","N","20090618"
"2J","All","Stm","commicarpus.pedunculosus",NA,"W","N","20090618"
"2J","All","Stm","conyza.sp",NA,"W","N","20090618"
"2J","All","Stm","corchorus.sp",NA,"W","N","20090618"
"2J","All","Stm","crotelaria.sp",NA,"W","N","20090618"
"2J","All","Stm","cyathula.orthacantha",NA,"W","N","20090618"
"2J","All","Stm","dyscoriste.radicans",NA,"W","N","20090618"
"2J","All","Stm","euphorbia.inaequilatera",NA,"W","N","20090618"
"2J","All","Stm","evolvulus.alsinoides",NA,"W","N","20090618"
"2J","All","Stm","fern",NA,"W","N","20090618"
"2J","All","Stm","gutenbergia.sp",NA,"W","N","20090618"
"2J","All","Stm","hermannia.uhligii",NA,"W","N","20090618"
"2J","All","Stm","hibiscus.flavifolius",NA,"W","N","20090618"
"2J","All","Stm","hibiscus.trionum",NA,"W","N","20090618"
"2J","All","Stm","indigofera.brevicalyx",NA,"W","N","20090618"
"2J","All","Stm","indigofera.schimperi",NA,"W","N","20090618"
"2J","All","Stm","ipomea.sinensis",NA,"W","N","20090618"
"2J","All","Stm","justicia.dichipteroides",NA,"W","N","20090618"
"2J","All","Stm","k",NA,"W","N","20090618"
"2J","All","Stm","kyllinga.sp",NA,"W","N","20090618"
"2J","All","Stm","leucas.glabrata",NA,"W","N","20090618"
"2J","All","Stm","leucas.martiniscensis",NA,"W","N","20090618"
"2J","All","Stm","lily.a",NA,"W","N","20090618"
"2J","All","Stm","lily.b",NA,"W","N","20090618"
"2J","All","Stm","lippia.javanica",NA,"W","N","20090618"
"2J","All","Stm","melhania.spp.",NA,"W","N","20090618"
"2J","All","Stm","misopates.orontium",NA,"W","N","20090618"
"2J","All","Stm","mollugo.nudicaulis",NA,"W","N","20090618"
"2J","All","Stm","monechima.debile",NA,"W","N","20090618"
"2J","All","Stm","monsonia.augustifolia",NA,"W","N","20090618"
"2J","All","Stm","ocimum.sp",NA,"W","N","20090618"
"2J","All","Stm","osteospermum.vaillantii",NA,"W","N","20090618"
"2J","All","Stm","oxygonum.sinuatum",NA,"W","N","20090618"
"2J","All","Stm","pavonia.patens",NA,"W","N","20090618"
"2J","All","Stm","pelargonium.alchemilloides",NA,"W","N","20090618"
"2J","All","Stm","pentanisia.ouranogyne",NA,"W","N","20090618"
"2J","All","Stm","phyllanthus.maderaspatensis",NA,"W","N","20090618"
"2J","All","Stm","plectranthus.spp",NA,"W","N","20090618"
"2J","All","Stm","pollichia.campestris",NA,"W","N","20090618"
"2J","All","Stm","polygala..l.",NA,"W","N","20090618"
"2J","All","Stm","polygala.sphenoptera",NA,"W","N","20090618"
"2J","All","Stm","portulaca.oleracea",NA,"W","N","20090618"
"2J","All","Stm","portulaca.quadrifida",NA,"W","N","20090618"
"2J","All","Stm","pseudognaphalium..helichrysum.glumaceum.",NA,"W","N","20090618"
"2J","All","Stm","psilotrichum.schimperi",NA,"W","N","20090618"
"2J","All","Stm","rhinacanthus.ndorensis",NA,"W","N","20090618"
"2J","All","Stm","rhynchosia.holstii",NA,"W","N","20090618"
"2J","All","Stm","schkuhria.pinnata",NA,"W","N","20090618"
"2J","All","Stm","sida.2",NA,"W","N","20090618"
"2J","All","Stm","sida.cuneifolia",NA,"W","N","20090618"
"2J","All","Stm","solanum.incanum",NA,"W","N","20090618"
"2J","All","Stm","solanum.indicum",NA,"W","N","20090618"
"2J","All","Stm","tribulus.terrestris",NA,"W","N","20090618"
"2J","All","Stm","u",NA,"W","N","20090618"
"2J","All","Stm","w",NA,"W","N","20090618"
"2J","All","Stm","x_4",NA,"W","N","20090618"
"2J","All","Stm","x_5",NA,"W","N","20090618"
"2J","All","Stm","x_6",NA,"W","N","20090618"
"2J","All","Stm","x_7",NA,"W","N","20090618"
"2J","All","Stm","x_8",NA,"W","N","20090618"
"2H","1st","","bracharia.lacnantha",7,"W","N","20090618"
"2H","1st","","lintonia.nutans",NA,"W","N","20090618"
"2H","1st","","pennisetum.mezianum",NA,"W","N","20090618"
"2H","1st","","pennisetum.straminium",NA,"W","N","20090618"
"2H","1st","","themeda.triandra",NA,"W","N","20090618"
"2H","1st","","bare",NA,"W","N","20090618"
"2H","1st","","x_2",NA,"W","N","20090618"
"2H","1st","","aristida.kenyensis",NA,"W","N","20090618"
"2H","1st","","bothriochloa.insculpta",NA,"W","N","20090618"
"2H","1st","","bracharia.3",NA,"W","N","20090618"
"2H","1st","","bracharia.eruciformis",NA,"W","N","20090618"
"2H","1st","","chloris.sp",NA,"W","N","20090618"
"2H","1st","","cynodon.dactylon",NA,"W","N","20090618"
"2H","1st","","cynodon.plectostachyus",NA,"W","N","20090618"
"2H","1st","","cyperus...mariscus.spp",NA,"W","N","20090618"
"2H","1st","","digitaria.2",3,"W","N","20090618"
"2H","1st","","digitaria.milanjiana",NA,"W","N","20090618"
"2H","1st","","dinebra.retroflexa",NA,"W","N","20090618"
"2H","1st","","eragrostis.tenuifolia",NA,"W","N","20090618"
"2H","1st","","harpachne.schimperi",NA,"W","N","20090618"
"2H","1st","","microchloa.kunthii",NA,"W","N","20090618"
"2H","1st","","panicum.astrosanguinum",NA,"W","N","20090618"
"2H","1st","","setaria.acromelaena..small.",NA,"W","N","20090618"
"2H","1st","","setaria.sphaecealata..big.",NA,"W","N","20090618"
"2H","1st","","sporobolus.pyramidalis",NA,"W","N","20090618"
"2H","1st","","tragus.berteronianus",NA,"W","N","20090618"
"2H","1st","","x_3",NA,"W","N","20090618"
"2H","1st","","acalypha.crenata",NA,"W","N","20090618"
"2H","1st","","aerva.lanata",NA,"W","N","20090618"
"2H","1st","","amaranthus.hibridus",NA,"W","N","20090618"
"2H","1st","","aspilia.pluriseta",NA,"W","N","20090618"
"2H","1st","","asterolinon.adoense..v.",NA,"W","N","20090618"
"2H","1st","","caralluma.acutangula",NA,"W","N","20090618"
"2H","1st","","chenopodium.opulifolium",NA,"W","N","20090618"
"2H","1st","","chenopodium.schraderianum",NA,"W","N","20090618"
"2H","1st","","commelina.spp",NA,"W","N","20090618"
"2H","1st","","commicarpus.pedunculosus",NA,"W","N","20090618"
"2H","1st","","conyza.sp",NA,"W","N","20090618"
"2H","1st","","corchorus.sp",NA,"W","N","20090618"
"2H","1st","","crotelaria.sp",NA,"W","N","20090618"
"2H","1st","","cyathula.orthacantha",NA,"W","N","20090618"
"2H","1st","","dyscoriste.radicans",NA,"W","N","20090618"
"2H","1st","","euphorbia.inaequilatera",NA,"W","N","20090618"
"2H","1st","","evolvulus.alsinoides",NA,"W","N","20090618"
"2H","1st","","fern",NA,"W","N","20090618"
"2H","1st","","gutenbergia.sp",NA,"W","N","20090618"
"2H","1st","","hermannia.uhligii",NA,"W","N","20090618"
"2H","1st","","hibiscus.flavifolius",NA,"W","N","20090618"
"2H","1st","","hibiscus.trionum",NA,"W","N","20090618"
"2H","1st","","indigofera.brevicalyx",NA,"W","N","20090618"
"2H","1st","","indigofera.schimperi",NA,"W","N","20090618"
"2H","1st","","ipomea.sinensis",NA,"W","N","20090618"
"2H","1st","","justicia.dichipteroides",NA,"W","N","20090618"
"2H","1st","","k",NA,"W","N","20090618"
"2H","1st","","kyllinga.sp",NA,"W","N","20090618"
"2H","1st","","leucas.glabrata",NA,"W","N","20090618"
"2H","1st","","leucas.martiniscensis",NA,"W","N","20090618"
"2H","1st","","lily.a",NA,"W","N","20090618"
"2H","1st","","lily.b",NA,"W","N","20090618"
"2H","1st","","lippia.javanica",NA,"W","N","20090618"
"2H","1st","","melhania.spp.",NA,"W","N","20090618"
"2H","1st","","misopates.orontium",NA,"W","N","20090618"
"2H","1st","","mollugo.nudicaulis",NA,"W","N","20090618"
"2H","1st","","monechima.debile",NA,"W","N","20090618"
"2H","1st","","monsonia.augustifolia",NA,"W","N","20090618"
"2H","1st","","ocimum.sp",NA,"W","N","20090618"
"2H","1st","","osteospermum.vaillantii",NA,"W","N","20090618"
"2H","1st","","oxygonum.sinuatum",NA,"W","N","20090618"
"2H","1st","","pavonia.patens",NA,"W","N","20090618"
"2H","1st","","pelargonium.alchemilloides",NA,"W","N","20090618"
"2H","1st","","pentanisia.ouranogyne",NA,"W","N","20090618"
"2H","1st","","phyllanthus.maderaspatensis",NA,"W","N","20090618"
"2H","1st","","plectranthus.spp",NA,"W","N","20090618"
"2H","1st","","pollichia.campestris",NA,"W","N","20090618"
"2H","1st","","polygala..l.",NA,"W","N","20090618"
"2H","1st","","polygala.sphenoptera",NA,"W","N","20090618"
"2H","1st","","portulaca.oleracea",NA,"W","N","20090618"
"2H","1st","","portulaca.quadrifida",NA,"W","N","20090618"
"2H","1st","","pseudognaphalium..helichrysum.glumaceum.",NA,"W","N","20090618"
"2H","1st","","psilotrichum.schimperi",NA,"W","N","20090618"
"2H","1st","","rhinacanthus.ndorensis",NA,"W","N","20090618"
"2H","1st","","rhynchosia.holstii",NA,"W","N","20090618"
"2H","1st","","schkuhria.pinnata",NA,"W","N","20090618"
"2H","1st","","sida.2",NA,"W","N","20090618"
"2H","1st","","sida.cuneifolia",NA,"W","N","20090618"
"2H","1st","","solanum.incanum",NA,"W","N","20090618"
"2H","1st","","solanum.indicum",NA,"W","N","20090618"
"2H","1st","","tribulus.terrestris",NA,"W","N","20090618"
"2H","1st","","u",NA,"W","N","20090618"
"2H","1st","","w",NA,"W","N","20090618"
"2H","1st","","x_4",NA,"W","N","20090618"
"2H","1st","","x_5",NA,"W","N","20090618"
"2H","1st","","x_6",NA,"W","N","20090618"
"2H","1st","","x_7",NA,"W","N","20090618"
"2H","1st","","x_8",NA,"W","N","20090618"
"2H","All","Lvs","bracharia.lacnantha",34,"W","N","20090618"
"2H","All","Lvs","lintonia.nutans",NA,"W","N","20090618"
"2H","All","Lvs","pennisetum.mezianum",NA,"W","N","20090618"
"2H","All","Lvs","pennisetum.straminium",NA,"W","N","20090618"
"2H","All","Lvs","themeda.triandra",NA,"W","N","20090618"
"2H","All","Lvs","bare",NA,"W","N","20090618"
"2H","All","Lvs","x_2",NA,"W","N","20090618"
"2H","All","Lvs","aristida.kenyensis",NA,"W","N","20090618"
"2H","All","Lvs","bothriochloa.insculpta",NA,"W","N","20090618"
"2H","All","Lvs","bracharia.3",NA,"W","N","20090618"
"2H","All","Lvs","bracharia.eruciformis",NA,"W","N","20090618"
"2H","All","Lvs","chloris.sp",NA,"W","N","20090618"
"2H","All","Lvs","cynodon.dactylon",NA,"W","N","20090618"
"2H","All","Lvs","cynodon.plectostachyus",NA,"W","N","20090618"
"2H","All","Lvs","cyperus...mariscus.spp",NA,"W","N","20090618"
"2H","All","Lvs","digitaria.2",6,"W","N","20090618"
"2H","All","Lvs","digitaria.milanjiana",NA,"W","N","20090618"
"2H","All","Lvs","dinebra.retroflexa",NA,"W","N","20090618"
"2H","All","Lvs","eragrostis.tenuifolia",NA,"W","N","20090618"
"2H","All","Lvs","harpachne.schimperi",NA,"W","N","20090618"
"2H","All","Lvs","microchloa.kunthii",NA,"W","N","20090618"
"2H","All","Lvs","panicum.astrosanguinum",NA,"W","N","20090618"
"2H","All","Lvs","setaria.acromelaena..small.",NA,"W","N","20090618"
"2H","All","Lvs","setaria.sphaecealata..big.",NA,"W","N","20090618"
"2H","All","Lvs","sporobolus.pyramidalis",NA,"W","N","20090618"
"2H","All","Lvs","tragus.berteronianus",NA,"W","N","20090618"
"2H","All","Lvs","x_3",NA,"W","N","20090618"
"2H","All","Lvs","acalypha.crenata",NA,"W","N","20090618"
"2H","All","Lvs","aerva.lanata",NA,"W","N","20090618"
"2H","All","Lvs","amaranthus.hibridus",NA,"W","N","20090618"
"2H","All","Lvs","aspilia.pluriseta",NA,"W","N","20090618"
"2H","All","Lvs","asterolinon.adoense..v.",NA,"W","N","20090618"
"2H","All","Lvs","caralluma.acutangula",NA,"W","N","20090618"
"2H","All","Lvs","chenopodium.opulifolium",NA,"W","N","20090618"
"2H","All","Lvs","chenopodium.schraderianum",NA,"W","N","20090618"
"2H","All","Lvs","commelina.spp",NA,"W","N","20090618"
"2H","All","Lvs","commicarpus.pedunculosus",NA,"W","N","20090618"
"2H","All","Lvs","conyza.sp",NA,"W","N","20090618"
"2H","All","Lvs","corchorus.sp",NA,"W","N","20090618"
"2H","All","Lvs","crotelaria.sp",NA,"W","N","20090618"
"2H","All","Lvs","cyathula.orthacantha",NA,"W","N","20090618"
"2H","All","Lvs","dyscoriste.radicans",NA,"W","N","20090618"
"2H","All","Lvs","euphorbia.inaequilatera",NA,"W","N","20090618"
"2H","All","Lvs","evolvulus.alsinoides",NA,"W","N","20090618"
"2H","All","Lvs","fern",NA,"W","N","20090618"
"2H","All","Lvs","gutenbergia.sp",NA,"W","N","20090618"
"2H","All","Lvs","hermannia.uhligii",NA,"W","N","20090618"
"2H","All","Lvs","hibiscus.flavifolius",NA,"W","N","20090618"
"2H","All","Lvs","hibiscus.trionum",NA,"W","N","20090618"
"2H","All","Lvs","indigofera.brevicalyx",NA,"W","N","20090618"
"2H","All","Lvs","indigofera.schimperi",NA,"W","N","20090618"
"2H","All","Lvs","ipomea.sinensis",NA,"W","N","20090618"
"2H","All","Lvs","justicia.dichipteroides",NA,"W","N","20090618"
"2H","All","Lvs","k",NA,"W","N","20090618"
"2H","All","Lvs","kyllinga.sp",NA,"W","N","20090618"
"2H","All","Lvs","leucas.glabrata",NA,"W","N","20090618"
"2H","All","Lvs","leucas.martiniscensis",NA,"W","N","20090618"
"2H","All","Lvs","lily.a",NA,"W","N","20090618"
"2H","All","Lvs","lily.b",NA,"W","N","20090618"
"2H","All","Lvs","lippia.javanica",NA,"W","N","20090618"
"2H","All","Lvs","melhania.spp.",NA,"W","N","20090618"
"2H","All","Lvs","misopates.orontium",NA,"W","N","20090618"
"2H","All","Lvs","mollugo.nudicaulis",NA,"W","N","20090618"
"2H","All","Lvs","monechima.debile",NA,"W","N","20090618"
"2H","All","Lvs","monsonia.augustifolia",NA,"W","N","20090618"
"2H","All","Lvs","ocimum.sp",NA,"W","N","20090618"
"2H","All","Lvs","osteospermum.vaillantii",NA,"W","N","20090618"
"2H","All","Lvs","oxygonum.sinuatum",NA,"W","N","20090618"
"2H","All","Lvs","pavonia.patens",NA,"W","N","20090618"
"2H","All","Lvs","pelargonium.alchemilloides",NA,"W","N","20090618"
"2H","All","Lvs","pentanisia.ouranogyne",NA,"W","N","20090618"
"2H","All","Lvs","phyllanthus.maderaspatensis",NA,"W","N","20090618"
"2H","All","Lvs","plectranthus.spp",NA,"W","N","20090618"
"2H","All","Lvs","pollichia.campestris",NA,"W","N","20090618"
"2H","All","Lvs","polygala..l.",NA,"W","N","20090618"
"2H","All","Lvs","polygala.sphenoptera",NA,"W","N","20090618"
"2H","All","Lvs","portulaca.oleracea",NA,"W","N","20090618"
"2H","All","Lvs","portulaca.quadrifida",NA,"W","N","20090618"
"2H","All","Lvs","pseudognaphalium..helichrysum.glumaceum.",NA,"W","N","20090618"
"2H","All","Lvs","psilotrichum.schimperi",NA,"W","N","20090618"
"2H","All","Lvs","rhinacanthus.ndorensis",NA,"W","N","20090618"
"2H","All","Lvs","rhynchosia.holstii",NA,"W","N","20090618"
"2H","All","Lvs","schkuhria.pinnata",NA,"W","N","20090618"
"2H","All","Lvs","sida.2",NA,"W","N","20090618"
"2H","All","Lvs","sida.cuneifolia",NA,"W","N","20090618"
"2H","All","Lvs","solanum.incanum",NA,"W","N","20090618"
"2H","All","Lvs","solanum.indicum",NA,"W","N","20090618"
"2H","All","Lvs","tribulus.terrestris",NA,"W","N","20090618"
"2H","All","Lvs","u",NA,"W","N","20090618"
"2H","All","Lvs","w",NA,"W","N","20090618"
"2H","All","Lvs","x_4",NA,"W","N","20090618"
"2H","All","Lvs","x_5",NA,"W","N","20090618"
"2H","All","Lvs","x_6",NA,"W","N","20090618"
"2H","All","Lvs","x_7",NA,"W","N","20090618"
"2H","All","Lvs","x_8",NA,"W","N","20090618"
"2H","All","Stm","bracharia.lacnantha",6,"W","N","20090618"
"2H","All","Stm","lintonia.nutans",NA,"W","N","20090618"
"2H","All","Stm","pennisetum.mezianum",NA,"W","N","20090618"
"2H","All","Stm","pennisetum.straminium",NA,"W","N","20090618"
"2H","All","Stm","themeda.triandra",NA,"W","N","20090618"
"2H","All","Stm","bare",NA,"W","N","20090618"
"2H","All","Stm","x_2",NA,"W","N","20090618"
"2H","All","Stm","aristida.kenyensis",NA,"W","N","20090618"
"2H","All","Stm","bothriochloa.insculpta",NA,"W","N","20090618"
"2H","All","Stm","bracharia.3",NA,"W","N","20090618"
"2H","All","Stm","bracharia.eruciformis",NA,"W","N","20090618"
"2H","All","Stm","chloris.sp",NA,"W","N","20090618"
"2H","All","Stm","cynodon.dactylon",NA,"W","N","20090618"
"2H","All","Stm","cynodon.plectostachyus",NA,"W","N","20090618"
"2H","All","Stm","cyperus...mariscus.spp",NA,"W","N","20090618"
"2H","All","Stm","digitaria.2",NA,"W","N","20090618"
"2H","All","Stm","digitaria.milanjiana",NA,"W","N","20090618"
"2H","All","Stm","dinebra.retroflexa",NA,"W","N","20090618"
"2H","All","Stm","eragrostis.tenuifolia",NA,"W","N","20090618"
"2H","All","Stm","harpachne.schimperi",NA,"W","N","20090618"
"2H","All","Stm","microchloa.kunthii",NA,"W","N","20090618"
"2H","All","Stm","panicum.astrosanguinum",NA,"W","N","20090618"
"2H","All","Stm","setaria.acromelaena..small.",NA,"W","N","20090618"
"2H","All","Stm","setaria.sphaecealata..big.",NA,"W","N","20090618"
"2H","All","Stm","sporobolus.pyramidalis",NA,"W","N","20090618"
"2H","All","Stm","tragus.berteronianus",NA,"W","N","20090618"
"2H","All","Stm","x_3",NA,"W","N","20090618"
"2H","All","Stm","acalypha.crenata",NA,"W","N","20090618"
"2H","All","Stm","aerva.lanata",NA,"W","N","20090618"
"2H","All","Stm","amaranthus.hibridus",NA,"W","N","20090618"
"2H","All","Stm","aspilia.pluriseta",NA,"W","N","20090618"
"2H","All","Stm","asterolinon.adoense..v.",NA,"W","N","20090618"
"2H","All","Stm","caralluma.acutangula",NA,"W","N","20090618"
"2H","All","Stm","chenopodium.opulifolium",NA,"W","N","20090618"
"2H","All","Stm","chenopodium.schraderianum",NA,"W","N","20090618"
"2H","All","Stm","commelina.spp",NA,"W","N","20090618"
"2H","All","Stm","commicarpus.pedunculosus",NA,"W","N","20090618"
"2H","All","Stm","conyza.sp",NA,"W","N","20090618"
"2H","All","Stm","corchorus.sp",NA,"W","N","20090618"
"2H","All","Stm","crotelaria.sp",NA,"W","N","20090618"
"2H","All","Stm","cyathula.orthacantha",NA,"W","N","20090618"
"2H","All","Stm","dyscoriste.radicans",NA,"W","N","20090618"
"2H","All","Stm","euphorbia.inaequilatera",NA,"W","N","20090618"
"2H","All","Stm","evolvulus.alsinoides",NA,"W","N","20090618"
"2H","All","Stm","fern",NA,"W","N","20090618"
"2H","All","Stm","gutenbergia.sp",NA,"W","N","20090618"
"2H","All","Stm","hermannia.uhligii",NA,"W","N","20090618"
"2H","All","Stm","hibiscus.flavifolius",NA,"W","N","20090618"
"2H","All","Stm","hibiscus.trionum",NA,"W","N","20090618"
"2H","All","Stm","indigofera.brevicalyx",NA,"W","N","20090618"
"2H","All","Stm","indigofera.schimperi",NA,"W","N","20090618"
"2H","All","Stm","ipomea.sinensis",NA,"W","N","20090618"
"2H","All","Stm","justicia.dichipteroides",NA,"W","N","20090618"
"2H","All","Stm","k",NA,"W","N","20090618"
"2H","All","Stm","kyllinga.sp",NA,"W","N","20090618"
"2H","All","Stm","leucas.glabrata",NA,"W","N","20090618"
"2H","All","Stm","leucas.martiniscensis",NA,"W","N","20090618"
"2H","All","Stm","lily.a",NA,"W","N","20090618"
"2H","All","Stm","lily.b",NA,"W","N","20090618"
"2H","All","Stm","lippia.javanica",NA,"W","N","20090618"
"2H","All","Stm","melhania.spp.",NA,"W","N","20090618"
"2H","All","Stm","misopates.orontium",NA,"W","N","20090618"
"2H","All","Stm","mollugo.nudicaulis",NA,"W","N","20090618"
"2H","All","Stm","monechima.debile",NA,"W","N","20090618"
"2H","All","Stm","monsonia.augustifolia",NA,"W","N","20090618"
"2H","All","Stm","ocimum.sp",NA,"W","N","20090618"
"2H","All","Stm","osteospermum.vaillantii",NA,"W","N","20090618"
"2H","All","Stm","oxygonum.sinuatum",NA,"W","N","20090618"
"2H","All","Stm","pavonia.patens",NA,"W","N","20090618"
"2H","All","Stm","pelargonium.alchemilloides",NA,"W","N","20090618"
"2H","All","Stm","pentanisia.ouranogyne",NA,"W","N","20090618"
"2H","All","Stm","phyllanthus.maderaspatensis",NA,"W","N","20090618"
"2H","All","Stm","plectranthus.spp",NA,"W","N","20090618"
"2H","All","Stm","pollichia.campestris",NA,"W","N","20090618"
"2H","All","Stm","polygala..l.",NA,"W","N","20090618"
"2H","All","Stm","polygala.sphenoptera",NA,"W","N","20090618"
"2H","All","Stm","portulaca.oleracea",NA,"W","N","20090618"
"2H","All","Stm","portulaca.quadrifida",NA,"W","N","20090618"
"2H","All","Stm","pseudognaphalium..helichrysum.glumaceum.",NA,"W","N","20090618"
"2H","All","Stm","psilotrichum.schimperi",NA,"W","N","20090618"
"2H","All","Stm","rhinacanthus.ndorensis",NA,"W","N","20090618"
"2H","All","Stm","rhynchosia.holstii",NA,"W","N","20090618"
"2H","All","Stm","schkuhria.pinnata",NA,"W","N","20090618"
"2H","All","Stm","sida.2",NA,"W","N","20090618"
"2H","All","Stm","sida.cuneifolia",NA,"W","N","20090618"
"2H","All","Stm","solanum.incanum",NA,"W","N","20090618"
"2H","All","Stm","solanum.indicum",NA,"W","N","20090618"
"2H","All","Stm","tribulus.terrestris",NA,"W","N","20090618"
"2H","All","Stm","u",NA,"W","N","20090618"
"2H","All","Stm","w",NA,"W","N","20090618"
"2H","All","Stm","x_4",NA,"W","N","20090618"
"2H","All","Stm","x_5",NA,"W","N","20090618"
"2H","All","Stm","x_6",NA,"W","N","20090618"
"2H","All","Stm","x_7",NA,"W","N","20090618"
"2H","All","Stm","x_8",NA,"W","N","20090618"
"2F","1st","","bracharia.lacnantha",NA,"W","N","20090618"
"2F","1st","","lintonia.nutans",NA,"W","N","20090618"
"2F","1st","","pennisetum.mezianum",NA,"W","N","20090618"
"2F","1st","","pennisetum.straminium",2,"W","N","20090618"
"2F","1st","","themeda.triandra",5,"W","N","20090618"
"2F","1st","","bare",3,"W","N","20090618"
"2F","1st","","x_2",NA,"W","N","20090618"
"2F","1st","","aristida.kenyensis",NA,"W","N","20090618"
"2F","1st","","bothriochloa.insculpta",NA,"W","N","20090618"
"2F","1st","","bracharia.3",NA,"W","N","20090618"
"2F","1st","","bracharia.eruciformis",NA,"W","N","20090618"
"2F","1st","","chloris.sp",NA,"W","N","20090618"
"2F","1st","","cynodon.dactylon",NA,"W","N","20090618"
"2F","1st","","cynodon.plectostachyus",NA,"W","N","20090618"
"2F","1st","","cyperus...mariscus.spp",NA,"W","N","20090618"
"2F","1st","","digitaria.2",NA,"W","N","20090618"
"2F","1st","","digitaria.milanjiana",NA,"W","N","20090618"
"2F","1st","","dinebra.retroflexa",NA,"W","N","20090618"
"2F","1st","","eragrostis.tenuifolia",NA,"W","N","20090618"
"2F","1st","","harpachne.schimperi",NA,"W","N","20090618"
"2F","1st","","microchloa.kunthii",NA,"W","N","20090618"
"2F","1st","","panicum.astrosanguinum",NA,"W","N","20090618"
"2F","1st","","setaria.acromelaena..small.",NA,"W","N","20090618"
"2F","1st","","setaria.sphaecealata..big.",NA,"W","N","20090618"
"2F","1st","","sporobolus.pyramidalis",NA,"W","N","20090618"
"2F","1st","","tragus.berteronianus",NA,"W","N","20090618"
"2F","1st","","x_3",NA,"W","N","20090618"
"2F","1st","","acalypha.crenata",NA,"W","N","20090618"
"2F","1st","","aerva.lanata",1,"W","N","20090618"
"2F","1st","","amaranthus.hibridus",NA,"W","N","20090618"
"2F","1st","","aspilia.pluriseta",NA,"W","N","20090618"
"2F","1st","","asterolinon.adoense..v.",NA,"W","N","20090618"
"2F","1st","","caralluma.acutangula",NA,"W","N","20090618"
"2F","1st","","chenopodium.opulifolium",NA,"W","N","20090618"
"2F","1st","","chenopodium.schraderianum",NA,"W","N","20090618"
"2F","1st","","commelina.spp",NA,"W","N","20090618"
"2F","1st","","commicarpus.pedunculosus",NA,"W","N","20090618"
"2F","1st","","conyza.sp",NA,"W","N","20090618"
"2F","1st","","corchorus.sp",NA,"W","N","20090618"
"2F","1st","","crotelaria.sp",NA,"W","N","20090618"
"2F","1st","","cyathula.orthacantha",NA,"W","N","20090618"
"2F","1st","","dyscoriste.radicans",NA,"W","N","20090618"
"2F","1st","","euphorbia.inaequilatera",NA,"W","N","20090618"
"2F","1st","","evolvulus.alsinoides",NA,"W","N","20090618"
"2F","1st","","fern",NA,"W","N","20090618"
"2F","1st","","gutenbergia.sp",NA,"W","N","20090618"
"2F","1st","","hermannia.uhligii",NA,"W","N","20090618"
"2F","1st","","hibiscus.flavifolius",NA,"W","N","20090618"
"2F","1st","","hibiscus.trionum",NA,"W","N","20090618"
"2F","1st","","indigofera.brevicalyx",NA,"W","N","20090618"
"2F","1st","","indigofera.schimperi",NA,"W","N","20090618"
"2F","1st","","ipomea.sinensis",NA,"W","N","20090618"
"2F","1st","","justicia.dichipteroides",NA,"W","N","20090618"
"2F","1st","","k",NA,"W","N","20090618"
"2F","1st","","kyllinga.sp",NA,"W","N","20090618"
"2F","1st","","leucas.glabrata",NA,"W","N","20090618"
"2F","1st","","leucas.martiniscensis",NA,"W","N","20090618"
"2F","1st","","lily.a",NA,"W","N","20090618"
"2F","1st","","lily.b",NA,"W","N","20090618"
"2F","1st","","lippia.javanica",NA,"W","N","20090618"
"2F","1st","","melhania.spp.",NA,"W","N","20090618"
"2F","1st","","misopates.orontium",NA,"W","N","20090618"
"2F","1st","","mollugo.nudicaulis",NA,"W","N","20090618"
"2F","1st","","monechima.debile",NA,"W","N","20090618"
"2F","1st","","monsonia.augustifolia",NA,"W","N","20090618"
"2F","1st","","ocimum.sp",NA,"W","N","20090618"
"2F","1st","","osteospermum.vaillantii",NA,"W","N","20090618"
"2F","1st","","oxygonum.sinuatum",NA,"W","N","20090618"
"2F","1st","","pavonia.patens",NA,"W","N","20090618"
"2F","1st","","pelargonium.alchemilloides",NA,"W","N","20090618"
"2F","1st","","pentanisia.ouranogyne",NA,"W","N","20090618"
"2F","1st","","phyllanthus.maderaspatensis",NA,"W","N","20090618"
"2F","1st","","plectranthus.spp",NA,"W","N","20090618"
"2F","1st","","pollichia.campestris",NA,"W","N","20090618"
"2F","1st","","polygala..l.",NA,"W","N","20090618"
"2F","1st","","polygala.sphenoptera",NA,"W","N","20090618"
"2F","1st","","portulaca.oleracea",NA,"W","N","20090618"
"2F","1st","","portulaca.quadrifida",NA,"W","N","20090618"
"2F","1st","","pseudognaphalium..helichrysum.glumaceum.",NA,"W","N","20090618"
"2F","1st","","psilotrichum.schimperi",NA,"W","N","20090618"
"2F","1st","","rhinacanthus.ndorensis",NA,"W","N","20090618"
"2F","1st","","rhynchosia.holstii",NA,"W","N","20090618"
"2F","1st","","schkuhria.pinnata",NA,"W","N","20090618"
"2F","1st","","sida.2",NA,"W","N","20090618"
"2F","1st","","sida.cuneifolia",NA,"W","N","20090618"
"2F","1st","","solanum.incanum",NA,"W","N","20090618"
"2F","1st","","solanum.indicum",NA,"W","N","20090618"
"2F","1st","","tribulus.terrestris",NA,"W","N","20090618"
"2F","1st","","u",NA,"W","N","20090618"
"2F","1st","","w",NA,"W","N","20090618"
"2F","1st","","x_4",NA,"W","N","20090618"
"2F","1st","","x_5",NA,"W","N","20090618"
"2F","1st","","x_6",NA,"W","N","20090618"
"2F","1st","","x_7",NA,"W","N","20090618"
"2F","1st","","x_8",NA,"W","N","20090618"
"2F","All","Lvs","bracharia.lacnantha",NA,"W","N","20090618"
"2F","All","Lvs","lintonia.nutans",NA,"W","N","20090618"
"2F","All","Lvs","pennisetum.mezianum",NA,"W","N","20090618"
"2F","All","Lvs","pennisetum.straminium",1,"W","N","20090618"
"2F","All","Lvs","themeda.triandra",12,"W","N","20090618"
"2F","All","Lvs","bare",NA,"W","N","20090618"
"2F","All","Lvs","x_2",NA,"W","N","20090618"
"2F","All","Lvs","aristida.kenyensis",NA,"W","N","20090618"
"2F","All","Lvs","bothriochloa.insculpta",NA,"W","N","20090618"
"2F","All","Lvs","bracharia.3",NA,"W","N","20090618"
"2F","All","Lvs","bracharia.eruciformis",NA,"W","N","20090618"
"2F","All","Lvs","chloris.sp",NA,"W","N","20090618"
"2F","All","Lvs","cynodon.dactylon",NA,"W","N","20090618"
"2F","All","Lvs","cynodon.plectostachyus",NA,"W","N","20090618"
"2F","All","Lvs","cyperus...mariscus.spp",NA,"W","N","20090618"
"2F","All","Lvs","digitaria.2",NA,"W","N","20090618"
"2F","All","Lvs","digitaria.milanjiana",NA,"W","N","20090618"
"2F","All","Lvs","dinebra.retroflexa",NA,"W","N","20090618"
"2F","All","Lvs","eragrostis.tenuifolia",NA,"W","N","20090618"
"2F","All","Lvs","harpachne.schimperi",NA,"W","N","20090618"
"2F","All","Lvs","microchloa.kunthii",NA,"W","N","20090618"
"2F","All","Lvs","panicum.astrosanguinum",NA,"W","N","20090618"
"2F","All","Lvs","setaria.acromelaena..small.",NA,"W","N","20090618"
"2F","All","Lvs","setaria.sphaecealata..big.",NA,"W","N","20090618"
"2F","All","Lvs","sporobolus.pyramidalis",NA,"W","N","20090618"
"2F","All","Lvs","tragus.berteronianus",NA,"W","N","20090618"
"2F","All","Lvs","x_3",NA,"W","N","20090618"
"2F","All","Lvs","acalypha.crenata",NA,"W","N","20090618"
"2F","All","Lvs","aerva.lanata",NA,"W","N","20090618"
"2F","All","Lvs","amaranthus.hibridus",NA,"W","N","20090618"
"2F","All","Lvs","aspilia.pluriseta",NA,"W","N","20090618"
"2F","All","Lvs","asterolinon.adoense..v.",NA,"W","N","20090618"
"2F","All","Lvs","caralluma.acutangula",NA,"W","N","20090618"
"2F","All","Lvs","chenopodium.opulifolium",NA,"W","N","20090618"
"2F","All","Lvs","chenopodium.schraderianum",NA,"W","N","20090618"
"2F","All","Lvs","commelina.spp",NA,"W","N","20090618"
"2F","All","Lvs","commicarpus.pedunculosus",NA,"W","N","20090618"
"2F","All","Lvs","conyza.sp",NA,"W","N","20090618"
"2F","All","Lvs","corchorus.sp",NA,"W","N","20090618"
"2F","All","Lvs","crotelaria.sp",NA,"W","N","20090618"
"2F","All","Lvs","cyathula.orthacantha",NA,"W","N","20090618"
"2F","All","Lvs","dyscoriste.radicans",NA,"W","N","20090618"
"2F","All","Lvs","euphorbia.inaequilatera",NA,"W","N","20090618"
"2F","All","Lvs","evolvulus.alsinoides",NA,"W","N","20090618"
"2F","All","Lvs","fern",NA,"W","N","20090618"
"2F","All","Lvs","gutenbergia.sp",NA,"W","N","20090618"
"2F","All","Lvs","hermannia.uhligii",NA,"W","N","20090618"
"2F","All","Lvs","hibiscus.flavifolius",NA,"W","N","20090618"
"2F","All","Lvs","hibiscus.trionum",NA,"W","N","20090618"
"2F","All","Lvs","indigofera.brevicalyx",NA,"W","N","20090618"
"2F","All","Lvs","indigofera.schimperi",NA,"W","N","20090618"
"2F","All","Lvs","ipomea.sinensis",NA,"W","N","20090618"
"2F","All","Lvs","justicia.dichipteroides",NA,"W","N","20090618"
"2F","All","Lvs","k",NA,"W","N","20090618"
"2F","All","Lvs","kyllinga.sp",NA,"W","N","20090618"
"2F","All","Lvs","leucas.glabrata",NA,"W","N","20090618"
"2F","All","Lvs","leucas.martiniscensis",NA,"W","N","20090618"
"2F","All","Lvs","lily.a",NA,"W","N","20090618"
"2F","All","Lvs","lily.b",NA,"W","N","20090618"
"2F","All","Lvs","lippia.javanica",NA,"W","N","20090618"
"2F","All","Lvs","melhania.spp.",NA,"W","N","20090618"
"2F","All","Lvs","misopates.orontium",NA,"W","N","20090618"
"2F","All","Lvs","mollugo.nudicaulis",NA,"W","N","20090618"
"2F","All","Lvs","monechima.debile",NA,"W","N","20090618"
"2F","All","Lvs","monsonia.augustifolia",NA,"W","N","20090618"
"2F","All","Lvs","ocimum.sp",NA,"W","N","20090618"
"2F","All","Lvs","osteospermum.vaillantii",NA,"W","N","20090618"
"2F","All","Lvs","oxygonum.sinuatum",NA,"W","N","20090618"
"2F","All","Lvs","pavonia.patens",NA,"W","N","20090618"
"2F","All","Lvs","pelargonium.alchemilloides",NA,"W","N","20090618"
"2F","All","Lvs","pentanisia.ouranogyne",NA,"W","N","20090618"
"2F","All","Lvs","phyllanthus.maderaspatensis",NA,"W","N","20090618"
"2F","All","Lvs","plectranthus.spp",NA,"W","N","20090618"
"2F","All","Lvs","pollichia.campestris",NA,"W","N","20090618"
"2F","All","Lvs","polygala..l.",NA,"W","N","20090618"
"2F","All","Lvs","polygala.sphenoptera",NA,"W","N","20090618"
"2F","All","Lvs","portulaca.oleracea",NA,"W","N","20090618"
"2F","All","Lvs","portulaca.quadrifida",NA,"W","N","20090618"
"2F","All","Lvs","pseudognaphalium..helichrysum.glumaceum.",NA,"W","N","20090618"
"2F","All","Lvs","psilotrichum.schimperi",NA,"W","N","20090618"
"2F","All","Lvs","rhinacanthus.ndorensis",NA,"W","N","20090618"
"2F","All","Lvs","rhynchosia.holstii",NA,"W","N","20090618"
"2F","All","Lvs","schkuhria.pinnata",NA,"W","N","20090618"
"2F","All","Lvs","sida.2",NA,"W","N","20090618"
"2F","All","Lvs","sida.cuneifolia",NA,"W","N","20090618"
"2F","All","Lvs","solanum.incanum",NA,"W","N","20090618"
"2F","All","Lvs","solanum.indicum",NA,"W","N","20090618"
"2F","All","Lvs","tribulus.terrestris",NA,"W","N","20090618"
"2F","All","Lvs","u",NA,"W","N","20090618"
"2F","All","Lvs","w",NA,"W","N","20090618"
"2F","All","Lvs","x_4",NA,"W","N","20090618"
"2F","All","Lvs","x_5",NA,"W","N","20090618"
"2F","All","Lvs","x_6",NA,"W","N","20090618"
"2F","All","Lvs","x_7",NA,"W","N","20090618"
"2F","All","Lvs","x_8",NA,"W","N","20090618"
"2F","All","Stm","bracharia.lacnantha",NA,"W","N","20090618"
"2F","All","Stm","lintonia.nutans",NA,"W","N","20090618"
"2F","All","Stm","pennisetum.mezianum",NA,"W","N","20090618"
"2F","All","Stm","pennisetum.straminium",3,"W","N","20090618"
"2F","All","Stm","themeda.triandra",NA,"W","N","20090618"
"2F","All","Stm","bare",NA,"W","N","20090618"
"2F","All","Stm","x_2",NA,"W","N","20090618"
"2F","All","Stm","aristida.kenyensis",NA,"W","N","20090618"
"2F","All","Stm","bothriochloa.insculpta",NA,"W","N","20090618"
"2F","All","Stm","bracharia.3",NA,"W","N","20090618"
"2F","All","Stm","bracharia.eruciformis",NA,"W","N","20090618"
"2F","All","Stm","chloris.sp",NA,"W","N","20090618"
"2F","All","Stm","cynodon.dactylon",NA,"W","N","20090618"
"2F","All","Stm","cynodon.plectostachyus",NA,"W","N","20090618"
"2F","All","Stm","cyperus...mariscus.spp",NA,"W","N","20090618"
"2F","All","Stm","digitaria.2",NA,"W","N","20090618"
"2F","All","Stm","digitaria.milanjiana",NA,"W","N","20090618"
"2F","All","Stm","dinebra.retroflexa",NA,"W","N","20090618"
"2F","All","Stm","eragrostis.tenuifolia",NA,"W","N","20090618"
"2F","All","Stm","harpachne.schimperi",NA,"W","N","20090618"
"2F","All","Stm","microchloa.kunthii",NA,"W","N","20090618"
"2F","All","Stm","panicum.astrosanguinum",NA,"W","N","20090618"
"2F","All","Stm","setaria.acromelaena..small.",NA,"W","N","20090618"
"2F","All","Stm","setaria.sphaecealata..big.",NA,"W","N","20090618"
"2F","All","Stm","sporobolus.pyramidalis",NA,"W","N","20090618"
"2F","All","Stm","tragus.berteronianus",NA,"W","N","20090618"
"2F","All","Stm","x_3",NA,"W","N","20090618"
"2F","All","Stm","acalypha.crenata",NA,"W","N","20090618"
"2F","All","Stm","aerva.lanata",1,"W","N","20090618"
"2F","All","Stm","amaranthus.hibridus",NA,"W","N","20090618"
"2F","All","Stm","aspilia.pluriseta",NA,"W","N","20090618"
"2F","All","Stm","asterolinon.adoense..v.",NA,"W","N","20090618"
"2F","All","Stm","caralluma.acutangula",NA,"W","N","20090618"
"2F","All","Stm","chenopodium.opulifolium",NA,"W","N","20090618"
"2F","All","Stm","chenopodium.schraderianum",NA,"W","N","20090618"
"2F","All","Stm","commelina.spp",NA,"W","N","20090618"
"2F","All","Stm","commicarpus.pedunculosus",NA,"W","N","20090618"
"2F","All","Stm","conyza.sp",NA,"W","N","20090618"
"2F","All","Stm","corchorus.sp",NA,"W","N","20090618"
"2F","All","Stm","crotelaria.sp",NA,"W","N","20090618"
"2F","All","Stm","cyathula.orthacantha",NA,"W","N","20090618"
"2F","All","Stm","dyscoriste.radicans",NA,"W","N","20090618"
"2F","All","Stm","euphorbia.inaequilatera",NA,"W","N","20090618"
"2F","All","Stm","evolvulus.alsinoides",NA,"W","N","20090618"
"2F","All","Stm","fern",NA,"W","N","20090618"
"2F","All","Stm","gutenbergia.sp",NA,"W","N","20090618"
"2F","All","Stm","hermannia.uhligii",NA,"W","N","20090618"
"2F","All","Stm","hibiscus.flavifolius",NA,"W","N","20090618"
"2F","All","Stm","hibiscus.trionum",NA,"W","N","20090618"
"2F","All","Stm","indigofera.brevicalyx",NA,"W","N","20090618"
"2F","All","Stm","indigofera.schimperi",NA,"W","N","20090618"
"2F","All","Stm","ipomea.sinensis",NA,"W","N","20090618"
"2F","All","Stm","justicia.dichipteroides",NA,"W","N","20090618"
"2F","All","Stm","k",NA,"W","N","20090618"
"2F","All","Stm","kyllinga.sp",NA,"W","N","20090618"
"2F","All","Stm","leucas.glabrata",NA,"W","N","20090618"
"2F","All","Stm","leucas.martiniscensis",NA,"W","N","20090618"
"2F","All","Stm","lily.a",NA,"W","N","20090618"
"2F","All","Stm","lily.b",NA,"W","N","20090618"
"2F","All","Stm","lippia.javanica",NA,"W","N","20090618"
"2F","All","Stm","melhania.spp.",NA,"W","N","20090618"
"2F","All","Stm","misopates.orontium",NA,"W","N","20090618"
"2F","All","Stm","mollugo.nudicaulis",NA,"W","N","20090618"
"2F","All","Stm","monechima.debile",NA,"W","N","20090618"
"2F","All","Stm","monsonia.augustifolia",NA,"W","N","20090618"
"2F","All","Stm","ocimum.sp",NA,"W","N","20090618"
"2F","All","Stm","osteospermum.vaillantii",NA,"W","N","20090618"
"2F","All","Stm","oxygonum.sinuatum",NA,"W","N","20090618"
"2F","All","Stm","pavonia.patens",NA,"W","N","20090618"
"2F","All","Stm","pelargonium.alchemilloides",NA,"W","N","20090618"
"2F","All","Stm","pentanisia.ouranogyne",NA,"W","N","20090618"
"2F","All","Stm","phyllanthus.maderaspatensis",NA,"W","N","20090618"
"2F","All","Stm","plectranthus.spp",NA,"W","N","20090618"
"2F","All","Stm","pollichia.campestris",NA,"W","N","20090618"
"2F","All","Stm","polygala..l.",NA,"W","N","20090618"
"2F","All","Stm","polygala.sphenoptera",NA,"W","N","20090618"
"2F","All","Stm","portulaca.oleracea",NA,"W","N","20090618"
"2F","All","Stm","portulaca.quadrifida",NA,"W","N","20090618"
"2F","All","Stm","pseudognaphalium..helichrysum.glumaceum.",NA,"W","N","20090618"
"2F","All","Stm","psilotrichum.schimperi",NA,"W","N","20090618"
"2F","All","Stm","rhinacanthus.ndorensis",NA,"W","N","20090618"
"2F","All","Stm","rhynchosia.holstii",NA,"W","N","20090618"
"2F","All","Stm","schkuhria.pinnata",NA,"W","N","20090618"
"2F","All","Stm","sida.2",NA,"W","N","20090618"
"2F","All","Stm","sida.cuneifolia",NA,"W","N","20090618"
"2F","All","Stm","solanum.incanum",NA,"W","N","20090618"
"2F","All","Stm","solanum.indicum",NA,"W","N","20090618"
"2F","All","Stm","tribulus.terrestris",NA,"W","N","20090618"
"2F","All","Stm","u",NA,"W","N","20090618"
"2F","All","Stm","w",NA,"W","N","20090618"
"2F","All","Stm","x_4",NA,"W","N","20090618"
"2F","All","Stm","x_5",NA,"W","N","20090618"
"2F","All","Stm","x_6",NA,"W","N","20090618"
"2F","All","Stm","x_7",NA,"W","N","20090618"
"2F","All","Stm","x_8",NA,"W","N","20090618"
"2D","1st","","bracharia.lacnantha",6,"W","N","20090618"
"2D","1st","","lintonia.nutans",NA,"W","N","20090618"
"2D","1st","","pennisetum.mezianum",NA,"W","N","20090618"
"2D","1st","","pennisetum.straminium",2,"W","N","20090618"
"2D","1st","","themeda.triandra",NA,"W","N","20090618"
"2D","1st","","bare",4,"W","N","20090618"
"2D","1st","","x_2",NA,"W","N","20090618"
"2D","1st","","aristida.kenyensis",NA,"W","N","20090618"
"2D","1st","","bothriochloa.insculpta",NA,"W","N","20090618"
"2D","1st","","bracharia.3",NA,"W","N","20090618"
"2D","1st","","bracharia.eruciformis",NA,"W","N","20090618"
"2D","1st","","chloris.sp",NA,"W","N","20090618"
"2D","1st","","cynodon.dactylon",NA,"W","N","20090618"
"2D","1st","","cynodon.plectostachyus",NA,"W","N","20090618"
"2D","1st","","cyperus...mariscus.spp",NA,"W","N","20090618"
"2D","1st","","digitaria.2",NA,"W","N","20090618"
"2D","1st","","digitaria.milanjiana",NA,"W","N","20090618"
"2D","1st","","dinebra.retroflexa",NA,"W","N","20090618"
"2D","1st","","eragrostis.tenuifolia",NA,"W","N","20090618"
"2D","1st","","harpachne.schimperi",NA,"W","N","20090618"
"2D","1st","","microchloa.kunthii",NA,"W","N","20090618"
"2D","1st","","panicum.astrosanguinum",NA,"W","N","20090618"
"2D","1st","","setaria.acromelaena..small.",NA,"W","N","20090618"
"2D","1st","","setaria.sphaecealata..big.",NA,"W","N","20090618"
"2D","1st","","sporobolus.pyramidalis",NA,"W","N","20090618"
"2D","1st","","tragus.berteronianus",NA,"W","N","20090618"
"2D","1st","","x_3",NA,"W","N","20090618"
"2D","1st","","acalypha.crenata",NA,"W","N","20090618"
"2D","1st","","aerva.lanata",NA,"W","N","20090618"
"2D","1st","","amaranthus.hibridus",NA,"W","N","20090618"
"2D","1st","","aspilia.pluriseta",NA,"W","N","20090618"
"2D","1st","","asterolinon.adoense..v.",NA,"W","N","20090618"
"2D","1st","","caralluma.acutangula",NA,"W","N","20090618"
"2D","1st","","chenopodium.opulifolium",NA,"W","N","20090618"
"2D","1st","","chenopodium.schraderianum",NA,"W","N","20090618"
"2D","1st","","commelina.spp",NA,"W","N","20090618"
"2D","1st","","commicarpus.pedunculosus",NA,"W","N","20090618"
"2D","1st","","conyza.sp",NA,"W","N","20090618"
"2D","1st","","corchorus.sp",NA,"W","N","20090618"
"2D","1st","","crotelaria.sp",NA,"W","N","20090618"
"2D","1st","","cyathula.orthacantha",NA,"W","N","20090618"
"2D","1st","","dyscoriste.radicans",NA,"W","N","20090618"
"2D","1st","","euphorbia.inaequilatera",NA,"W","N","20090618"
"2D","1st","","evolvulus.alsinoides",NA,"W","N","20090618"
"2D","1st","","fern",NA,"W","N","20090618"
"2D","1st","","gutenbergia.sp",NA,"W","N","20090618"
"2D","1st","","hermannia.uhligii",NA,"W","N","20090618"
"2D","1st","","hibiscus.flavifolius",NA,"W","N","20090618"
"2D","1st","","hibiscus.trionum",NA,"W","N","20090618"
"2D","1st","","indigofera.brevicalyx",NA,"W","N","20090618"
"2D","1st","","indigofera.schimperi",NA,"W","N","20090618"
"2D","1st","","ipomea.sinensis",NA,"W","N","20090618"
"2D","1st","","justicia.dichipteroides",NA,"W","N","20090618"
"2D","1st","","k",NA,"W","N","20090618"
"2D","1st","","kyllinga.sp",NA,"W","N","20090618"
"2D","1st","","leucas.glabrata",NA,"W","N","20090618"
"2D","1st","","leucas.martiniscensis",NA,"W","N","20090618"
"2D","1st","","lily.a",NA,"W","N","20090618"
"2D","1st","","lily.b",NA,"W","N","20090618"
"2D","1st","","lippia.javanica",NA,"W","N","20090618"
"2D","1st","","melhania.spp.",NA,"W","N","20090618"
"2D","1st","","misopates.orontium",NA,"W","N","20090618"
"2D","1st","","mollugo.nudicaulis",NA,"W","N","20090618"
"2D","1st","","monechima.debile",NA,"W","N","20090618"
"2D","1st","","monsonia.augustifolia",NA,"W","N","20090618"
"2D","1st","","ocimum.sp",NA,"W","N","20090618"
"2D","1st","","osteospermum.vaillantii",NA,"W","N","20090618"
"2D","1st","","oxygonum.sinuatum",NA,"W","N","20090618"
"2D","1st","","pavonia.patens",NA,"W","N","20090618"
"2D","1st","","pelargonium.alchemilloides",NA,"W","N","20090618"
"2D","1st","","pentanisia.ouranogyne",NA,"W","N","20090618"
"2D","1st","","phyllanthus.maderaspatensis",NA,"W","N","20090618"
"2D","1st","","plectranthus.spp",NA,"W","N","20090618"
"2D","1st","","pollichia.campestris",NA,"W","N","20090618"
"2D","1st","","polygala..l.",NA,"W","N","20090618"
"2D","1st","","polygala.sphenoptera",NA,"W","N","20090618"
"2D","1st","","portulaca.oleracea",NA,"W","N","20090618"
"2D","1st","","portulaca.quadrifida",NA,"W","N","20090618"
"2D","1st","","pseudognaphalium..helichrysum.glumaceum.",NA,"W","N","20090618"
"2D","1st","","psilotrichum.schimperi",NA,"W","N","20090618"
"2D","1st","","rhinacanthus.ndorensis",NA,"W","N","20090618"
"2D","1st","","rhynchosia.holstii",NA,"W","N","20090618"
"2D","1st","","schkuhria.pinnata",NA,"W","N","20090618"
"2D","1st","","sida.2",NA,"W","N","20090618"
"2D","1st","","sida.cuneifolia",NA,"W","N","20090618"
"2D","1st","","solanum.incanum",NA,"W","N","20090618"
"2D","1st","","solanum.indicum",NA,"W","N","20090618"
"2D","1st","","tribulus.terrestris",NA,"W","N","20090618"
"2D","1st","","u",NA,"W","N","20090618"
"2D","1st","","w",NA,"W","N","20090618"
"2D","1st","","x_4",NA,"W","N","20090618"
"2D","1st","","x_5",NA,"W","N","20090618"
"2D","1st","","x_6",NA,"W","N","20090618"
"2D","1st","","x_7",NA,"W","N","20090618"
"2D","1st","","x_8",NA,"W","N","20090618"
"2D","All","Lvs","bracharia.lacnantha",8,"W","N","20090618"
"2D","All","Lvs","lintonia.nutans",NA,"W","N","20090618"
"2D","All","Lvs","pennisetum.mezianum",NA,"W","N","20090618"
"2D","All","Lvs","pennisetum.straminium",NA,"W","N","20090618"
"2D","All","Lvs","themeda.triandra",NA,"W","N","20090618"
"2D","All","Lvs","bare",NA,"W","N","20090618"
"2D","All","Lvs","x_2",NA,"W","N","20090618"
"2D","All","Lvs","aristida.kenyensis",NA,"W","N","20090618"
"2D","All","Lvs","bothriochloa.insculpta",NA,"W","N","20090618"
"2D","All","Lvs","bracharia.3",NA,"W","N","20090618"
"2D","All","Lvs","bracharia.eruciformis",NA,"W","N","20090618"
"2D","All","Lvs","chloris.sp",NA,"W","N","20090618"
"2D","All","Lvs","cynodon.dactylon",NA,"W","N","20090618"
"2D","All","Lvs","cynodon.plectostachyus",NA,"W","N","20090618"
"2D","All","Lvs","cyperus...mariscus.spp",NA,"W","N","20090618"
"2D","All","Lvs","digitaria.2",NA,"W","N","20090618"
"2D","All","Lvs","digitaria.milanjiana",NA,"W","N","20090618"
"2D","All","Lvs","dinebra.retroflexa",NA,"W","N","20090618"
"2D","All","Lvs","eragrostis.tenuifolia",NA,"W","N","20090618"
"2D","All","Lvs","harpachne.schimperi",NA,"W","N","20090618"
"2D","All","Lvs","microchloa.kunthii",NA,"W","N","20090618"
"2D","All","Lvs","panicum.astrosanguinum",NA,"W","N","20090618"
"2D","All","Lvs","setaria.acromelaena..small.",NA,"W","N","20090618"
"2D","All","Lvs","setaria.sphaecealata..big.",NA,"W","N","20090618"
"2D","All","Lvs","sporobolus.pyramidalis",NA,"W","N","20090618"
"2D","All","Lvs","tragus.berteronianus",NA,"W","N","20090618"
"2D","All","Lvs","x_3",NA,"W","N","20090618"
"2D","All","Lvs","acalypha.crenata",NA,"W","N","20090618"
"2D","All","Lvs","aerva.lanata",NA,"W","N","20090618"
"2D","All","Lvs","amaranthus.hibridus",NA,"W","N","20090618"
"2D","All","Lvs","aspilia.pluriseta",NA,"W","N","20090618"
"2D","All","Lvs","asterolinon.adoense..v.",NA,"W","N","20090618"
"2D","All","Lvs","caralluma.acutangula",NA,"W","N","20090618"
"2D","All","Lvs","chenopodium.opulifolium",NA,"W","N","20090618"
"2D","All","Lvs","chenopodium.schraderianum",NA,"W","N","20090618"
"2D","All","Lvs","commelina.spp",NA,"W","N","20090618"
"2D","All","Lvs","commicarpus.pedunculosus",NA,"W","N","20090618"
"2D","All","Lvs","conyza.sp",NA,"W","N","20090618"
"2D","All","Lvs","corchorus.sp",NA,"W","N","20090618"
"2D","All","Lvs","crotelaria.sp",NA,"W","N","20090618"
"2D","All","Lvs","cyathula.orthacantha",NA,"W","N","20090618"
"2D","All","Lvs","dyscoriste.radicans",NA,"W","N","20090618"
"2D","All","Lvs","euphorbia.inaequilatera",NA,"W","N","20090618"
"2D","All","Lvs","evolvulus.alsinoides",NA,"W","N","20090618"
"2D","All","Lvs","fern",NA,"W","N","20090618"
"2D","All","Lvs","gutenbergia.sp",NA,"W","N","20090618"
"2D","All","Lvs","hermannia.uhligii",NA,"W","N","20090618"
"2D","All","Lvs","hibiscus.flavifolius",NA,"W","N","20090618"
"2D","All","Lvs","hibiscus.trionum",NA,"W","N","20090618"
"2D","All","Lvs","indigofera.brevicalyx",NA,"W","N","20090618"
"2D","All","Lvs","indigofera.schimperi",NA,"W","N","20090618"
"2D","All","Lvs","ipomea.sinensis",NA,"W","N","20090618"
"2D","All","Lvs","justicia.dichipteroides",NA,"W","N","20090618"
"2D","All","Lvs","k",NA,"W","N","20090618"
"2D","All","Lvs","kyllinga.sp",NA,"W","N","20090618"
"2D","All","Lvs","leucas.glabrata",NA,"W","N","20090618"
"2D","All","Lvs","leucas.martiniscensis",NA,"W","N","20090618"
"2D","All","Lvs","lily.a",NA,"W","N","20090618"
"2D","All","Lvs","lily.b",NA,"W","N","20090618"
"2D","All","Lvs","lippia.javanica",NA,"W","N","20090618"
"2D","All","Lvs","melhania.spp.",NA,"W","N","20090618"
"2D","All","Lvs","misopates.orontium",NA,"W","N","20090618"
"2D","All","Lvs","mollugo.nudicaulis",NA,"W","N","20090618"
"2D","All","Lvs","monechima.debile",NA,"W","N","20090618"
"2D","All","Lvs","monsonia.augustifolia",NA,"W","N","20090618"
"2D","All","Lvs","ocimum.sp",NA,"W","N","20090618"
"2D","All","Lvs","osteospermum.vaillantii",NA,"W","N","20090618"
"2D","All","Lvs","oxygonum.sinuatum",NA,"W","N","20090618"
"2D","All","Lvs","pavonia.patens",NA,"W","N","20090618"
"2D","All","Lvs","pelargonium.alchemilloides",NA,"W","N","20090618"
"2D","All","Lvs","pentanisia.ouranogyne",NA,"W","N","20090618"
"2D","All","Lvs","phyllanthus.maderaspatensis",NA,"W","N","20090618"
"2D","All","Lvs","plectranthus.spp",NA,"W","N","20090618"
"2D","All","Lvs","pollichia.campestris",NA,"W","N","20090618"
"2D","All","Lvs","polygala..l.",NA,"W","N","20090618"
"2D","All","Lvs","polygala.sphenoptera",NA,"W","N","20090618"
"2D","All","Lvs","portulaca.oleracea",NA,"W","N","20090618"
"2D","All","Lvs","portulaca.quadrifida",NA,"W","N","20090618"
"2D","All","Lvs","pseudognaphalium..helichrysum.glumaceum.",NA,"W","N","20090618"
"2D","All","Lvs","psilotrichum.schimperi",NA,"W","N","20090618"
"2D","All","Lvs","rhinacanthus.ndorensis",NA,"W","N","20090618"
"2D","All","Lvs","rhynchosia.holstii",NA,"W","N","20090618"
"2D","All","Lvs","schkuhria.pinnata",NA,"W","N","20090618"
"2D","All","Lvs","sida.2",NA,"W","N","20090618"
"2D","All","Lvs","sida.cuneifolia",NA,"W","N","20090618"
"2D","All","Lvs","solanum.incanum",NA,"W","N","20090618"
"2D","All","Lvs","solanum.indicum",NA,"W","N","20090618"
"2D","All","Lvs","tribulus.terrestris",NA,"W","N","20090618"
"2D","All","Lvs","u",NA,"W","N","20090618"
"2D","All","Lvs","w",NA,"W","N","20090618"
"2D","All","Lvs","x_4",NA,"W","N","20090618"
"2D","All","Lvs","x_5",NA,"W","N","20090618"
"2D","All","Lvs","x_6",NA,"W","N","20090618"
"2D","All","Lvs","x_7",NA,"W","N","20090618"
"2D","All","Lvs","x_8",NA,"W","N","20090618"
"2D","All","Stm","bracharia.lacnantha",4,"W","N","20090618"
"2D","All","Stm","lintonia.nutans",NA,"W","N","20090618"
"2D","All","Stm","pennisetum.mezianum",NA,"W","N","20090618"
"2D","All","Stm","pennisetum.straminium",3,"W","N","20090618"
"2D","All","Stm","themeda.triandra",NA,"W","N","20090618"
"2D","All","Stm","bare",NA,"W","N","20090618"
"2D","All","Stm","x_2",NA,"W","N","20090618"
"2D","All","Stm","aristida.kenyensis",NA,"W","N","20090618"
"2D","All","Stm","bothriochloa.insculpta",NA,"W","N","20090618"
"2D","All","Stm","bracharia.3",NA,"W","N","20090618"
"2D","All","Stm","bracharia.eruciformis",NA,"W","N","20090618"
"2D","All","Stm","chloris.sp",NA,"W","N","20090618"
"2D","All","Stm","cynodon.dactylon",NA,"W","N","20090618"
"2D","All","Stm","cynodon.plectostachyus",NA,"W","N","20090618"
"2D","All","Stm","cyperus...mariscus.spp",NA,"W","N","20090618"
"2D","All","Stm","digitaria.2",NA,"W","N","20090618"
"2D","All","Stm","digitaria.milanjiana",NA,"W","N","20090618"
"2D","All","Stm","dinebra.retroflexa",NA,"W","N","20090618"
"2D","All","Stm","eragrostis.tenuifolia",NA,"W","N","20090618"
"2D","All","Stm","harpachne.schimperi",NA,"W","N","20090618"
"2D","All","Stm","microchloa.kunthii",NA,"W","N","20090618"
"2D","All","Stm","panicum.astrosanguinum",NA,"W","N","20090618"
"2D","All","Stm","setaria.acromelaena..small.",NA,"W","N","20090618"
"2D","All","Stm","setaria.sphaecealata..big.",NA,"W","N","20090618"
"2D","All","Stm","sporobolus.pyramidalis",NA,"W","N","20090618"
"2D","All","Stm","tragus.berteronianus",NA,"W","N","20090618"
"2D","All","Stm","x_3",NA,"W","N","20090618"
"2D","All","Stm","acalypha.crenata",NA,"W","N","20090618"
"2D","All","Stm","aerva.lanata",NA,"W","N","20090618"
"2D","All","Stm","amaranthus.hibridus",NA,"W","N","20090618"
"2D","All","Stm","aspilia.pluriseta",NA,"W","N","20090618"
"2D","All","Stm","asterolinon.adoense..v.",NA,"W","N","20090618"
"2D","All","Stm","caralluma.acutangula",NA,"W","N","20090618"
"2D","All","Stm","chenopodium.opulifolium",NA,"W","N","20090618"
"2D","All","Stm","chenopodium.schraderianum",NA,"W","N","20090618"
"2D","All","Stm","commelina.spp",NA,"W","N","20090618"
"2D","All","Stm","commicarpus.pedunculosus",NA,"W","N","20090618"
"2D","All","Stm","conyza.sp",NA,"W","N","20090618"
"2D","All","Stm","corchorus.sp",NA,"W","N","20090618"
"2D","All","Stm","crotelaria.sp",NA,"W","N","20090618"
"2D","All","Stm","cyathula.orthacantha",NA,"W","N","20090618"
"2D","All","Stm","dyscoriste.radicans",NA,"W","N","20090618"
"2D","All","Stm","euphorbia.inaequilatera",NA,"W","N","20090618"
"2D","All","Stm","evolvulus.alsinoides",NA,"W","N","20090618"
"2D","All","Stm","fern",NA,"W","N","20090618"
"2D","All","Stm","gutenbergia.sp",NA,"W","N","20090618"
"2D","All","Stm","hermannia.uhligii",NA,"W","N","20090618"
"2D","All","Stm","hibiscus.flavifolius",NA,"W","N","20090618"
"2D","All","Stm","hibiscus.trionum",NA,"W","N","20090618"
"2D","All","Stm","indigofera.brevicalyx",NA,"W","N","20090618"
"2D","All","Stm","indigofera.schimperi",NA,"W","N","20090618"
"2D","All","Stm","ipomea.sinensis",NA,"W","N","20090618"
"2D","All","Stm","justicia.dichipteroides",NA,"W","N","20090618"
"2D","All","Stm","k",NA,"W","N","20090618"
"2D","All","Stm","kyllinga.sp",NA,"W","N","20090618"
"2D","All","Stm","leucas.glabrata",NA,"W","N","20090618"
"2D","All","Stm","leucas.martiniscensis",NA,"W","N","20090618"
"2D","All","Stm","lily.a",NA,"W","N","20090618"
"2D","All","Stm","lily.b",NA,"W","N","20090618"
"2D","All","Stm","lippia.javanica",NA,"W","N","20090618"
"2D","All","Stm","melhania.spp.",NA,"W","N","20090618"
"2D","All","Stm","misopates.orontium",NA,"W","N","20090618"
"2D","All","Stm","mollugo.nudicaulis",NA,"W","N","20090618"
"2D","All","Stm","monechima.debile",NA,"W","N","20090618"
"2D","All","Stm","monsonia.augustifolia",NA,"W","N","20090618"
"2D","All","Stm","ocimum.sp",NA,"W","N","20090618"
"2D","All","Stm","osteospermum.vaillantii",NA,"W","N","20090618"
"2D","All","Stm","oxygonum.sinuatum",NA,"W","N","20090618"
"2D","All","Stm","pavonia.patens",NA,"W","N","20090618"
"2D","All","Stm","pelargonium.alchemilloides",NA,"W","N","20090618"
"2D","All","Stm","pentanisia.ouranogyne",NA,"W","N","20090618"
"2D","All","Stm","phyllanthus.maderaspatensis",NA,"W","N","20090618"
"2D","All","Stm","plectranthus.spp",NA,"W","N","20090618"
"2D","All","Stm","pollichia.campestris",NA,"W","N","20090618"
"2D","All","Stm","polygala..l.",NA,"W","N","20090618"
"2D","All","Stm","polygala.sphenoptera",NA,"W","N","20090618"
"2D","All","Stm","portulaca.oleracea",NA,"W","N","20090618"
"2D","All","Stm","portulaca.quadrifida",NA,"W","N","20090618"
"2D","All","Stm","pseudognaphalium..helichrysum.glumaceum.",NA,"W","N","20090618"
"2D","All","Stm","psilotrichum.schimperi",NA,"W","N","20090618"
"2D","All","Stm","rhinacanthus.ndorensis",NA,"W","N","20090618"
"2D","All","Stm","rhynchosia.holstii",NA,"W","N","20090618"
"2D","All","Stm","schkuhria.pinnata",NA,"W","N","20090618"
"2D","All","Stm","sida.2",NA,"W","N","20090618"
"2D","All","Stm","sida.cuneifolia",NA,"W","N","20090618"
"2D","All","Stm","solanum.incanum",NA,"W","N","20090618"
"2D","All","Stm","solanum.indicum",NA,"W","N","20090618"
"2D","All","Stm","tribulus.terrestris",NA,"W","N","20090618"
"2D","All","Stm","u",NA,"W","N","20090618"
"2D","All","Stm","w",NA,"W","N","20090618"
"2D","All","Stm","x_4",NA,"W","N","20090618"
"2D","All","Stm","x_5",NA,"W","N","20090618"
"2D","All","Stm","x_6",NA,"W","N","20090618"
"2D","All","Stm","x_7",NA,"W","N","20090618"
"2D","All","Stm","x_8",NA,"W","N","20090618"
"2B","1st","","bracharia.lacnantha",1,"W","N","20090618"
"2B","1st","","lintonia.nutans",NA,"W","N","20090618"
"2B","1st","","pennisetum.mezianum",NA,"W","N","20090618"
"2B","1st","","pennisetum.straminium",4,"W","N","20090618"
"2B","1st","","themeda.triandra",5,"W","N","20090618"
"2B","1st","","bare",NA,"W","N","20090618"
"2B","1st","","x_2",NA,"W","N","20090618"
"2B","1st","","aristida.kenyensis",NA,"W","N","20090618"
"2B","1st","","bothriochloa.insculpta",NA,"W","N","20090618"
"2B","1st","","bracharia.3",NA,"W","N","20090618"
"2B","1st","","bracharia.eruciformis",NA,"W","N","20090618"
"2B","1st","","chloris.sp",NA,"W","N","20090618"
"2B","1st","","cynodon.dactylon",NA,"W","N","20090618"
"2B","1st","","cynodon.plectostachyus",NA,"W","N","20090618"
"2B","1st","","cyperus...mariscus.spp",NA,"W","N","20090618"
"2B","1st","","digitaria.2",NA,"W","N","20090618"
"2B","1st","","digitaria.milanjiana",NA,"W","N","20090618"
"2B","1st","","dinebra.retroflexa",NA,"W","N","20090618"
"2B","1st","","eragrostis.tenuifolia",NA,"W","N","20090618"
"2B","1st","","harpachne.schimperi",NA,"W","N","20090618"
"2B","1st","","microchloa.kunthii",NA,"W","N","20090618"
"2B","1st","","panicum.astrosanguinum",NA,"W","N","20090618"
"2B","1st","","setaria.acromelaena..small.",NA,"W","N","20090618"
"2B","1st","","setaria.sphaecealata..big.",NA,"W","N","20090618"
"2B","1st","","sporobolus.pyramidalis",NA,"W","N","20090618"
"2B","1st","","tragus.berteronianus",NA,"W","N","20090618"
"2B","1st","","x_3",NA,"W","N","20090618"
"2B","1st","","acalypha.crenata",NA,"W","N","20090618"
"2B","1st","","aerva.lanata",NA,"W","N","20090618"
"2B","1st","","amaranthus.hibridus",NA,"W","N","20090618"
"2B","1st","","aspilia.pluriseta",NA,"W","N","20090618"
"2B","1st","","asterolinon.adoense..v.",NA,"W","N","20090618"
"2B","1st","","caralluma.acutangula",NA,"W","N","20090618"
"2B","1st","","chenopodium.opulifolium",NA,"W","N","20090618"
"2B","1st","","chenopodium.schraderianum",NA,"W","N","20090618"
"2B","1st","","commelina.spp",NA,"W","N","20090618"
"2B","1st","","commicarpus.pedunculosus",NA,"W","N","20090618"
"2B","1st","","conyza.sp",NA,"W","N","20090618"
"2B","1st","","corchorus.sp",NA,"W","N","20090618"
"2B","1st","","crotelaria.sp",NA,"W","N","20090618"
"2B","1st","","cyathula.orthacantha",NA,"W","N","20090618"
"2B","1st","","dyscoriste.radicans",NA,"W","N","20090618"
"2B","1st","","euphorbia.inaequilatera",NA,"W","N","20090618"
"2B","1st","","evolvulus.alsinoides",NA,"W","N","20090618"
"2B","1st","","fern",NA,"W","N","20090618"
"2B","1st","","gutenbergia.sp",NA,"W","N","20090618"
"2B","1st","","hermannia.uhligii",NA,"W","N","20090618"
"2B","1st","","hibiscus.flavifolius",NA,"W","N","20090618"
"2B","1st","","hibiscus.trionum",NA,"W","N","20090618"
"2B","1st","","indigofera.brevicalyx",NA,"W","N","20090618"
"2B","1st","","indigofera.schimperi",NA,"W","N","20090618"
"2B","1st","","ipomea.sinensis",NA,"W","N","20090618"
"2B","1st","","justicia.dichipteroides",NA,"W","N","20090618"
"2B","1st","","k",NA,"W","N","20090618"
"2B","1st","","kyllinga.sp",NA,"W","N","20090618"
"2B","1st","","leucas.glabrata",NA,"W","N","20090618"
"2B","1st","","leucas.martiniscensis",NA,"W","N","20090618"
"2B","1st","","lily.a",NA,"W","N","20090618"
"2B","1st","","lily.b",NA,"W","N","20090618"
"2B","1st","","lippia.javanica",NA,"W","N","20090618"
"2B","1st","","melhania.spp.",NA,"W","N","20090618"
"2B","1st","","misopates.orontium",NA,"W","N","20090618"
"2B","1st","","mollugo.nudicaulis",NA,"W","N","20090618"
"2B","1st","","monechima.debile",NA,"W","N","20090618"
"2B","1st","","monsonia.augustifolia",NA,"W","N","20090618"
"2B","1st","","ocimum.sp",NA,"W","N","20090618"
"2B","1st","","osteospermum.vaillantii",NA,"W","N","20090618"
"2B","1st","","oxygonum.sinuatum",NA,"W","N","20090618"
"2B","1st","","pavonia.patens",NA,"W","N","20090618"
"2B","1st","","pelargonium.alchemilloides",NA,"W","N","20090618"
"2B","1st","","pentanisia.ouranogyne",NA,"W","N","20090618"
"2B","1st","","phyllanthus.maderaspatensis",NA,"W","N","20090618"
"2B","1st","","plectranthus.spp",NA,"W","N","20090618"
"2B","1st","","pollichia.campestris",NA,"W","N","20090618"
"2B","1st","","polygala..l.",NA,"W","N","20090618"
"2B","1st","","polygala.sphenoptera",NA,"W","N","20090618"
"2B","1st","","portulaca.oleracea",NA,"W","N","20090618"
"2B","1st","","portulaca.quadrifida",NA,"W","N","20090618"
"2B","1st","","pseudognaphalium..helichrysum.glumaceum.",NA,"W","N","20090618"
"2B","1st","","psilotrichum.schimperi",NA,"W","N","20090618"
"2B","1st","","rhinacanthus.ndorensis",NA,"W","N","20090618"
"2B","1st","","rhynchosia.holstii",NA,"W","N","20090618"
"2B","1st","","schkuhria.pinnata",NA,"W","N","20090618"
"2B","1st","","sida.2",NA,"W","N","20090618"
"2B","1st","","sida.cuneifolia",NA,"W","N","20090618"
"2B","1st","","solanum.incanum",NA,"W","N","20090618"
"2B","1st","","solanum.indicum",NA,"W","N","20090618"
"2B","1st","","tribulus.terrestris",NA,"W","N","20090618"
"2B","1st","","u",NA,"W","N","20090618"
"2B","1st","","w",NA,"W","N","20090618"
"2B","1st","","x_4",NA,"W","N","20090618"
"2B","1st","","x_5",NA,"W","N","20090618"
"2B","1st","","x_6",NA,"W","N","20090618"
"2B","1st","","x_7",NA,"W","N","20090618"
"2B","1st","","x_8",NA,"W","N","20090618"
"2B","All","Lvs","bracharia.lacnantha",1,"W","N","20090618"
"2B","All","Lvs","lintonia.nutans",NA,"W","N","20090618"
"2B","All","Lvs","pennisetum.mezianum",NA,"W","N","20090618"
"2B","All","Lvs","pennisetum.straminium",3,"W","N","20090618"
"2B","All","Lvs","themeda.triandra",10,"W","N","20090618"
"2B","All","Lvs","bare",NA,"W","N","20090618"
"2B","All","Lvs","x_2",NA,"W","N","20090618"
"2B","All","Lvs","aristida.kenyensis",NA,"W","N","20090618"
"2B","All","Lvs","bothriochloa.insculpta",NA,"W","N","20090618"
"2B","All","Lvs","bracharia.3",NA,"W","N","20090618"
"2B","All","Lvs","bracharia.eruciformis",NA,"W","N","20090618"
"2B","All","Lvs","chloris.sp",NA,"W","N","20090618"
"2B","All","Lvs","cynodon.dactylon",NA,"W","N","20090618"
"2B","All","Lvs","cynodon.plectostachyus",NA,"W","N","20090618"
"2B","All","Lvs","cyperus...mariscus.spp",NA,"W","N","20090618"
"2B","All","Lvs","digitaria.2",NA,"W","N","20090618"
"2B","All","Lvs","digitaria.milanjiana",NA,"W","N","20090618"
"2B","All","Lvs","dinebra.retroflexa",NA,"W","N","20090618"
"2B","All","Lvs","eragrostis.tenuifolia",NA,"W","N","20090618"
"2B","All","Lvs","harpachne.schimperi",NA,"W","N","20090618"
"2B","All","Lvs","microchloa.kunthii",NA,"W","N","20090618"
"2B","All","Lvs","panicum.astrosanguinum",NA,"W","N","20090618"
"2B","All","Lvs","setaria.acromelaena..small.",NA,"W","N","20090618"
"2B","All","Lvs","setaria.sphaecealata..big.",NA,"W","N","20090618"
"2B","All","Lvs","sporobolus.pyramidalis",NA,"W","N","20090618"
"2B","All","Lvs","tragus.berteronianus",NA,"W","N","20090618"
"2B","All","Lvs","x_3",NA,"W","N","20090618"
"2B","All","Lvs","acalypha.crenata",NA,"W","N","20090618"
"2B","All","Lvs","aerva.lanata",NA,"W","N","20090618"
"2B","All","Lvs","amaranthus.hibridus",NA,"W","N","20090618"
"2B","All","Lvs","aspilia.pluriseta",NA,"W","N","20090618"
"2B","All","Lvs","asterolinon.adoense..v.",NA,"W","N","20090618"
"2B","All","Lvs","caralluma.acutangula",NA,"W","N","20090618"
"2B","All","Lvs","chenopodium.opulifolium",NA,"W","N","20090618"
"2B","All","Lvs","chenopodium.schraderianum",NA,"W","N","20090618"
"2B","All","Lvs","commelina.spp",NA,"W","N","20090618"
"2B","All","Lvs","commicarpus.pedunculosus",NA,"W","N","20090618"
"2B","All","Lvs","conyza.sp",NA,"W","N","20090618"
"2B","All","Lvs","corchorus.sp",NA,"W","N","20090618"
"2B","All","Lvs","crotelaria.sp",NA,"W","N","20090618"
"2B","All","Lvs","cyathula.orthacantha",NA,"W","N","20090618"
"2B","All","Lvs","dyscoriste.radicans",NA,"W","N","20090618"
"2B","All","Lvs","euphorbia.inaequilatera",NA,"W","N","20090618"
"2B","All","Lvs","evolvulus.alsinoides",NA,"W","N","20090618"
"2B","All","Lvs","fern",NA,"W","N","20090618"
"2B","All","Lvs","gutenbergia.sp",NA,"W","N","20090618"
"2B","All","Lvs","hermannia.uhligii",NA,"W","N","20090618"
"2B","All","Lvs","hibiscus.flavifolius",NA,"W","N","20090618"
"2B","All","Lvs","hibiscus.trionum",NA,"W","N","20090618"
"2B","All","Lvs","indigofera.brevicalyx",NA,"W","N","20090618"
"2B","All","Lvs","indigofera.schimperi",NA,"W","N","20090618"
"2B","All","Lvs","ipomea.sinensis",NA,"W","N","20090618"
"2B","All","Lvs","justicia.dichipteroides",NA,"W","N","20090618"
"2B","All","Lvs","k",NA,"W","N","20090618"
"2B","All","Lvs","kyllinga.sp",NA,"W","N","20090618"
"2B","All","Lvs","leucas.glabrata",NA,"W","N","20090618"
"2B","All","Lvs","leucas.martiniscensis",NA,"W","N","20090618"
"2B","All","Lvs","lily.a",NA,"W","N","20090618"
"2B","All","Lvs","lily.b",NA,"W","N","20090618"
"2B","All","Lvs","lippia.javanica",NA,"W","N","20090618"
"2B","All","Lvs","melhania.spp.",NA,"W","N","20090618"
"2B","All","Lvs","misopates.orontium",NA,"W","N","20090618"
"2B","All","Lvs","mollugo.nudicaulis",NA,"W","N","20090618"
"2B","All","Lvs","monechima.debile",NA,"W","N","20090618"
"2B","All","Lvs","monsonia.augustifolia",NA,"W","N","20090618"
"2B","All","Lvs","ocimum.sp",NA,"W","N","20090618"
"2B","All","Lvs","osteospermum.vaillantii",NA,"W","N","20090618"
"2B","All","Lvs","oxygonum.sinuatum",NA,"W","N","20090618"
"2B","All","Lvs","pavonia.patens",NA,"W","N","20090618"
"2B","All","Lvs","pelargonium.alchemilloides",NA,"W","N","20090618"
"2B","All","Lvs","pentanisia.ouranogyne",NA,"W","N","20090618"
"2B","All","Lvs","phyllanthus.maderaspatensis",NA,"W","N","20090618"
"2B","All","Lvs","plectranthus.spp",NA,"W","N","20090618"
"2B","All","Lvs","pollichia.campestris",NA,"W","N","20090618"
"2B","All","Lvs","polygala..l.",NA,"W","N","20090618"
"2B","All","Lvs","polygala.sphenoptera",NA,"W","N","20090618"
"2B","All","Lvs","portulaca.oleracea",NA,"W","N","20090618"
"2B","All","Lvs","portulaca.quadrifida",NA,"W","N","20090618"
"2B","All","Lvs","pseudognaphalium..helichrysum.glumaceum.",NA,"W","N","20090618"
"2B","All","Lvs","psilotrichum.schimperi",NA,"W","N","20090618"
"2B","All","Lvs","rhinacanthus.ndorensis",NA,"W","N","20090618"
"2B","All","Lvs","rhynchosia.holstii",NA,"W","N","20090618"
"2B","All","Lvs","schkuhria.pinnata",NA,"W","N","20090618"
"2B","All","Lvs","sida.2",NA,"W","N","20090618"
"2B","All","Lvs","sida.cuneifolia",NA,"W","N","20090618"
"2B","All","Lvs","solanum.incanum",NA,"W","N","20090618"
"2B","All","Lvs","solanum.indicum",NA,"W","N","20090618"
"2B","All","Lvs","tribulus.terrestris",NA,"W","N","20090618"
"2B","All","Lvs","u",NA,"W","N","20090618"
"2B","All","Lvs","w",NA,"W","N","20090618"
"2B","All","Lvs","x_4",NA,"W","N","20090618"
"2B","All","Lvs","x_5",NA,"W","N","20090618"
"2B","All","Lvs","x_6",NA,"W","N","20090618"
"2B","All","Lvs","x_7",NA,"W","N","20090618"
"2B","All","Lvs","x_8",NA,"W","N","20090618"
"2B","All","Stm","bracharia.lacnantha",NA,"W","N","20090618"
"2B","All","Stm","lintonia.nutans",NA,"W","N","20090618"
"2B","All","Stm","pennisetum.mezianum",NA,"W","N","20090618"
"2B","All","Stm","pennisetum.straminium",5,"W","N","20090618"
"2B","All","Stm","themeda.triandra",3,"W","N","20090618"
"2B","All","Stm","bare",NA,"W","N","20090618"
"2B","All","Stm","x_2",NA,"W","N","20090618"
"2B","All","Stm","aristida.kenyensis",NA,"W","N","20090618"
"2B","All","Stm","bothriochloa.insculpta",NA,"W","N","20090618"
"2B","All","Stm","bracharia.3",NA,"W","N","20090618"
"2B","All","Stm","bracharia.eruciformis",NA,"W","N","20090618"
"2B","All","Stm","chloris.sp",NA,"W","N","20090618"
"2B","All","Stm","cynodon.dactylon",NA,"W","N","20090618"
"2B","All","Stm","cynodon.plectostachyus",NA,"W","N","20090618"
"2B","All","Stm","cyperus...mariscus.spp",NA,"W","N","20090618"
"2B","All","Stm","digitaria.2",NA,"W","N","20090618"
"2B","All","Stm","digitaria.milanjiana",NA,"W","N","20090618"
"2B","All","Stm","dinebra.retroflexa",NA,"W","N","20090618"
"2B","All","Stm","eragrostis.tenuifolia",NA,"W","N","20090618"
"2B","All","Stm","harpachne.schimperi",NA,"W","N","20090618"
"2B","All","Stm","microchloa.kunthii",NA,"W","N","20090618"
"2B","All","Stm","panicum.astrosanguinum",NA,"W","N","20090618"
"2B","All","Stm","setaria.acromelaena..small.",NA,"W","N","20090618"
"2B","All","Stm","setaria.sphaecealata..big.",NA,"W","N","20090618"
"2B","All","Stm","sporobolus.pyramidalis",NA,"W","N","20090618"
"2B","All","Stm","tragus.berteronianus",NA,"W","N","20090618"
"2B","All","Stm","x_3",NA,"W","N","20090618"
"2B","All","Stm","acalypha.crenata",NA,"W","N","20090618"
"2B","All","Stm","aerva.lanata",NA,"W","N","20090618"
"2B","All","Stm","amaranthus.hibridus",NA,"W","N","20090618"
"2B","All","Stm","aspilia.pluriseta",NA,"W","N","20090618"
"2B","All","Stm","asterolinon.adoense..v.",NA,"W","N","20090618"
"2B","All","Stm","caralluma.acutangula",NA,"W","N","20090618"
"2B","All","Stm","chenopodium.opulifolium",NA,"W","N","20090618"
"2B","All","Stm","chenopodium.schraderianum",NA,"W","N","20090618"
"2B","All","Stm","commelina.spp",NA,"W","N","20090618"
"2B","All","Stm","commicarpus.pedunculosus",NA,"W","N","20090618"
"2B","All","Stm","conyza.sp",NA,"W","N","20090618"
"2B","All","Stm","corchorus.sp",NA,"W","N","20090618"
"2B","All","Stm","crotelaria.sp",NA,"W","N","20090618"
"2B","All","Stm","cyathula.orthacantha",NA,"W","N","20090618"
"2B","All","Stm","dyscoriste.radicans",NA,"W","N","20090618"
"2B","All","Stm","euphorbia.inaequilatera",NA,"W","N","20090618"
"2B","All","Stm","evolvulus.alsinoides",NA,"W","N","20090618"
"2B","All","Stm","fern",NA,"W","N","20090618"
"2B","All","Stm","gutenbergia.sp",NA,"W","N","20090618"
"2B","All","Stm","hermannia.uhligii",NA,"W","N","20090618"
"2B","All","Stm","hibiscus.flavifolius",NA,"W","N","20090618"
"2B","All","Stm","hibiscus.trionum",NA,"W","N","20090618"
"2B","All","Stm","indigofera.brevicalyx",NA,"W","N","20090618"
"2B","All","Stm","indigofera.schimperi",NA,"W","N","20090618"
"2B","All","Stm","ipomea.sinensis",NA,"W","N","20090618"
"2B","All","Stm","justicia.dichipteroides",NA,"W","N","20090618"
"2B","All","Stm","k",NA,"W","N","20090618"
"2B","All","Stm","kyllinga.sp",NA,"W","N","20090618"
"2B","All","Stm","leucas.glabrata",NA,"W","N","20090618"
"2B","All","Stm","leucas.martiniscensis",NA,"W","N","20090618"
"2B","All","Stm","lily.a",NA,"W","N","20090618"
"2B","All","Stm","lily.b",NA,"W","N","20090618"
"2B","All","Stm","lippia.javanica",NA,"W","N","20090618"
"2B","All","Stm","melhania.spp.",NA,"W","N","20090618"
"2B","All","Stm","misopates.orontium",NA,"W","N","20090618"
"2B","All","Stm","mollugo.nudicaulis",NA,"W","N","20090618"
"2B","All","Stm","monechima.debile",NA,"W","N","20090618"
"2B","All","Stm","monsonia.augustifolia",NA,"W","N","20090618"
"2B","All","Stm","ocimum.sp",NA,"W","N","20090618"
"2B","All","Stm","osteospermum.vaillantii",NA,"W","N","20090618"
"2B","All","Stm","oxygonum.sinuatum",NA,"W","N","20090618"
"2B","All","Stm","pavonia.patens",NA,"W","N","20090618"
"2B","All","Stm","pelargonium.alchemilloides",NA,"W","N","20090618"
"2B","All","Stm","pentanisia.ouranogyne",NA,"W","N","20090618"
"2B","All","Stm","phyllanthus.maderaspatensis",NA,"W","N","20090618"
"2B","All","Stm","plectranthus.spp",NA,"W","N","20090618"
"2B","All","Stm","pollichia.campestris",NA,"W","N","20090618"
"2B","All","Stm","polygala..l.",NA,"W","N","20090618"
"2B","All","Stm","polygala.sphenoptera",NA,"W","N","20090618"
"2B","All","Stm","portulaca.oleracea",NA,"W","N","20090618"
"2B","All","Stm","portulaca.quadrifida",NA,"W","N","20090618"
"2B","All","Stm","pseudognaphalium..helichrysum.glumaceum.",NA,"W","N","20090618"
"2B","All","Stm","psilotrichum.schimperi",NA,"W","N","20090618"
"2B","All","Stm","rhinacanthus.ndorensis",NA,"W","N","20090618"
"2B","All","Stm","rhynchosia.holstii",NA,"W","N","20090618"
"2B","All","Stm","schkuhria.pinnata",NA,"W","N","20090618"
"2B","All","Stm","sida.2",NA,"W","N","20090618"
"2B","All","Stm","sida.cuneifolia",NA,"W","N","20090618"
"2B","All","Stm","solanum.incanum",NA,"W","N","20090618"
"2B","All","Stm","solanum.indicum",NA,"W","N","20090618"
"2B","All","Stm","tribulus.terrestris",NA,"W","N","20090618"
"2B","All","Stm","u",NA,"W","N","20090618"
"2B","All","Stm","w",NA,"W","N","20090618"
"2B","All","Stm","x_4",NA,"W","N","20090618"
"2B","All","Stm","x_5",NA,"W","N","20090618"
"2B","All","Stm","x_6",NA,"W","N","20090618"
"2B","All","Stm","x_7",NA,"W","N","20090618"
"2B","All","Stm","x_8",NA,"W","N","20090618"
"3A","1st","","bracharia.lacnantha",NA,"W","N","20090618"
"3A","1st","","lintonia.nutans",NA,"W","N","20090618"
"3A","1st","","pennisetum.mezianum",NA,"W","N","20090618"
"3A","1st","","pennisetum.straminium",NA,"W","N","20090618"
"3A","1st","","themeda.triandra",NA,"W","N","20090618"
"3A","1st","","bare",NA,"W","N","20090618"
"3A","1st","","x_2",NA,"W","N","20090618"
"3A","1st","","aristida.kenyensis",NA,"W","N","20090618"
"3A","1st","","bothriochloa.insculpta",4,"W","N","20090618"
"3A","1st","","bracharia.3",NA,"W","N","20090618"
"3A","1st","","bracharia.eruciformis",NA,"W","N","20090618"
"3A","1st","","chloris.sp",NA,"W","N","20090618"
"3A","1st","","cynodon.dactylon",NA,"W","N","20090618"
"3A","1st","","cynodon.plectostachyus",NA,"W","N","20090618"
"3A","1st","","cyperus...mariscus.spp",NA,"W","N","20090618"
"3A","1st","","digitaria.2",NA,"W","N","20090618"
"3A","1st","","digitaria.milanjiana",NA,"W","N","20090618"
"3A","1st","","dinebra.retroflexa",NA,"W","N","20090618"
"3A","1st","","eragrostis.tenuifolia",NA,"W","N","20090618"
"3A","1st","","harpachne.schimperi",NA,"W","N","20090618"
"3A","1st","","microchloa.kunthii",NA,"W","N","20090618"
"3A","1st","","panicum.astrosanguinum",NA,"W","N","20090618"
"3A","1st","","setaria.acromelaena..small.",NA,"W","N","20090618"
"3A","1st","","setaria.sphaecealata..big.",NA,"W","N","20090618"
"3A","1st","","sporobolus.pyramidalis",NA,"W","N","20090618"
"3A","1st","","tragus.berteronianus",NA,"W","N","20090618"
"3A","1st","","x_3",NA,"W","N","20090618"
"3A","1st","","acalypha.crenata",NA,"W","N","20090618"
"3A","1st","","aerva.lanata",NA,"W","N","20090618"
"3A","1st","","amaranthus.hibridus",NA,"W","N","20090618"
"3A","1st","","aspilia.pluriseta",NA,"W","N","20090618"
"3A","1st","","asterolinon.adoense..v.",NA,"W","N","20090618"
"3A","1st","","caralluma.acutangula",NA,"W","N","20090618"
"3A","1st","","chenopodium.opulifolium",NA,"W","N","20090618"
"3A","1st","","chenopodium.schraderianum",NA,"W","N","20090618"
"3A","1st","","commelina.spp",1,"W","N","20090618"
"3A","1st","","commicarpus.pedunculosus",NA,"W","N","20090618"
"3A","1st","","conyza.sp",NA,"W","N","20090618"
"3A","1st","","corchorus.sp",NA,"W","N","20090618"
"3A","1st","","crotelaria.sp",NA,"W","N","20090618"
"3A","1st","","cyathula.orthacantha",NA,"W","N","20090618"
"3A","1st","","dyscoriste.radicans",NA,"W","N","20090618"
"3A","1st","","euphorbia.inaequilatera",NA,"W","N","20090618"
"3A","1st","","evolvulus.alsinoides",NA,"W","N","20090618"
"3A","1st","","fern",NA,"W","N","20090618"
"3A","1st","","gutenbergia.sp",NA,"W","N","20090618"
"3A","1st","","hermannia.uhligii",NA,"W","N","20090618"
"3A","1st","","hibiscus.flavifolius",NA,"W","N","20090618"
"3A","1st","","hibiscus.trionum",NA,"W","N","20090618"
"3A","1st","","indigofera.brevicalyx",NA,"W","N","20090618"
"3A","1st","","indigofera.schimperi",1,"W","N","20090618"
"3A","1st","","ipomea.sinensis",NA,"W","N","20090618"
"3A","1st","","justicia.dichipteroides",NA,"W","N","20090618"
"3A","1st","","k",NA,"W","N","20090618"
"3A","1st","","kyllinga.sp",NA,"W","N","20090618"
"3A","1st","","leucas.glabrata",NA,"W","N","20090618"
"3A","1st","","leucas.martiniscensis",NA,"W","N","20090618"
"3A","1st","","lily.a",NA,"W","N","20090618"
"3A","1st","","lily.b",NA,"W","N","20090618"
"3A","1st","","lippia.javanica",NA,"W","N","20090618"
"3A","1st","","melhania.spp.",NA,"W","N","20090618"
"3A","1st","","misopates.orontium",NA,"W","N","20090618"
"3A","1st","","mollugo.nudicaulis",NA,"W","N","20090618"
"3A","1st","","monechima.debile",NA,"W","N","20090618"
"3A","1st","","monsonia.augustifolia",NA,"W","N","20090618"
"3A","1st","","ocimum.sp",NA,"W","N","20090618"
"3A","1st","","osteospermum.vaillantii",NA,"W","N","20090618"
"3A","1st","","oxygonum.sinuatum",NA,"W","N","20090618"
"3A","1st","","pavonia.patens",NA,"W","N","20090618"
"3A","1st","","pelargonium.alchemilloides",NA,"W","N","20090618"
"3A","1st","","pentanisia.ouranogyne",NA,"W","N","20090618"
"3A","1st","","phyllanthus.maderaspatensis",NA,"W","N","20090618"
"3A","1st","","plectranthus.spp",NA,"W","N","20090618"
"3A","1st","","pollichia.campestris",NA,"W","N","20090618"
"3A","1st","","polygala..l.",NA,"W","N","20090618"
"3A","1st","","polygala.sphenoptera",NA,"W","N","20090618"
"3A","1st","","portulaca.oleracea",NA,"W","N","20090618"
"3A","1st","","portulaca.quadrifida",NA,"W","N","20090618"
"3A","1st","","pseudognaphalium..helichrysum.glumaceum.",2,"W","N","20090618"
"3A","1st","","psilotrichum.schimperi",NA,"W","N","20090618"
"3A","1st","","rhinacanthus.ndorensis",NA,"W","N","20090618"
"3A","1st","","rhynchosia.holstii",3,"W","N","20090618"
"3A","1st","","schkuhria.pinnata",NA,"W","N","20090618"
"3A","1st","","sida.2",NA,"W","N","20090618"
"3A","1st","","sida.cuneifolia",NA,"W","N","20090618"
"3A","1st","","solanum.incanum",NA,"W","N","20090618"
"3A","1st","","solanum.indicum",NA,"W","N","20090618"
"3A","1st","","tribulus.terrestris",NA,"W","N","20090618"
"3A","1st","","u",NA,"W","N","20090618"
"3A","1st","","w",NA,"W","N","20090618"
"3A","1st","","x_4",NA,"W","N","20090618"
"3A","1st","","x_5",NA,"W","N","20090618"
"3A","1st","","x_6",NA,"W","N","20090618"
"3A","1st","","x_7",NA,"W","N","20090618"
"3A","1st","","x_8",NA,"W","N","20090618"
"3C","1st","","bracharia.lacnantha",NA,"W","N","20090618"
"3C","1st","","lintonia.nutans",NA,"W","N","20090618"
"3C","1st","","pennisetum.mezianum",NA,"W","N","20090618"
"3C","1st","","pennisetum.straminium",NA,"W","N","20090618"
"3C","1st","","themeda.triandra",NA,"W","N","20090618"
"3C","1st","","bare",1,"W","N","20090618"
"3C","1st","","x_2",NA,"W","N","20090618"
"3C","1st","","aristida.kenyensis",NA,"W","N","20090618"
"3C","1st","","bothriochloa.insculpta",NA,"W","N","20090618"
"3C","1st","","bracharia.3",NA,"W","N","20090618"
"3C","1st","","bracharia.eruciformis",NA,"W","N","20090618"
"3C","1st","","chloris.sp",NA,"W","N","20090618"
"3C","1st","","cynodon.dactylon",NA,"W","N","20090618"
"3C","1st","","cynodon.plectostachyus",NA,"W","N","20090618"
"3C","1st","","cyperus...mariscus.spp",NA,"W","N","20090618"
"3C","1st","","digitaria.2",NA,"W","N","20090618"
"3C","1st","","digitaria.milanjiana",NA,"W","N","20090618"
"3C","1st","","dinebra.retroflexa",NA,"W","N","20090618"
"3C","1st","","eragrostis.tenuifolia",NA,"W","N","20090618"
"3C","1st","","harpachne.schimperi",NA,"W","N","20090618"
"3C","1st","","microchloa.kunthii",NA,"W","N","20090618"
"3C","1st","","panicum.astrosanguinum",NA,"W","N","20090618"
"3C","1st","","setaria.acromelaena..small.",NA,"W","N","20090618"
"3C","1st","","setaria.sphaecealata..big.",NA,"W","N","20090618"
"3C","1st","","sporobolus.pyramidalis",NA,"W","N","20090618"
"3C","1st","","tragus.berteronianus",NA,"W","N","20090618"
"3C","1st","","x_3",NA,"W","N","20090618"
"3C","1st","","acalypha.crenata",NA,"W","N","20090618"
"3C","1st","","aerva.lanata",NA,"W","N","20090618"
"3C","1st","","amaranthus.hibridus",NA,"W","N","20090618"
"3C","1st","","aspilia.pluriseta",NA,"W","N","20090618"
"3C","1st","","asterolinon.adoense..v.",NA,"W","N","20090618"
"3C","1st","","caralluma.acutangula",NA,"W","N","20090618"
"3C","1st","","chenopodium.opulifolium",NA,"W","N","20090618"
"3C","1st","","chenopodium.schraderianum",NA,"W","N","20090618"
"3C","1st","","commelina.spp",NA,"W","N","20090618"
"3C","1st","","commicarpus.pedunculosus",NA,"W","N","20090618"
"3C","1st","","conyza.sp",NA,"W","N","20090618"
"3C","1st","","corchorus.sp",NA,"W","N","20090618"
"3C","1st","","crotelaria.sp",NA,"W","N","20090618"
"3C","1st","","cyathula.orthacantha",NA,"W","N","20090618"
"3C","1st","","dyscoriste.radicans",NA,"W","N","20090618"
"3C","1st","","euphorbia.inaequilatera",NA,"W","N","20090618"
"3C","1st","","evolvulus.alsinoides",NA,"W","N","20090618"
"3C","1st","","fern",NA,"W","N","20090618"
"3C","1st","","gutenbergia.sp",NA,"W","N","20090618"
"3C","1st","","hermannia.uhligii",NA,"W","N","20090618"
"3C","1st","","hibiscus.flavifolius",NA,"W","N","20090618"
"3C","1st","","hibiscus.trionum",NA,"W","N","20090618"
"3C","1st","","indigofera.brevicalyx",NA,"W","N","20090618"
"3C","1st","","indigofera.schimperi",NA,"W","N","20090618"
"3C","1st","","ipomea.sinensis",NA,"W","N","20090618"
"3C","1st","","justicia.dichipteroides",NA,"W","N","20090618"
"3C","1st","","k",NA,"W","N","20090618"
"3C","1st","","kyllinga.sp",NA,"W","N","20090618"
"3C","1st","","leucas.glabrata",NA,"W","N","20090618"
"3C","1st","","leucas.martiniscensis",NA,"W","N","20090618"
"3C","1st","","lily.a",NA,"W","N","20090618"
"3C","1st","","lily.b",NA,"W","N","20090618"
"3C","1st","","lippia.javanica",NA,"W","N","20090618"
"3C","1st","","melhania.spp.",NA,"W","N","20090618"
"3C","1st","","misopates.orontium",NA,"W","N","20090618"
"3C","1st","","mollugo.nudicaulis",NA,"W","N","20090618"
"3C","1st","","monechima.debile",NA,"W","N","20090618"
"3C","1st","","monsonia.augustifolia",NA,"W","N","20090618"
"3C","1st","","ocimum.sp",NA,"W","N","20090618"
"3C","1st","","osteospermum.vaillantii",NA,"W","N","20090618"
"3C","1st","","oxygonum.sinuatum",NA,"W","N","20090618"
"3C","1st","","pavonia.patens",NA,"W","N","20090618"
"3C","1st","","pelargonium.alchemilloides",NA,"W","N","20090618"
"3C","1st","","pentanisia.ouranogyne",NA,"W","N","20090618"
"3C","1st","","phyllanthus.maderaspatensis",NA,"W","N","20090618"
"3C","1st","","plectranthus.spp",NA,"W","N","20090618"
"3C","1st","","pollichia.campestris",NA,"W","N","20090618"
"3C","1st","","polygala..l.",NA,"W","N","20090618"
"3C","1st","","polygala.sphenoptera",NA,"W","N","20090618"
"3C","1st","","portulaca.oleracea",NA,"W","N","20090618"
"3C","1st","","portulaca.quadrifida",NA,"W","N","20090618"
"3C","1st","","pseudognaphalium..helichrysum.glumaceum.",2,"W","N","20090618"
"3C","1st","","psilotrichum.schimperi",NA,"W","N","20090618"
"3C","1st","","rhinacanthus.ndorensis",NA,"W","N","20090618"
"3C","1st","","rhynchosia.holstii",NA,"W","N","20090618"
"3C","1st","","schkuhria.pinnata",NA,"W","N","20090618"
"3C","1st","","sida.2",NA,"W","N","20090618"
"3C","1st","","sida.cuneifolia",NA,"W","N","20090618"
"3C","1st","","solanum.incanum",NA,"W","N","20090618"
"3C","1st","","solanum.indicum",NA,"W","N","20090618"
"3C","1st","","tribulus.terrestris",NA,"W","N","20090618"
"3C","1st","","u",NA,"W","N","20090618"
"3C","1st","","w",NA,"W","N","20090618"
"3C","1st","","x_4",NA,"W","N","20090618"
"3C","1st","","x_5",NA,"W","N","20090618"
"3C","1st","","x_6",NA,"W","N","20090618"
"3C","1st","","x_7",NA,"W","N","20090618"
"3C","1st","","x_8",NA,"W","N","20090618"
"3E","1st","","bracharia.lacnantha",NA,"W","N","20090618"
"3E","1st","","lintonia.nutans",NA,"W","N","20090618"
"3E","1st","","pennisetum.mezianum",NA,"W","N","20090618"
"3E","1st","","pennisetum.straminium",NA,"W","N","20090618"
"3E","1st","","themeda.triandra",NA,"W","N","20090618"
"3E","1st","","bare",3,"W","N","20090618"
"3E","1st","","x_2",NA,"W","N","20090618"
"3E","1st","","aristida.kenyensis",NA,"W","N","20090618"
"3E","1st","","bothriochloa.insculpta",NA,"W","N","20090618"
"3E","1st","","bracharia.3",NA,"W","N","20090618"
"3E","1st","","bracharia.eruciformis",NA,"W","N","20090618"
"3E","1st","","chloris.sp",NA,"W","N","20090618"
"3E","1st","","cynodon.dactylon",NA,"W","N","20090618"
"3E","1st","","cynodon.plectostachyus",NA,"W","N","20090618"
"3E","1st","","cyperus...mariscus.spp",NA,"W","N","20090618"
"3E","1st","","digitaria.2",NA,"W","N","20090618"
"3E","1st","","digitaria.milanjiana",NA,"W","N","20090618"
"3E","1st","","dinebra.retroflexa",NA,"W","N","20090618"
"3E","1st","","eragrostis.tenuifolia",NA,"W","N","20090618"
"3E","1st","","harpachne.schimperi",NA,"W","N","20090618"
"3E","1st","","microchloa.kunthii",NA,"W","N","20090618"
"3E","1st","","panicum.astrosanguinum",NA,"W","N","20090618"
"3E","1st","","setaria.acromelaena..small.",NA,"W","N","20090618"
"3E","1st","","setaria.sphaecealata..big.",NA,"W","N","20090618"
"3E","1st","","sporobolus.pyramidalis",NA,"W","N","20090618"
"3E","1st","","tragus.berteronianus",NA,"W","N","20090618"
"3E","1st","","x_3",NA,"W","N","20090618"
"3E","1st","","acalypha.crenata",NA,"W","N","20090618"
"3E","1st","","aerva.lanata",NA,"W","N","20090618"
"3E","1st","","amaranthus.hibridus",NA,"W","N","20090618"
"3E","1st","","aspilia.pluriseta",NA,"W","N","20090618"
"3E","1st","","asterolinon.adoense..v.",NA,"W","N","20090618"
"3E","1st","","caralluma.acutangula",NA,"W","N","20090618"
"3E","1st","","chenopodium.opulifolium",NA,"W","N","20090618"
"3E","1st","","chenopodium.schraderianum",NA,"W","N","20090618"
"3E","1st","","commelina.spp",NA,"W","N","20090618"
"3E","1st","","commicarpus.pedunculosus",NA,"W","N","20090618"
"3E","1st","","conyza.sp",NA,"W","N","20090618"
"3E","1st","","corchorus.sp",NA,"W","N","20090618"
"3E","1st","","crotelaria.sp",NA,"W","N","20090618"
"3E","1st","","cyathula.orthacantha",NA,"W","N","20090618"
"3E","1st","","dyscoriste.radicans",NA,"W","N","20090618"
"3E","1st","","euphorbia.inaequilatera",NA,"W","N","20090618"
"3E","1st","","evolvulus.alsinoides",NA,"W","N","20090618"
"3E","1st","","fern",NA,"W","N","20090618"
"3E","1st","","gutenbergia.sp",NA,"W","N","20090618"
"3E","1st","","hermannia.uhligii",NA,"W","N","20090618"
"3E","1st","","hibiscus.flavifolius",NA,"W","N","20090618"
"3E","1st","","hibiscus.trionum",NA,"W","N","20090618"
"3E","1st","","indigofera.brevicalyx",NA,"W","N","20090618"
"3E","1st","","indigofera.schimperi",NA,"W","N","20090618"
"3E","1st","","ipomea.sinensis",NA,"W","N","20090618"
"3E","1st","","justicia.dichipteroides",NA,"W","N","20090618"
"3E","1st","","k",NA,"W","N","20090618"
"3E","1st","","kyllinga.sp",NA,"W","N","20090618"
"3E","1st","","leucas.glabrata",NA,"W","N","20090618"
"3E","1st","","leucas.martiniscensis",NA,"W","N","20090618"
"3E","1st","","lily.a",NA,"W","N","20090618"
"3E","1st","","lily.b",NA,"W","N","20090618"
"3E","1st","","lippia.javanica",NA,"W","N","20090618"
"3E","1st","","melhania.spp.",NA,"W","N","20090618"
"3E","1st","","misopates.orontium",NA,"W","N","20090618"
"3E","1st","","mollugo.nudicaulis",NA,"W","N","20090618"
"3E","1st","","monechima.debile",NA,"W","N","20090618"
"3E","1st","","monsonia.augustifolia",NA,"W","N","20090618"
"3E","1st","","ocimum.sp",NA,"W","N","20090618"
"3E","1st","","osteospermum.vaillantii",NA,"W","N","20090618"
"3E","1st","","oxygonum.sinuatum",NA,"W","N","20090618"
"3E","1st","","pavonia.patens",NA,"W","N","20090618"
"3E","1st","","pelargonium.alchemilloides",NA,"W","N","20090618"
"3E","1st","","pentanisia.ouranogyne",NA,"W","N","20090618"
"3E","1st","","phyllanthus.maderaspatensis",NA,"W","N","20090618"
"3E","1st","","plectranthus.spp",NA,"W","N","20090618"
"3E","1st","","pollichia.campestris",NA,"W","N","20090618"
"3E","1st","","polygala..l.",NA,"W","N","20090618"
"3E","1st","","polygala.sphenoptera",NA,"W","N","20090618"
"3E","1st","","portulaca.oleracea",NA,"W","N","20090618"
"3E","1st","","portulaca.quadrifida",NA,"W","N","20090618"
"3E","1st","","pseudognaphalium..helichrysum.glumaceum.",NA,"W","N","20090618"
"3E","1st","","psilotrichum.schimperi",NA,"W","N","20090618"
"3E","1st","","rhinacanthus.ndorensis",NA,"W","N","20090618"
"3E","1st","","rhynchosia.holstii",NA,"W","N","20090618"
"3E","1st","","schkuhria.pinnata",NA,"W","N","20090618"
"3E","1st","","sida.2",NA,"W","N","20090618"
"3E","1st","","sida.cuneifolia",NA,"W","N","20090618"
"3E","1st","","solanum.incanum",NA,"W","N","20090618"
"3E","1st","","solanum.indicum",NA,"W","N","20090618"
"3E","1st","","tribulus.terrestris",NA,"W","N","20090618"
"3E","1st","","u",NA,"W","N","20090618"
"3E","1st","","w",NA,"W","N","20090618"
"3E","1st","","x_4",NA,"W","N","20090618"
"3E","1st","","x_5",NA,"W","N","20090618"
"3E","1st","","x_6",NA,"W","N","20090618"
"3E","1st","","x_7",NA,"W","N","20090618"
"3E","1st","","x_8",NA,"W","N","20090618"
"3G","1st","","bracharia.lacnantha",NA,"W","N","20090618"
"3G","1st","","lintonia.nutans",NA,"W","N","20090618"
"3G","1st","","pennisetum.mezianum",NA,"W","N","20090618"
"3G","1st","","pennisetum.straminium",NA,"W","N","20090618"
"3G","1st","","themeda.triandra",NA,"W","N","20090618"
"3G","1st","","bare",NA,"W","N","20090618"
"3G","1st","","x_2",NA,"W","N","20090618"
"3G","1st","","aristida.kenyensis",NA,"W","N","20090618"
"3G","1st","","bothriochloa.insculpta",NA,"W","N","20090618"
"3G","1st","","bracharia.3",NA,"W","N","20090618"
"3G","1st","","bracharia.eruciformis",NA,"W","N","20090618"
"3G","1st","","chloris.sp",NA,"W","N","20090618"
"3G","1st","","cynodon.dactylon",NA,"W","N","20090618"
"3G","1st","","cynodon.plectostachyus",NA,"W","N","20090618"
"3G","1st","","cyperus...mariscus.spp",NA,"W","N","20090618"
"3G","1st","","digitaria.2",NA,"W","N","20090618"
"3G","1st","","digitaria.milanjiana",NA,"W","N","20090618"
"3G","1st","","dinebra.retroflexa",NA,"W","N","20090618"
"3G","1st","","eragrostis.tenuifolia",NA,"W","N","20090618"
"3G","1st","","harpachne.schimperi",NA,"W","N","20090618"
"3G","1st","","microchloa.kunthii",NA,"W","N","20090618"
"3G","1st","","panicum.astrosanguinum",NA,"W","N","20090618"
"3G","1st","","setaria.acromelaena..small.",NA,"W","N","20090618"
"3G","1st","","setaria.sphaecealata..big.",NA,"W","N","20090618"
"3G","1st","","sporobolus.pyramidalis",NA,"W","N","20090618"
"3G","1st","","tragus.berteronianus",NA,"W","N","20090618"
"3G","1st","","x_3",NA,"W","N","20090618"
"3G","1st","","acalypha.crenata",NA,"W","N","20090618"
"3G","1st","","aerva.lanata",NA,"W","N","20090618"
"3G","1st","","amaranthus.hibridus",NA,"W","N","20090618"
"3G","1st","","aspilia.pluriseta",NA,"W","N","20090618"
"3G","1st","","asterolinon.adoense..v.",NA,"W","N","20090618"
"3G","1st","","caralluma.acutangula",NA,"W","N","20090618"
"3G","1st","","chenopodium.opulifolium",NA,"W","N","20090618"
"3G","1st","","chenopodium.schraderianum",NA,"W","N","20090618"
"3G","1st","","commelina.spp",NA,"W","N","20090618"
"3G","1st","","commicarpus.pedunculosus",NA,"W","N","20090618"
"3G","1st","","conyza.sp",NA,"W","N","20090618"
"3G","1st","","corchorus.sp",NA,"W","N","20090618"
"3G","1st","","crotelaria.sp",NA,"W","N","20090618"
"3G","1st","","cyathula.orthacantha",NA,"W","N","20090618"
"3G","1st","","dyscoriste.radicans",NA,"W","N","20090618"
"3G","1st","","euphorbia.inaequilatera",NA,"W","N","20090618"
"3G","1st","","evolvulus.alsinoides",NA,"W","N","20090618"
"3G","1st","","fern",NA,"W","N","20090618"
"3G","1st","","gutenbergia.sp",NA,"W","N","20090618"
"3G","1st","","hermannia.uhligii",NA,"W","N","20090618"
"3G","1st","","hibiscus.flavifolius",NA,"W","N","20090618"
"3G","1st","","hibiscus.trionum",NA,"W","N","20090618"
"3G","1st","","indigofera.brevicalyx",NA,"W","N","20090618"
"3G","1st","","indigofera.schimperi",NA,"W","N","20090618"
"3G","1st","","ipomea.sinensis",NA,"W","N","20090618"
"3G","1st","","justicia.dichipteroides",NA,"W","N","20090618"
"3G","1st","","k",NA,"W","N","20090618"
"3G","1st","","kyllinga.sp",NA,"W","N","20090618"
"3G","1st","","leucas.glabrata",NA,"W","N","20090618"
"3G","1st","","leucas.martiniscensis",NA,"W","N","20090618"
"3G","1st","","lily.a",NA,"W","N","20090618"
"3G","1st","","lily.b",NA,"W","N","20090618"
"3G","1st","","lippia.javanica",NA,"W","N","20090618"
"3G","1st","","melhania.spp.",NA,"W","N","20090618"
"3G","1st","","misopates.orontium",NA,"W","N","20090618"
"3G","1st","","mollugo.nudicaulis",NA,"W","N","20090618"
"3G","1st","","monechima.debile",NA,"W","N","20090618"
"3G","1st","","monsonia.augustifolia",NA,"W","N","20090618"
"3G","1st","","ocimum.sp",NA,"W","N","20090618"
"3G","1st","","osteospermum.vaillantii",NA,"W","N","20090618"
"3G","1st","","oxygonum.sinuatum",NA,"W","N","20090618"
"3G","1st","","pavonia.patens",NA,"W","N","20090618"
"3G","1st","","pelargonium.alchemilloides",NA,"W","N","20090618"
"3G","1st","","pentanisia.ouranogyne",NA,"W","N","20090618"
"3G","1st","","phyllanthus.maderaspatensis",NA,"W","N","20090618"
"3G","1st","","plectranthus.spp",NA,"W","N","20090618"
"3G","1st","","pollichia.campestris",NA,"W","N","20090618"
"3G","1st","","polygala..l.",NA,"W","N","20090618"
"3G","1st","","polygala.sphenoptera",NA,"W","N","20090618"
"3G","1st","","portulaca.oleracea",NA,"W","N","20090618"
"3G","1st","","portulaca.quadrifida",NA,"W","N","20090618"
"3G","1st","","pseudognaphalium..helichrysum.glumaceum.",NA,"W","N","20090618"
"3G","1st","","psilotrichum.schimperi",NA,"W","N","20090618"
"3G","1st","","rhinacanthus.ndorensis",NA,"W","N","20090618"
"3G","1st","","rhynchosia.holstii",NA,"W","N","20090618"
"3G","1st","","schkuhria.pinnata",NA,"W","N","20090618"
"3G","1st","","sida.2",NA,"W","N","20090618"
"3G","1st","","sida.cuneifolia",NA,"W","N","20090618"
"3G","1st","","solanum.incanum",NA,"W","N","20090618"
"3G","1st","","solanum.indicum",NA,"W","N","20090618"
"3G","1st","","tribulus.terrestris",NA,"W","N","20090618"
"3G","1st","","u",NA,"W","N","20090618"
"3G","1st","","w",NA,"W","N","20090618"
"3G","1st","","x_4",NA,"W","N","20090618"
"3G","1st","","x_5",NA,"W","N","20090618"
"3G","1st","","x_6",NA,"W","N","20090618"
"3G","1st","","x_7",NA,"W","N","20090618"
"3G","1st","","x_8",NA,"W","N","20090618"
"3I","1st","","bracharia.lacnantha",NA,"W","N","20090618"
"3I","1st","","lintonia.nutans",NA,"W","N","20090618"
"3I","1st","","pennisetum.mezianum",NA,"W","N","20090618"
"3I","1st","","pennisetum.straminium",NA,"W","N","20090618"
"3I","1st","","themeda.triandra",NA,"W","N","20090618"
"3I","1st","","bare",3,"W","N","20090618"
"3I","1st","","x_2",NA,"W","N","20090618"
"3I","1st","","aristida.kenyensis",NA,"W","N","20090618"
"3I","1st","","bothriochloa.insculpta",NA,"W","N","20090618"
"3I","1st","","bracharia.3",NA,"W","N","20090618"
"3I","1st","","bracharia.eruciformis",NA,"W","N","20090618"
"3I","1st","","chloris.sp",NA,"W","N","20090618"
"3I","1st","","cynodon.dactylon",NA,"W","N","20090618"
"3I","1st","","cynodon.plectostachyus",NA,"W","N","20090618"
"3I","1st","","cyperus...mariscus.spp",NA,"W","N","20090618"
"3I","1st","","digitaria.2",NA,"W","N","20090618"
"3I","1st","","digitaria.milanjiana",NA,"W","N","20090618"
"3I","1st","","dinebra.retroflexa",NA,"W","N","20090618"
"3I","1st","","eragrostis.tenuifolia",NA,"W","N","20090618"
"3I","1st","","harpachne.schimperi",NA,"W","N","20090618"
"3I","1st","","microchloa.kunthii",NA,"W","N","20090618"
"3I","1st","","panicum.astrosanguinum",NA,"W","N","20090618"
"3I","1st","","setaria.acromelaena..small.",NA,"W","N","20090618"
"3I","1st","","setaria.sphaecealata..big.",NA,"W","N","20090618"
"3I","1st","","sporobolus.pyramidalis",NA,"W","N","20090618"
"3I","1st","","tragus.berteronianus",NA,"W","N","20090618"
"3I","1st","","x_3",NA,"W","N","20090618"
"3I","1st","","acalypha.crenata",NA,"W","N","20090618"
"3I","1st","","aerva.lanata",NA,"W","N","20090618"
"3I","1st","","amaranthus.hibridus",NA,"W","N","20090618"
"3I","1st","","aspilia.pluriseta",NA,"W","N","20090618"
"3I","1st","","asterolinon.adoense..v.",NA,"W","N","20090618"
"3I","1st","","caralluma.acutangula",NA,"W","N","20090618"
"3I","1st","","chenopodium.opulifolium",NA,"W","N","20090618"
"3I","1st","","chenopodium.schraderianum",NA,"W","N","20090618"
"3I","1st","","commelina.spp",NA,"W","N","20090618"
"3I","1st","","commicarpus.pedunculosus",NA,"W","N","20090618"
"3I","1st","","conyza.sp",NA,"W","N","20090618"
"3I","1st","","corchorus.sp",NA,"W","N","20090618"
"3I","1st","","crotelaria.sp",NA,"W","N","20090618"
"3I","1st","","cyathula.orthacantha",NA,"W","N","20090618"
"3I","1st","","dyscoriste.radicans",NA,"W","N","20090618"
"3I","1st","","euphorbia.inaequilatera",NA,"W","N","20090618"
"3I","1st","","evolvulus.alsinoides",NA,"W","N","20090618"
"3I","1st","","fern",NA,"W","N","20090618"
"3I","1st","","gutenbergia.sp",NA,"W","N","20090618"
"3I","1st","","hermannia.uhligii",NA,"W","N","20090618"
"3I","1st","","hibiscus.flavifolius",NA,"W","N","20090618"
"3I","1st","","hibiscus.trionum",NA,"W","N","20090618"
"3I","1st","","indigofera.brevicalyx",NA,"W","N","20090618"
"3I","1st","","indigofera.schimperi",NA,"W","N","20090618"
"3I","1st","","ipomea.sinensis",NA,"W","N","20090618"
"3I","1st","","justicia.dichipteroides",NA,"W","N","20090618"
"3I","1st","","k",NA,"W","N","20090618"
"3I","1st","","kyllinga.sp",NA,"W","N","20090618"
"3I","1st","","leucas.glabrata",NA,"W","N","20090618"
"3I","1st","","leucas.martiniscensis",NA,"W","N","20090618"
"3I","1st","","lily.a",NA,"W","N","20090618"
"3I","1st","","lily.b",NA,"W","N","20090618"
"3I","1st","","lippia.javanica",NA,"W","N","20090618"
"3I","1st","","melhania.spp.",NA,"W","N","20090618"
"3I","1st","","misopates.orontium",NA,"W","N","20090618"
"3I","1st","","mollugo.nudicaulis",NA,"W","N","20090618"
"3I","1st","","monechima.debile",NA,"W","N","20090618"
"3I","1st","","monsonia.augustifolia",NA,"W","N","20090618"
"3I","1st","","ocimum.sp",NA,"W","N","20090618"
"3I","1st","","osteospermum.vaillantii",NA,"W","N","20090618"
"3I","1st","","oxygonum.sinuatum",NA,"W","N","20090618"
"3I","1st","","pavonia.patens",NA,"W","N","20090618"
"3I","1st","","pelargonium.alchemilloides",NA,"W","N","20090618"
"3I","1st","","pentanisia.ouranogyne",NA,"W","N","20090618"
"3I","1st","","phyllanthus.maderaspatensis",NA,"W","N","20090618"
"3I","1st","","plectranthus.spp",NA,"W","N","20090618"
"3I","1st","","pollichia.campestris",NA,"W","N","20090618"
"3I","1st","","polygala..l.",NA,"W","N","20090618"
"3I","1st","","polygala.sphenoptera",NA,"W","N","20090618"
"3I","1st","","portulaca.oleracea",NA,"W","N","20090618"
"3I","1st","","portulaca.quadrifida",NA,"W","N","20090618"
"3I","1st","","pseudognaphalium..helichrysum.glumaceum.",NA,"W","N","20090618"
"3I","1st","","psilotrichum.schimperi",NA,"W","N","20090618"
"3I","1st","","rhinacanthus.ndorensis",NA,"W","N","20090618"
"3I","1st","","rhynchosia.holstii",NA,"W","N","20090618"
"3I","1st","","schkuhria.pinnata",NA,"W","N","20090618"
"3I","1st","","sida.2",NA,"W","N","20090618"
"3I","1st","","sida.cuneifolia",NA,"W","N","20090618"
"3I","1st","","solanum.incanum",NA,"W","N","20090618"
"3I","1st","","solanum.indicum",NA,"W","N","20090618"
"3I","1st","","tribulus.terrestris",NA,"W","N","20090618"
"3I","1st","","u",NA,"W","N","20090618"
"3I","1st","","w",NA,"W","N","20090618"
"3I","1st","","x_4",NA,"W","N","20090618"
"3I","1st","","x_5",NA,"W","N","20090618"
"3I","1st","","x_6",NA,"W","N","20090618"
"3I","1st","","x_7",NA,"W","N","20090618"
"3I","1st","","x_8",NA,"W","N","20090618"
"4J","1st","","bracharia.lacnantha",2,"W","N","20090618"
"4J","1st","","lintonia.nutans",NA,"W","N","20090618"
"4J","1st","","pennisetum.mezianum",NA,"W","N","20090618"
"4J","1st","","pennisetum.straminium",6,"W","N","20090618"
"4J","1st","","themeda.triandra",5,"W","N","20090618"
"4J","1st","","bare",NA,"W","N","20090618"
"4J","1st","","x_2",NA,"W","N","20090618"
"4J","1st","","aristida.kenyensis",NA,"W","N","20090618"
"4J","1st","","bothriochloa.insculpta",NA,"W","N","20090618"
"4J","1st","","bracharia.3",NA,"W","N","20090618"
"4J","1st","","bracharia.eruciformis",NA,"W","N","20090618"
"4J","1st","","chloris.sp",NA,"W","N","20090618"
"4J","1st","","cynodon.dactylon",NA,"W","N","20090618"
"4J","1st","","cynodon.plectostachyus",NA,"W","N","20090618"
"4J","1st","","cyperus...mariscus.spp",NA,"W","N","20090618"
"4J","1st","","digitaria.2",NA,"W","N","20090618"
"4J","1st","","digitaria.milanjiana",NA,"W","N","20090618"
"4J","1st","","dinebra.retroflexa",NA,"W","N","20090618"
"4J","1st","","eragrostis.tenuifolia",NA,"W","N","20090618"
"4J","1st","","harpachne.schimperi",NA,"W","N","20090618"
"4J","1st","","microchloa.kunthii",NA,"W","N","20090618"
"4J","1st","","panicum.astrosanguinum",NA,"W","N","20090618"
"4J","1st","","setaria.acromelaena..small.",NA,"W","N","20090618"
"4J","1st","","setaria.sphaecealata..big.",NA,"W","N","20090618"
"4J","1st","","sporobolus.pyramidalis",NA,"W","N","20090618"
"4J","1st","","tragus.berteronianus",NA,"W","N","20090618"
"4J","1st","","x_3",NA,"W","N","20090618"
"4J","1st","","acalypha.crenata",NA,"W","N","20090618"
"4J","1st","","aerva.lanata",NA,"W","N","20090618"
"4J","1st","","amaranthus.hibridus",NA,"W","N","20090618"
"4J","1st","","aspilia.pluriseta",NA,"W","N","20090618"
"4J","1st","","asterolinon.adoense..v.",NA,"W","N","20090618"
"4J","1st","","caralluma.acutangula",NA,"W","N","20090618"
"4J","1st","","chenopodium.opulifolium",NA,"W","N","20090618"
"4J","1st","","chenopodium.schraderianum",NA,"W","N","20090618"
"4J","1st","","commelina.spp",NA,"W","N","20090618"
"4J","1st","","commicarpus.pedunculosus",NA,"W","N","20090618"
"4J","1st","","conyza.sp",NA,"W","N","20090618"
"4J","1st","","corchorus.sp",NA,"W","N","20090618"
"4J","1st","","crotelaria.sp",NA,"W","N","20090618"
"4J","1st","","cyathula.orthacantha",NA,"W","N","20090618"
"4J","1st","","dyscoriste.radicans",NA,"W","N","20090618"
"4J","1st","","euphorbia.inaequilatera",NA,"W","N","20090618"
"4J","1st","","evolvulus.alsinoides",NA,"W","N","20090618"
"4J","1st","","fern",NA,"W","N","20090618"
"4J","1st","","gutenbergia.sp",NA,"W","N","20090618"
"4J","1st","","hermannia.uhligii",NA,"W","N","20090618"
"4J","1st","","hibiscus.flavifolius",NA,"W","N","20090618"
"4J","1st","","hibiscus.trionum",NA,"W","N","20090618"
"4J","1st","","indigofera.brevicalyx",NA,"W","N","20090618"
"4J","1st","","indigofera.schimperi",NA,"W","N","20090618"
"4J","1st","","ipomea.sinensis",NA,"W","N","20090618"
"4J","1st","","justicia.dichipteroides",NA,"W","N","20090618"
"4J","1st","","k",NA,"W","N","20090618"
"4J","1st","","kyllinga.sp",NA,"W","N","20090618"
"4J","1st","","leucas.glabrata",NA,"W","N","20090618"
"4J","1st","","leucas.martiniscensis",NA,"W","N","20090618"
"4J","1st","","lily.a",NA,"W","N","20090618"
"4J","1st","","lily.b",NA,"W","N","20090618"
"4J","1st","","lippia.javanica",NA,"W","N","20090618"
"4J","1st","","melhania.spp.",NA,"W","N","20090618"
"4J","1st","","misopates.orontium",NA,"W","N","20090618"
"4J","1st","","mollugo.nudicaulis",NA,"W","N","20090618"
"4J","1st","","monechima.debile",NA,"W","N","20090618"
"4J","1st","","monsonia.augustifolia",NA,"W","N","20090618"
"4J","1st","","ocimum.sp",NA,"W","N","20090618"
"4J","1st","","osteospermum.vaillantii",NA,"W","N","20090618"
"4J","1st","","oxygonum.sinuatum",NA,"W","N","20090618"
"4J","1st","","pavonia.patens",NA,"W","N","20090618"
"4J","1st","","pelargonium.alchemilloides",NA,"W","N","20090618"
"4J","1st","","pentanisia.ouranogyne",NA,"W","N","20090618"
"4J","1st","","phyllanthus.maderaspatensis",NA,"W","N","20090618"
"4J","1st","","plectranthus.spp",NA,"W","N","20090618"
"4J","1st","","pollichia.campestris",NA,"W","N","20090618"
"4J","1st","","polygala..l.",NA,"W","N","20090618"
"4J","1st","","polygala.sphenoptera",NA,"W","N","20090618"
"4J","1st","","portulaca.oleracea",NA,"W","N","20090618"
"4J","1st","","portulaca.quadrifida",NA,"W","N","20090618"
"4J","1st","","pseudognaphalium..helichrysum.glumaceum.",NA,"W","N","20090618"
"4J","1st","","psilotrichum.schimperi",NA,"W","N","20090618"
"4J","1st","","rhinacanthus.ndorensis",NA,"W","N","20090618"
"4J","1st","","rhynchosia.holstii",NA,"W","N","20090618"
"4J","1st","","schkuhria.pinnata",NA,"W","N","20090618"
"4J","1st","","sida.2",NA,"W","N","20090618"
"4J","1st","","sida.cuneifolia",NA,"W","N","20090618"
"4J","1st","","solanum.incanum",NA,"W","N","20090618"
"4J","1st","","solanum.indicum",NA,"W","N","20090618"
"4J","1st","","tribulus.terrestris",NA,"W","N","20090618"
"4J","1st","","u",NA,"W","N","20090618"
"4J","1st","","w",NA,"W","N","20090618"
"4J","1st","","x_4",NA,"W","N","20090618"
"4J","1st","","x_5",NA,"W","N","20090618"
"4J","1st","","x_6",NA,"W","N","20090618"
"4J","1st","","x_7",NA,"W","N","20090618"
"4J","1st","","x_8",NA,"W","N","20090618"
"4H","1st","","bracharia.lacnantha",9,"W","N","20090618"
"4H","1st","","lintonia.nutans",NA,"W","N","20090618"
"4H","1st","","pennisetum.mezianum",NA,"W","N","20090618"
"4H","1st","","pennisetum.straminium",3,"W","N","20090618"
"4H","1st","","themeda.triandra",NA,"W","N","20090618"
"4H","1st","","bare",NA,"W","N","20090618"
"4H","1st","","x_2",NA,"W","N","20090618"
"4H","1st","","aristida.kenyensis",NA,"W","N","20090618"
"4H","1st","","bothriochloa.insculpta",NA,"W","N","20090618"
"4H","1st","","bracharia.3",NA,"W","N","20090618"
"4H","1st","","bracharia.eruciformis",NA,"W","N","20090618"
"4H","1st","","chloris.sp",NA,"W","N","20090618"
"4H","1st","","cynodon.dactylon",NA,"W","N","20090618"
"4H","1st","","cynodon.plectostachyus",NA,"W","N","20090618"
"4H","1st","","cyperus...mariscus.spp",NA,"W","N","20090618"
"4H","1st","","digitaria.2",NA,"W","N","20090618"
"4H","1st","","digitaria.milanjiana",NA,"W","N","20090618"
"4H","1st","","dinebra.retroflexa",NA,"W","N","20090618"
"4H","1st","","eragrostis.tenuifolia",NA,"W","N","20090618"
"4H","1st","","harpachne.schimperi",NA,"W","N","20090618"
"4H","1st","","microchloa.kunthii",NA,"W","N","20090618"
"4H","1st","","panicum.astrosanguinum",NA,"W","N","20090618"
"4H","1st","","setaria.acromelaena..small.",NA,"W","N","20090618"
"4H","1st","","setaria.sphaecealata..big.",NA,"W","N","20090618"
"4H","1st","","sporobolus.pyramidalis",NA,"W","N","20090618"
"4H","1st","","tragus.berteronianus",NA,"W","N","20090618"
"4H","1st","","x_3",NA,"W","N","20090618"
"4H","1st","","acalypha.crenata",NA,"W","N","20090618"
"4H","1st","","aerva.lanata",NA,"W","N","20090618"
"4H","1st","","amaranthus.hibridus",NA,"W","N","20090618"
"4H","1st","","aspilia.pluriseta",NA,"W","N","20090618"
"4H","1st","","asterolinon.adoense..v.",NA,"W","N","20090618"
"4H","1st","","caralluma.acutangula",NA,"W","N","20090618"
"4H","1st","","chenopodium.opulifolium",NA,"W","N","20090618"
"4H","1st","","chenopodium.schraderianum",NA,"W","N","20090618"
"4H","1st","","commelina.spp",NA,"W","N","20090618"
"4H","1st","","commicarpus.pedunculosus",NA,"W","N","20090618"
"4H","1st","","conyza.sp",NA,"W","N","20090618"
"4H","1st","","corchorus.sp",NA,"W","N","20090618"
"4H","1st","","crotelaria.sp",NA,"W","N","20090618"
"4H","1st","","cyathula.orthacantha",NA,"W","N","20090618"
"4H","1st","","dyscoriste.radicans",NA,"W","N","20090618"
"4H","1st","","euphorbia.inaequilatera",NA,"W","N","20090618"
"4H","1st","","evolvulus.alsinoides",NA,"W","N","20090618"
"4H","1st","","fern",NA,"W","N","20090618"
"4H","1st","","gutenbergia.sp",NA,"W","N","20090618"
"4H","1st","","hermannia.uhligii",NA,"W","N","20090618"
"4H","1st","","hibiscus.flavifolius",NA,"W","N","20090618"
"4H","1st","","hibiscus.trionum",NA,"W","N","20090618"
"4H","1st","","indigofera.brevicalyx",NA,"W","N","20090618"
"4H","1st","","indigofera.schimperi",NA,"W","N","20090618"
"4H","1st","","ipomea.sinensis",NA,"W","N","20090618"
"4H","1st","","justicia.dichipteroides",NA,"W","N","20090618"
"4H","1st","","k",NA,"W","N","20090618"
"4H","1st","","kyllinga.sp",NA,"W","N","20090618"
"4H","1st","","leucas.glabrata",NA,"W","N","20090618"
"4H","1st","","leucas.martiniscensis",NA,"W","N","20090618"
"4H","1st","","lily.a",NA,"W","N","20090618"
"4H","1st","","lily.b",NA,"W","N","20090618"
"4H","1st","","lippia.javanica",NA,"W","N","20090618"
"4H","1st","","melhania.spp.",NA,"W","N","20090618"
"4H","1st","","misopates.orontium",NA,"W","N","20090618"
"4H","1st","","mollugo.nudicaulis",NA,"W","N","20090618"
"4H","1st","","monechima.debile",NA,"W","N","20090618"
"4H","1st","","monsonia.augustifolia",NA,"W","N","20090618"
"4H","1st","","ocimum.sp",NA,"W","N","20090618"
"4H","1st","","osteospermum.vaillantii",NA,"W","N","20090618"
"4H","1st","","oxygonum.sinuatum",NA,"W","N","20090618"
"4H","1st","","pavonia.patens",NA,"W","N","20090618"
"4H","1st","","pelargonium.alchemilloides",NA,"W","N","20090618"
"4H","1st","","pentanisia.ouranogyne",NA,"W","N","20090618"
"4H","1st","","phyllanthus.maderaspatensis",NA,"W","N","20090618"
"4H","1st","","plectranthus.spp",NA,"W","N","20090618"
"4H","1st","","pollichia.campestris",NA,"W","N","20090618"
"4H","1st","","polygala..l.",NA,"W","N","20090618"
"4H","1st","","polygala.sphenoptera",NA,"W","N","20090618"
"4H","1st","","portulaca.oleracea",NA,"W","N","20090618"
"4H","1st","","portulaca.quadrifida",NA,"W","N","20090618"
"4H","1st","","pseudognaphalium..helichrysum.glumaceum.",NA,"W","N","20090618"
"4H","1st","","psilotrichum.schimperi",NA,"W","N","20090618"
"4H","1st","","rhinacanthus.ndorensis",NA,"W","N","20090618"
"4H","1st","","rhynchosia.holstii",NA,"W","N","20090618"
"4H","1st","","schkuhria.pinnata",NA,"W","N","20090618"
"4H","1st","","sida.2",NA,"W","N","20090618"
"4H","1st","","sida.cuneifolia",NA,"W","N","20090618"
"4H","1st","","solanum.incanum",NA,"W","N","20090618"
"4H","1st","","solanum.indicum",NA,"W","N","20090618"
"4H","1st","","tribulus.terrestris",NA,"W","N","20090618"
"4H","1st","","u",NA,"W","N","20090618"
"4H","1st","","w",NA,"W","N","20090618"
"4H","1st","","x_4",NA,"W","N","20090618"
"4H","1st","","x_5",NA,"W","N","20090618"
"4H","1st","","x_6",NA,"W","N","20090618"
"4H","1st","","x_7",NA,"W","N","20090618"
"4H","1st","","x_8",NA,"W","N","20090618"
"4F","1st","","bracharia.lacnantha",10,"W","N","20090618"
"4F","1st","","lintonia.nutans",NA,"W","N","20090618"
"4F","1st","","pennisetum.mezianum",2,"W","N","20090618"
"4F","1st","","pennisetum.straminium",6,"W","N","20090618"
"4F","1st","","themeda.triandra",NA,"W","N","20090618"
"4F","1st","","bare",NA,"W","N","20090618"
"4F","1st","","x_2",NA,"W","N","20090618"
"4F","1st","","aristida.kenyensis",NA,"W","N","20090618"
"4F","1st","","bothriochloa.insculpta",NA,"W","N","20090618"
"4F","1st","","bracharia.3",NA,"W","N","20090618"
"4F","1st","","bracharia.eruciformis",NA,"W","N","20090618"
"4F","1st","","chloris.sp",NA,"W","N","20090618"
"4F","1st","","cynodon.dactylon",NA,"W","N","20090618"
"4F","1st","","cynodon.plectostachyus",NA,"W","N","20090618"
"4F","1st","","cyperus...mariscus.spp",NA,"W","N","20090618"
"4F","1st","","digitaria.2",NA,"W","N","20090618"
"4F","1st","","digitaria.milanjiana",NA,"W","N","20090618"
"4F","1st","","dinebra.retroflexa",NA,"W","N","20090618"
"4F","1st","","eragrostis.tenuifolia",NA,"W","N","20090618"
"4F","1st","","harpachne.schimperi",NA,"W","N","20090618"
"4F","1st","","microchloa.kunthii",NA,"W","N","20090618"
"4F","1st","","panicum.astrosanguinum",NA,"W","N","20090618"
"4F","1st","","setaria.acromelaena..small.",NA,"W","N","20090618"
"4F","1st","","setaria.sphaecealata..big.",NA,"W","N","20090618"
"4F","1st","","sporobolus.pyramidalis",NA,"W","N","20090618"
"4F","1st","","tragus.berteronianus",NA,"W","N","20090618"
"4F","1st","","x_3",NA,"W","N","20090618"
"4F","1st","","acalypha.crenata",NA,"W","N","20090618"
"4F","1st","","aerva.lanata",NA,"W","N","20090618"
"4F","1st","","amaranthus.hibridus",NA,"W","N","20090618"
"4F","1st","","aspilia.pluriseta",NA,"W","N","20090618"
"4F","1st","","asterolinon.adoense..v.",NA,"W","N","20090618"
"4F","1st","","caralluma.acutangula",NA,"W","N","20090618"
"4F","1st","","chenopodium.opulifolium",NA,"W","N","20090618"
"4F","1st","","chenopodium.schraderianum",NA,"W","N","20090618"
"4F","1st","","commelina.spp",NA,"W","N","20090618"
"4F","1st","","commicarpus.pedunculosus",NA,"W","N","20090618"
"4F","1st","","conyza.sp",NA,"W","N","20090618"
"4F","1st","","corchorus.sp",NA,"W","N","20090618"
"4F","1st","","crotelaria.sp",NA,"W","N","20090618"
"4F","1st","","cyathula.orthacantha",NA,"W","N","20090618"
"4F","1st","","dyscoriste.radicans",NA,"W","N","20090618"
"4F","1st","","euphorbia.inaequilatera",NA,"W","N","20090618"
"4F","1st","","evolvulus.alsinoides",NA,"W","N","20090618"
"4F","1st","","fern",NA,"W","N","20090618"
"4F","1st","","gutenbergia.sp",NA,"W","N","20090618"
"4F","1st","","hermannia.uhligii",NA,"W","N","20090618"
"4F","1st","","hibiscus.flavifolius",NA,"W","N","20090618"
"4F","1st","","hibiscus.trionum",NA,"W","N","20090618"
"4F","1st","","indigofera.brevicalyx",NA,"W","N","20090618"
"4F","1st","","indigofera.schimperi",NA,"W","N","20090618"
"4F","1st","","ipomea.sinensis",NA,"W","N","20090618"
"4F","1st","","justicia.dichipteroides",NA,"W","N","20090618"
"4F","1st","","k",NA,"W","N","20090618"
"4F","1st","","kyllinga.sp",NA,"W","N","20090618"
"4F","1st","","leucas.glabrata",NA,"W","N","20090618"
"4F","1st","","leucas.martiniscensis",NA,"W","N","20090618"
"4F","1st","","lily.a",NA,"W","N","20090618"
"4F","1st","","lily.b",NA,"W","N","20090618"
"4F","1st","","lippia.javanica",NA,"W","N","20090618"
"4F","1st","","melhania.spp.",NA,"W","N","20090618"
"4F","1st","","misopates.orontium",NA,"W","N","20090618"
"4F","1st","","mollugo.nudicaulis",NA,"W","N","20090618"
"4F","1st","","monechima.debile",NA,"W","N","20090618"
"4F","1st","","monsonia.augustifolia",NA,"W","N","20090618"
"4F","1st","","ocimum.sp",NA,"W","N","20090618"
"4F","1st","","osteospermum.vaillantii",NA,"W","N","20090618"
"4F","1st","","oxygonum.sinuatum",NA,"W","N","20090618"
"4F","1st","","pavonia.patens",NA,"W","N","20090618"
"4F","1st","","pelargonium.alchemilloides",NA,"W","N","20090618"
"4F","1st","","pentanisia.ouranogyne",NA,"W","N","20090618"
"4F","1st","","phyllanthus.maderaspatensis",NA,"W","N","20090618"
"4F","1st","","plectranthus.spp",NA,"W","N","20090618"
"4F","1st","","pollichia.campestris",NA,"W","N","20090618"
"4F","1st","","polygala..l.",NA,"W","N","20090618"
"4F","1st","","polygala.sphenoptera",NA,"W","N","20090618"
"4F","1st","","portulaca.oleracea",NA,"W","N","20090618"
"4F","1st","","portulaca.quadrifida",NA,"W","N","20090618"
"4F","1st","","pseudognaphalium..helichrysum.glumaceum.",NA,"W","N","20090618"
"4F","1st","","psilotrichum.schimperi",NA,"W","N","20090618"
"4F","1st","","rhinacanthus.ndorensis",NA,"W","N","20090618"
"4F","1st","","rhynchosia.holstii",5,"W","N","20090618"
"4F","1st","","schkuhria.pinnata",NA,"W","N","20090618"
"4F","1st","","sida.2",NA,"W","N","20090618"
"4F","1st","","sida.cuneifolia",NA,"W","N","20090618"
"4F","1st","","solanum.incanum",NA,"W","N","20090618"
"4F","1st","","solanum.indicum",NA,"W","N","20090618"
"4F","1st","","tribulus.terrestris",NA,"W","N","20090618"
"4F","1st","","u",NA,"W","N","20090618"
"4F","1st","","w",NA,"W","N","20090618"
"4F","1st","","x_4",NA,"W","N","20090618"
"4F","1st","","x_5",NA,"W","N","20090618"
"4F","1st","","x_6",NA,"W","N","20090618"
"4F","1st","","x_7",NA,"W","N","20090618"
"4F","1st","","x_8",NA,"W","N","20090618"
"4D","1st","","bracharia.lacnantha",NA,"W","N","20090618"
"4D","1st","","lintonia.nutans",NA,"W","N","20090618"
"4D","1st","","pennisetum.mezianum",NA,"W","N","20090618"
"4D","1st","","pennisetum.straminium",7,"W","N","20090618"
"4D","1st","","themeda.triandra",NA,"W","N","20090618"
"4D","1st","","bare",2,"W","N","20090618"
"4D","1st","","x_2",NA,"W","N","20090618"
"4D","1st","","aristida.kenyensis",NA,"W","N","20090618"
"4D","1st","","bothriochloa.insculpta",NA,"W","N","20090618"
"4D","1st","","bracharia.3",NA,"W","N","20090618"
"4D","1st","","bracharia.eruciformis",NA,"W","N","20090618"
"4D","1st","","chloris.sp",NA,"W","N","20090618"
"4D","1st","","cynodon.dactylon",NA,"W","N","20090618"
"4D","1st","","cynodon.plectostachyus",NA,"W","N","20090618"
"4D","1st","","cyperus...mariscus.spp",NA,"W","N","20090618"
"4D","1st","","digitaria.2",NA,"W","N","20090618"
"4D","1st","","digitaria.milanjiana",NA,"W","N","20090618"
"4D","1st","","dinebra.retroflexa",NA,"W","N","20090618"
"4D","1st","","eragrostis.tenuifolia",NA,"W","N","20090618"
"4D","1st","","harpachne.schimperi",NA,"W","N","20090618"
"4D","1st","","microchloa.kunthii",NA,"W","N","20090618"
"4D","1st","","panicum.astrosanguinum",NA,"W","N","20090618"
"4D","1st","","setaria.acromelaena..small.",NA,"W","N","20090618"
"4D","1st","","setaria.sphaecealata..big.",NA,"W","N","20090618"
"4D","1st","","sporobolus.pyramidalis",NA,"W","N","20090618"
"4D","1st","","tragus.berteronianus",NA,"W","N","20090618"
"4D","1st","","x_3",NA,"W","N","20090618"
"4D","1st","","acalypha.crenata",NA,"W","N","20090618"
"4D","1st","","aerva.lanata",1,"W","N","20090618"
"4D","1st","","amaranthus.hibridus",NA,"W","N","20090618"
"4D","1st","","aspilia.pluriseta",NA,"W","N","20090618"
"4D","1st","","asterolinon.adoense..v.",NA,"W","N","20090618"
"4D","1st","","caralluma.acutangula",NA,"W","N","20090618"
"4D","1st","","chenopodium.opulifolium",NA,"W","N","20090618"
"4D","1st","","chenopodium.schraderianum",NA,"W","N","20090618"
"4D","1st","","commelina.spp",NA,"W","N","20090618"
"4D","1st","","commicarpus.pedunculosus",NA,"W","N","20090618"
"4D","1st","","conyza.sp",NA,"W","N","20090618"
"4D","1st","","corchorus.sp",NA,"W","N","20090618"
"4D","1st","","crotelaria.sp",NA,"W","N","20090618"
"4D","1st","","cyathula.orthacantha",NA,"W","N","20090618"
"4D","1st","","dyscoriste.radicans",NA,"W","N","20090618"
"4D","1st","","euphorbia.inaequilatera",NA,"W","N","20090618"
"4D","1st","","evolvulus.alsinoides",NA,"W","N","20090618"
"4D","1st","","fern",NA,"W","N","20090618"
"4D","1st","","gutenbergia.sp",NA,"W","N","20090618"
"4D","1st","","hermannia.uhligii",NA,"W","N","20090618"
"4D","1st","","hibiscus.flavifolius",NA,"W","N","20090618"
"4D","1st","","hibiscus.trionum",NA,"W","N","20090618"
"4D","1st","","indigofera.brevicalyx",NA,"W","N","20090618"
"4D","1st","","indigofera.schimperi",NA,"W","N","20090618"
"4D","1st","","ipomea.sinensis",NA,"W","N","20090618"
"4D","1st","","justicia.dichipteroides",NA,"W","N","20090618"
"4D","1st","","k",NA,"W","N","20090618"
"4D","1st","","kyllinga.sp",NA,"W","N","20090618"
"4D","1st","","leucas.glabrata",NA,"W","N","20090618"
"4D","1st","","leucas.martiniscensis",NA,"W","N","20090618"
"4D","1st","","lily.a",NA,"W","N","20090618"
"4D","1st","","lily.b",NA,"W","N","20090618"
"4D","1st","","lippia.javanica",NA,"W","N","20090618"
"4D","1st","","melhania.spp.",NA,"W","N","20090618"
"4D","1st","","misopates.orontium",NA,"W","N","20090618"
"4D","1st","","mollugo.nudicaulis",NA,"W","N","20090618"
"4D","1st","","monechima.debile",NA,"W","N","20090618"
"4D","1st","","monsonia.augustifolia",NA,"W","N","20090618"
"4D","1st","","ocimum.sp",NA,"W","N","20090618"
"4D","1st","","osteospermum.vaillantii",NA,"W","N","20090618"
"4D","1st","","oxygonum.sinuatum",NA,"W","N","20090618"
"4D","1st","","pavonia.patens",NA,"W","N","20090618"
"4D","1st","","pelargonium.alchemilloides",NA,"W","N","20090618"
"4D","1st","","pentanisia.ouranogyne",NA,"W","N","20090618"
"4D","1st","","phyllanthus.maderaspatensis",NA,"W","N","20090618"
"4D","1st","","plectranthus.spp",NA,"W","N","20090618"
"4D","1st","","pollichia.campestris",NA,"W","N","20090618"
"4D","1st","","polygala..l.",NA,"W","N","20090618"
"4D","1st","","polygala.sphenoptera",NA,"W","N","20090618"
"4D","1st","","portulaca.oleracea",NA,"W","N","20090618"
"4D","1st","","portulaca.quadrifida",NA,"W","N","20090618"
"4D","1st","","pseudognaphalium..helichrysum.glumaceum.",4,"W","N","20090618"
"4D","1st","","psilotrichum.schimperi",NA,"W","N","20090618"
"4D","1st","","rhinacanthus.ndorensis",NA,"W","N","20090618"
"4D","1st","","rhynchosia.holstii",NA,"W","N","20090618"
"4D","1st","","schkuhria.pinnata",NA,"W","N","20090618"
"4D","1st","","sida.2",NA,"W","N","20090618"
"4D","1st","","sida.cuneifolia",NA,"W","N","20090618"
"4D","1st","","solanum.incanum",NA,"W","N","20090618"
"4D","1st","","solanum.indicum",NA,"W","N","20090618"
"4D","1st","","tribulus.terrestris",NA,"W","N","20090618"
"4D","1st","","u",NA,"W","N","20090618"
"4D","1st","","w",NA,"W","N","20090618"
"4D","1st","","x_4",NA,"W","N","20090618"
"4D","1st","","x_5",NA,"W","N","20090618"
"4D","1st","","x_6",NA,"W","N","20090618"
"4D","1st","","x_7",NA,"W","N","20090618"
"4D","1st","","x_8",NA,"W","N","20090618"
"4B","1st","","bracharia.lacnantha",10,"W","N","20090618"
"4B","1st","","lintonia.nutans",NA,"W","N","20090618"
"4B","1st","","pennisetum.mezianum",NA,"W","N","20090618"
"4B","1st","","pennisetum.straminium",NA,"W","N","20090618"
"4B","1st","","themeda.triandra",NA,"W","N","20090618"
"4B","1st","","bare",NA,"W","N","20090618"
"4B","1st","","x_2",NA,"W","N","20090618"
"4B","1st","","aristida.kenyensis",NA,"W","N","20090618"
"4B","1st","","bothriochloa.insculpta",NA,"W","N","20090618"
"4B","1st","","bracharia.3",NA,"W","N","20090618"
"4B","1st","","bracharia.eruciformis",NA,"W","N","20090618"
"4B","1st","","chloris.sp",NA,"W","N","20090618"
"4B","1st","","cynodon.dactylon",NA,"W","N","20090618"
"4B","1st","","cynodon.plectostachyus",NA,"W","N","20090618"
"4B","1st","","cyperus...mariscus.spp",NA,"W","N","20090618"
"4B","1st","","digitaria.2",NA,"W","N","20090618"
"4B","1st","","digitaria.milanjiana",NA,"W","N","20090618"
"4B","1st","","dinebra.retroflexa",NA,"W","N","20090618"
"4B","1st","","eragrostis.tenuifolia",NA,"W","N","20090618"
"4B","1st","","harpachne.schimperi",NA,"W","N","20090618"
"4B","1st","","microchloa.kunthii",NA,"W","N","20090618"
"4B","1st","","panicum.astrosanguinum",NA,"W","N","20090618"
"4B","1st","","setaria.acromelaena..small.",NA,"W","N","20090618"
"4B","1st","","setaria.sphaecealata..big.",NA,"W","N","20090618"
"4B","1st","","sporobolus.pyramidalis",NA,"W","N","20090618"
"4B","1st","","tragus.berteronianus",NA,"W","N","20090618"
"4B","1st","","x_3",NA,"W","N","20090618"
"4B","1st","","acalypha.crenata",NA,"W","N","20090618"
"4B","1st","","aerva.lanata",NA,"W","N","20090618"
"4B","1st","","amaranthus.hibridus",NA,"W","N","20090618"
"4B","1st","","aspilia.pluriseta",NA,"W","N","20090618"
"4B","1st","","asterolinon.adoense..v.",NA,"W","N","20090618"
"4B","1st","","caralluma.acutangula",NA,"W","N","20090618"
"4B","1st","","chenopodium.opulifolium",NA,"W","N","20090618"
"4B","1st","","chenopodium.schraderianum",NA,"W","N","20090618"
"4B","1st","","commelina.spp",NA,"W","N","20090618"
"4B","1st","","commicarpus.pedunculosus",NA,"W","N","20090618"
"4B","1st","","conyza.sp",NA,"W","N","20090618"
"4B","1st","","corchorus.sp",NA,"W","N","20090618"
"4B","1st","","crotelaria.sp",NA,"W","N","20090618"
"4B","1st","","cyathula.orthacantha",NA,"W","N","20090618"
"4B","1st","","dyscoriste.radicans",NA,"W","N","20090618"
"4B","1st","","euphorbia.inaequilatera",NA,"W","N","20090618"
"4B","1st","","evolvulus.alsinoides",NA,"W","N","20090618"
"4B","1st","","fern",NA,"W","N","20090618"
"4B","1st","","gutenbergia.sp",NA,"W","N","20090618"
"4B","1st","","hermannia.uhligii",NA,"W","N","20090618"
"4B","1st","","hibiscus.flavifolius",NA,"W","N","20090618"
"4B","1st","","hibiscus.trionum",NA,"W","N","20090618"
"4B","1st","","indigofera.brevicalyx",NA,"W","N","20090618"
"4B","1st","","indigofera.schimperi",NA,"W","N","20090618"
"4B","1st","","ipomea.sinensis",NA,"W","N","20090618"
"4B","1st","","justicia.dichipteroides",NA,"W","N","20090618"
"4B","1st","","k",NA,"W","N","20090618"
"4B","1st","","kyllinga.sp",NA,"W","N","20090618"
"4B","1st","","leucas.glabrata",NA,"W","N","20090618"
"4B","1st","","leucas.martiniscensis",NA,"W","N","20090618"
"4B","1st","","lily.a",NA,"W","N","20090618"
"4B","1st","","lily.b",NA,"W","N","20090618"
"4B","1st","","lippia.javanica",NA,"W","N","20090618"
"4B","1st","","melhania.spp.",NA,"W","N","20090618"
"4B","1st","","misopates.orontium",NA,"W","N","20090618"
"4B","1st","","mollugo.nudicaulis",NA,"W","N","20090618"
"4B","1st","","monechima.debile",NA,"W","N","20090618"
"4B","1st","","monsonia.augustifolia",NA,"W","N","20090618"
"4B","1st","","ocimum.sp",NA,"W","N","20090618"
"4B","1st","","osteospermum.vaillantii",NA,"W","N","20090618"
"4B","1st","","oxygonum.sinuatum",NA,"W","N","20090618"
"4B","1st","","pavonia.patens",NA,"W","N","20090618"
"4B","1st","","pelargonium.alchemilloides",NA,"W","N","20090618"
"4B","1st","","pentanisia.ouranogyne",NA,"W","N","20090618"
"4B","1st","","phyllanthus.maderaspatensis",NA,"W","N","20090618"
"4B","1st","","plectranthus.spp",NA,"W","N","20090618"
"4B","1st","","pollichia.campestris",NA,"W","N","20090618"
"4B","1st","","polygala..l.",NA,"W","N","20090618"
"4B","1st","","polygala.sphenoptera",NA,"W","N","20090618"
"4B","1st","","portulaca.oleracea",NA,"W","N","20090618"
"4B","1st","","portulaca.quadrifida",NA,"W","N","20090618"
"4B","1st","","pseudognaphalium..helichrysum.glumaceum.",1,"W","N","20090618"
"4B","1st","","psilotrichum.schimperi",NA,"W","N","20090618"
"4B","1st","","rhinacanthus.ndorensis",NA,"W","N","20090618"
"4B","1st","","rhynchosia.holstii",NA,"W","N","20090618"
"4B","1st","","schkuhria.pinnata",NA,"W","N","20090618"
"4B","1st","","sida.2",NA,"W","N","20090618"
"4B","1st","","sida.cuneifolia",NA,"W","N","20090618"
"4B","1st","","solanum.incanum",NA,"W","N","20090618"
"4B","1st","","solanum.indicum",NA,"W","N","20090618"
"4B","1st","","tribulus.terrestris",NA,"W","N","20090618"
"4B","1st","","u",NA,"W","N","20090618"
"4B","1st","","w",NA,"W","N","20090618"
"4B","1st","","x_4",NA,"W","N","20090618"
"4B","1st","","x_5",NA,"W","N","20090618"
"4B","1st","","x_6",NA,"W","N","20090618"
"4B","1st","","x_7",NA,"W","N","20090618"
"4B","1st","","x_8",NA,"W","N","20090618"
"5A","1st","","bracharia.lacnantha",NA,"W","N","20090618"
"5A","1st","","lintonia.nutans",NA,"W","N","20090618"
"5A","1st","","pennisetum.mezianum",NA,"W","N","20090618"
"5A","1st","","pennisetum.straminium",NA,"W","N","20090618"
"5A","1st","","themeda.triandra",NA,"W","N","20090618"
"5A","1st","","bare",2,"W","N","20090618"
"5A","1st","","x_2",NA,"W","N","20090618"
"5A","1st","","aristida.kenyensis",NA,"W","N","20090618"
"5A","1st","","bothriochloa.insculpta",NA,"W","N","20090618"
"5A","1st","","bracharia.3",NA,"W","N","20090618"
"5A","1st","","bracharia.eruciformis",NA,"W","N","20090618"
"5A","1st","","chloris.sp",NA,"W","N","20090618"
"5A","1st","","cynodon.dactylon",NA,"W","N","20090618"
"5A","1st","","cynodon.plectostachyus",NA,"W","N","20090618"
"5A","1st","","cyperus...mariscus.spp",NA,"W","N","20090618"
"5A","1st","","digitaria.2",NA,"W","N","20090618"
"5A","1st","","digitaria.milanjiana",NA,"W","N","20090618"
"5A","1st","","dinebra.retroflexa",NA,"W","N","20090618"
"5A","1st","","eragrostis.tenuifolia",NA,"W","N","20090618"
"5A","1st","","harpachne.schimperi",NA,"W","N","20090618"
"5A","1st","","microchloa.kunthii",NA,"W","N","20090618"
"5A","1st","","panicum.astrosanguinum",NA,"W","N","20090618"
"5A","1st","","setaria.acromelaena..small.",NA,"W","N","20090618"
"5A","1st","","setaria.sphaecealata..big.",NA,"W","N","20090618"
"5A","1st","","sporobolus.pyramidalis",NA,"W","N","20090618"
"5A","1st","","tragus.berteronianus",NA,"W","N","20090618"
"5A","1st","","x_3",NA,"W","N","20090618"
"5A","1st","","acalypha.crenata",NA,"W","N","20090618"
"5A","1st","","aerva.lanata",NA,"W","N","20090618"
"5A","1st","","amaranthus.hibridus",NA,"W","N","20090618"
"5A","1st","","aspilia.pluriseta",NA,"W","N","20090618"
"5A","1st","","asterolinon.adoense..v.",NA,"W","N","20090618"
"5A","1st","","caralluma.acutangula",NA,"W","N","20090618"
"5A","1st","","chenopodium.opulifolium",NA,"W","N","20090618"
"5A","1st","","chenopodium.schraderianum",NA,"W","N","20090618"
"5A","1st","","commelina.spp",NA,"W","N","20090618"
"5A","1st","","commicarpus.pedunculosus",NA,"W","N","20090618"
"5A","1st","","conyza.sp",NA,"W","N","20090618"
"5A","1st","","corchorus.sp",NA,"W","N","20090618"
"5A","1st","","crotelaria.sp",NA,"W","N","20090618"
"5A","1st","","cyathula.orthacantha",NA,"W","N","20090618"
"5A","1st","","dyscoriste.radicans",NA,"W","N","20090618"
"5A","1st","","euphorbia.inaequilatera",NA,"W","N","20090618"
"5A","1st","","evolvulus.alsinoides",NA,"W","N","20090618"
"5A","1st","","fern",NA,"W","N","20090618"
"5A","1st","","gutenbergia.sp",NA,"W","N","20090618"
"5A","1st","","hermannia.uhligii",NA,"W","N","20090618"
"5A","1st","","hibiscus.flavifolius",NA,"W","N","20090618"
"5A","1st","","hibiscus.trionum",NA,"W","N","20090618"
"5A","1st","","indigofera.brevicalyx",NA,"W","N","20090618"
"5A","1st","","indigofera.schimperi",NA,"W","N","20090618"
"5A","1st","","ipomea.sinensis",NA,"W","N","20090618"
"5A","1st","","justicia.dichipteroides",NA,"W","N","20090618"
"5A","1st","","k",NA,"W","N","20090618"
"5A","1st","","kyllinga.sp",NA,"W","N","20090618"
"5A","1st","","leucas.glabrata",NA,"W","N","20090618"
"5A","1st","","leucas.martiniscensis",NA,"W","N","20090618"
"5A","1st","","lily.a",NA,"W","N","20090618"
"5A","1st","","lily.b",NA,"W","N","20090618"
"5A","1st","","lippia.javanica",NA,"W","N","20090618"
"5A","1st","","melhania.spp.",NA,"W","N","20090618"
"5A","1st","","misopates.orontium",NA,"W","N","20090618"
"5A","1st","","mollugo.nudicaulis",NA,"W","N","20090618"
"5A","1st","","monechima.debile",NA,"W","N","20090618"
"5A","1st","","monsonia.augustifolia",NA,"W","N","20090618"
"5A","1st","","ocimum.sp",NA,"W","N","20090618"
"5A","1st","","osteospermum.vaillantii",NA,"W","N","20090618"
"5A","1st","","oxygonum.sinuatum",NA,"W","N","20090618"
"5A","1st","","pavonia.patens",NA,"W","N","20090618"
"5A","1st","","pelargonium.alchemilloides",NA,"W","N","20090618"
"5A","1st","","pentanisia.ouranogyne",NA,"W","N","20090618"
"5A","1st","","phyllanthus.maderaspatensis",NA,"W","N","20090618"
"5A","1st","","plectranthus.spp",NA,"W","N","20090618"
"5A","1st","","pollichia.campestris",NA,"W","N","20090618"
"5A","1st","","polygala..l.",NA,"W","N","20090618"
"5A","1st","","polygala.sphenoptera",NA,"W","N","20090618"
"5A","1st","","portulaca.oleracea",NA,"W","N","20090618"
"5A","1st","","portulaca.quadrifida",NA,"W","N","20090618"
"5A","1st","","pseudognaphalium..helichrysum.glumaceum.",2,"W","N","20090618"
"5A","1st","","psilotrichum.schimperi",NA,"W","N","20090618"
"5A","1st","","rhinacanthus.ndorensis",NA,"W","N","20090618"
"5A","1st","","rhynchosia.holstii",NA,"W","N","20090618"
"5A","1st","","schkuhria.pinnata",NA,"W","N","20090618"
"5A","1st","","sida.2",NA,"W","N","20090618"
"5A","1st","","sida.cuneifolia",NA,"W","N","20090618"
"5A","1st","","solanum.incanum",NA,"W","N","20090618"
"5A","1st","","solanum.indicum",NA,"W","N","20090618"
"5A","1st","","tribulus.terrestris",NA,"W","N","20090618"
"5A","1st","","u",NA,"W","N","20090618"
"5A","1st","","w",NA,"W","N","20090618"
"5A","1st","","x_4",NA,"W","N","20090618"
"5A","1st","","x_5",NA,"W","N","20090618"
"5A","1st","","x_6",NA,"W","N","20090618"
"5A","1st","","x_7",NA,"W","N","20090618"
"5A","1st","","x_8",NA,"W","N","20090618"
"5C","1st","","bracharia.lacnantha",NA,"W","N","20090618"
"5C","1st","","lintonia.nutans",NA,"W","N","20090618"
"5C","1st","","pennisetum.mezianum",NA,"W","N","20090618"
"5C","1st","","pennisetum.straminium",NA,"W","N","20090618"
"5C","1st","","themeda.triandra",NA,"W","N","20090618"
"5C","1st","","bare",NA,"W","N","20090618"
"5C","1st","","x_2",NA,"W","N","20090618"
"5C","1st","","aristida.kenyensis",NA,"W","N","20090618"
"5C","1st","","bothriochloa.insculpta",NA,"W","N","20090618"
"5C","1st","","bracharia.3",NA,"W","N","20090618"
"5C","1st","","bracharia.eruciformis",NA,"W","N","20090618"
"5C","1st","","chloris.sp",NA,"W","N","20090618"
"5C","1st","","cynodon.dactylon",NA,"W","N","20090618"
"5C","1st","","cynodon.plectostachyus",NA,"W","N","20090618"
"5C","1st","","cyperus...mariscus.spp",NA,"W","N","20090618"
"5C","1st","","digitaria.2",NA,"W","N","20090618"
"5C","1st","","digitaria.milanjiana",NA,"W","N","20090618"
"5C","1st","","dinebra.retroflexa",NA,"W","N","20090618"
"5C","1st","","eragrostis.tenuifolia",NA,"W","N","20090618"
"5C","1st","","harpachne.schimperi",NA,"W","N","20090618"
"5C","1st","","microchloa.kunthii",NA,"W","N","20090618"
"5C","1st","","panicum.astrosanguinum",NA,"W","N","20090618"
"5C","1st","","setaria.acromelaena..small.",NA,"W","N","20090618"
"5C","1st","","setaria.sphaecealata..big.",NA,"W","N","20090618"
"5C","1st","","sporobolus.pyramidalis",NA,"W","N","20090618"
"5C","1st","","tragus.berteronianus",NA,"W","N","20090618"
"5C","1st","","x_3",NA,"W","N","20090618"
"5C","1st","","acalypha.crenata",NA,"W","N","20090618"
"5C","1st","","aerva.lanata",NA,"W","N","20090618"
"5C","1st","","amaranthus.hibridus",NA,"W","N","20090618"
"5C","1st","","aspilia.pluriseta",NA,"W","N","20090618"
"5C","1st","","asterolinon.adoense..v.",NA,"W","N","20090618"
"5C","1st","","caralluma.acutangula",NA,"W","N","20090618"
"5C","1st","","chenopodium.opulifolium",NA,"W","N","20090618"
"5C","1st","","chenopodium.schraderianum",NA,"W","N","20090618"
"5C","1st","","commelina.spp",1,"W","N","20090618"
"5C","1st","","commicarpus.pedunculosus",NA,"W","N","20090618"
"5C","1st","","conyza.sp",NA,"W","N","20090618"
"5C","1st","","corchorus.sp",NA,"W","N","20090618"
"5C","1st","","crotelaria.sp",NA,"W","N","20090618"
"5C","1st","","cyathula.orthacantha",NA,"W","N","20090618"
"5C","1st","","dyscoriste.radicans",NA,"W","N","20090618"
"5C","1st","","euphorbia.inaequilatera",NA,"W","N","20090618"
"5C","1st","","evolvulus.alsinoides",NA,"W","N","20090618"
"5C","1st","","fern",NA,"W","N","20090618"
"5C","1st","","gutenbergia.sp",NA,"W","N","20090618"
"5C","1st","","hermannia.uhligii",NA,"W","N","20090618"
"5C","1st","","hibiscus.flavifolius",NA,"W","N","20090618"
"5C","1st","","hibiscus.trionum",NA,"W","N","20090618"
"5C","1st","","indigofera.brevicalyx",NA,"W","N","20090618"
"5C","1st","","indigofera.schimperi",NA,"W","N","20090618"
"5C","1st","","ipomea.sinensis",NA,"W","N","20090618"
"5C","1st","","justicia.dichipteroides",NA,"W","N","20090618"
"5C","1st","","k",NA,"W","N","20090618"
"5C","1st","","kyllinga.sp",NA,"W","N","20090618"
"5C","1st","","leucas.glabrata",NA,"W","N","20090618"
"5C","1st","","leucas.martiniscensis",NA,"W","N","20090618"
"5C","1st","","lily.a",NA,"W","N","20090618"
"5C","1st","","lily.b",NA,"W","N","20090618"
"5C","1st","","lippia.javanica",NA,"W","N","20090618"
"5C","1st","","melhania.spp.",NA,"W","N","20090618"
"5C","1st","","misopates.orontium",NA,"W","N","20090618"
"5C","1st","","mollugo.nudicaulis",NA,"W","N","20090618"
"5C","1st","","monechima.debile",NA,"W","N","20090618"
"5C","1st","","monsonia.augustifolia",NA,"W","N","20090618"
"5C","1st","","ocimum.sp",NA,"W","N","20090618"
"5C","1st","","osteospermum.vaillantii",NA,"W","N","20090618"
"5C","1st","","oxygonum.sinuatum",NA,"W","N","20090618"
"5C","1st","","pavonia.patens",NA,"W","N","20090618"
"5C","1st","","pelargonium.alchemilloides",NA,"W","N","20090618"
"5C","1st","","pentanisia.ouranogyne",NA,"W","N","20090618"
"5C","1st","","phyllanthus.maderaspatensis",NA,"W","N","20090618"
"5C","1st","","plectranthus.spp",NA,"W","N","20090618"
"5C","1st","","pollichia.campestris",NA,"W","N","20090618"
"5C","1st","","polygala..l.",NA,"W","N","20090618"
"5C","1st","","polygala.sphenoptera",NA,"W","N","20090618"
"5C","1st","","portulaca.oleracea",NA,"W","N","20090618"
"5C","1st","","portulaca.quadrifida",NA,"W","N","20090618"
"5C","1st","","pseudognaphalium..helichrysum.glumaceum.",1,"W","N","20090618"
"5C","1st","","psilotrichum.schimperi",NA,"W","N","20090618"
"5C","1st","","rhinacanthus.ndorensis",NA,"W","N","20090618"
"5C","1st","","rhynchosia.holstii",NA,"W","N","20090618"
"5C","1st","","schkuhria.pinnata",NA,"W","N","20090618"
"5C","1st","","sida.2",NA,"W","N","20090618"
"5C","1st","","sida.cuneifolia",NA,"W","N","20090618"
"5C","1st","","solanum.incanum",NA,"W","N","20090618"
"5C","1st","","solanum.indicum",NA,"W","N","20090618"
"5C","1st","","tribulus.terrestris",NA,"W","N","20090618"
"5C","1st","","u",NA,"W","N","20090618"
"5C","1st","","w",NA,"W","N","20090618"
"5C","1st","","x_4",NA,"W","N","20090618"
"5C","1st","","x_5",NA,"W","N","20090618"
"5C","1st","","x_6",NA,"W","N","20090618"
"5C","1st","","x_7",NA,"W","N","20090618"
"5C","1st","","x_8",NA,"W","N","20090618"
"5E","1st","","bracharia.lacnantha",NA,"W","N","20090618"
"5E","1st","","lintonia.nutans",NA,"W","N","20090618"
"5E","1st","","pennisetum.mezianum",NA,"W","N","20090618"
"5E","1st","","pennisetum.straminium",NA,"W","N","20090618"
"5E","1st","","themeda.triandra",NA,"W","N","20090618"
"5E","1st","","bare",NA,"W","N","20090618"
"5E","1st","","x_2",NA,"W","N","20090618"
"5E","1st","","aristida.kenyensis",NA,"W","N","20090618"
"5E","1st","","bothriochloa.insculpta",NA,"W","N","20090618"
"5E","1st","","bracharia.3",NA,"W","N","20090618"
"5E","1st","","bracharia.eruciformis",NA,"W","N","20090618"
"5E","1st","","chloris.sp",NA,"W","N","20090618"
"5E","1st","","cynodon.dactylon",NA,"W","N","20090618"
"5E","1st","","cynodon.plectostachyus",NA,"W","N","20090618"
"5E","1st","","cyperus...mariscus.spp",NA,"W","N","20090618"
"5E","1st","","digitaria.2",NA,"W","N","20090618"
"5E","1st","","digitaria.milanjiana",NA,"W","N","20090618"
"5E","1st","","dinebra.retroflexa",NA,"W","N","20090618"
"5E","1st","","eragrostis.tenuifolia",NA,"W","N","20090618"
"5E","1st","","harpachne.schimperi",NA,"W","N","20090618"
"5E","1st","","microchloa.kunthii",NA,"W","N","20090618"
"5E","1st","","panicum.astrosanguinum",NA,"W","N","20090618"
"5E","1st","","setaria.acromelaena..small.",NA,"W","N","20090618"
"5E","1st","","setaria.sphaecealata..big.",NA,"W","N","20090618"
"5E","1st","","sporobolus.pyramidalis",NA,"W","N","20090618"
"5E","1st","","tragus.berteronianus",NA,"W","N","20090618"
"5E","1st","","x_3",NA,"W","N","20090618"
"5E","1st","","acalypha.crenata",NA,"W","N","20090618"
"5E","1st","","aerva.lanata",1,"W","N","20090618"
"5E","1st","","amaranthus.hibridus",NA,"W","N","20090618"
"5E","1st","","aspilia.pluriseta",NA,"W","N","20090618"
"5E","1st","","asterolinon.adoense..v.",NA,"W","N","20090618"
"5E","1st","","caralluma.acutangula",NA,"W","N","20090618"
"5E","1st","","chenopodium.opulifolium",NA,"W","N","20090618"
"5E","1st","","chenopodium.schraderianum",NA,"W","N","20090618"
"5E","1st","","commelina.spp",NA,"W","N","20090618"
"5E","1st","","commicarpus.pedunculosus",NA,"W","N","20090618"
"5E","1st","","conyza.sp",NA,"W","N","20090618"
"5E","1st","","corchorus.sp",NA,"W","N","20090618"
"5E","1st","","crotelaria.sp",NA,"W","N","20090618"
"5E","1st","","cyathula.orthacantha",NA,"W","N","20090618"
"5E","1st","","dyscoriste.radicans",NA,"W","N","20090618"
"5E","1st","","euphorbia.inaequilatera",NA,"W","N","20090618"
"5E","1st","","evolvulus.alsinoides",NA,"W","N","20090618"
"5E","1st","","fern",NA,"W","N","20090618"
"5E","1st","","gutenbergia.sp",NA,"W","N","20090618"
"5E","1st","","hermannia.uhligii",NA,"W","N","20090618"
"5E","1st","","hibiscus.flavifolius",NA,"W","N","20090618"
"5E","1st","","hibiscus.trionum",NA,"W","N","20090618"
"5E","1st","","indigofera.brevicalyx",NA,"W","N","20090618"
"5E","1st","","indigofera.schimperi",NA,"W","N","20090618"
"5E","1st","","ipomea.sinensis",NA,"W","N","20090618"
"5E","1st","","justicia.dichipteroides",NA,"W","N","20090618"
"5E","1st","","k",NA,"W","N","20090618"
"5E","1st","","kyllinga.sp",NA,"W","N","20090618"
"5E","1st","","leucas.glabrata",NA,"W","N","20090618"
"5E","1st","","leucas.martiniscensis",NA,"W","N","20090618"
"5E","1st","","lily.a",NA,"W","N","20090618"
"5E","1st","","lily.b",NA,"W","N","20090618"
"5E","1st","","lippia.javanica",NA,"W","N","20090618"
"5E","1st","","melhania.spp.",NA,"W","N","20090618"
"5E","1st","","misopates.orontium",NA,"W","N","20090618"
"5E","1st","","mollugo.nudicaulis",NA,"W","N","20090618"
"5E","1st","","monechima.debile",NA,"W","N","20090618"
"5E","1st","","monsonia.augustifolia",NA,"W","N","20090618"
"5E","1st","","ocimum.sp",NA,"W","N","20090618"
"5E","1st","","osteospermum.vaillantii",NA,"W","N","20090618"
"5E","1st","","oxygonum.sinuatum",NA,"W","N","20090618"
"5E","1st","","pavonia.patens",NA,"W","N","20090618"
"5E","1st","","pelargonium.alchemilloides",NA,"W","N","20090618"
"5E","1st","","pentanisia.ouranogyne",NA,"W","N","20090618"
"5E","1st","","phyllanthus.maderaspatensis",NA,"W","N","20090618"
"5E","1st","","plectranthus.spp",NA,"W","N","20090618"
"5E","1st","","pollichia.campestris",NA,"W","N","20090618"
"5E","1st","","polygala..l.",NA,"W","N","20090618"
"5E","1st","","polygala.sphenoptera",NA,"W","N","20090618"
"5E","1st","","portulaca.oleracea",NA,"W","N","20090618"
"5E","1st","","portulaca.quadrifida",NA,"W","N","20090618"
"5E","1st","","pseudognaphalium..helichrysum.glumaceum.",NA,"W","N","20090618"
"5E","1st","","psilotrichum.schimperi",NA,"W","N","20090618"
"5E","1st","","rhinacanthus.ndorensis",NA,"W","N","20090618"
"5E","1st","","rhynchosia.holstii",NA,"W","N","20090618"
"5E","1st","","schkuhria.pinnata",NA,"W","N","20090618"
"5E","1st","","sida.2",NA,"W","N","20090618"
"5E","1st","","sida.cuneifolia",NA,"W","N","20090618"
"5E","1st","","solanum.incanum",NA,"W","N","20090618"
"5E","1st","","solanum.indicum",NA,"W","N","20090618"
"5E","1st","","tribulus.terrestris",NA,"W","N","20090618"
"5E","1st","","u",NA,"W","N","20090618"
"5E","1st","","w",NA,"W","N","20090618"
"5E","1st","","x_4",NA,"W","N","20090618"
"5E","1st","","x_5",NA,"W","N","20090618"
"5E","1st","","x_6",NA,"W","N","20090618"
"5E","1st","","x_7",NA,"W","N","20090618"
"5E","1st","","x_8",NA,"W","N","20090618"
"5G","1st","","bracharia.lacnantha",NA,"W","N","20090618"
"5G","1st","","lintonia.nutans",NA,"W","N","20090618"
"5G","1st","","pennisetum.mezianum",NA,"W","N","20090618"
"5G","1st","","pennisetum.straminium",NA,"W","N","20090618"
"5G","1st","","themeda.triandra",NA,"W","N","20090618"
"5G","1st","","bare",5,"W","N","20090618"
"5G","1st","","x_2",NA,"W","N","20090618"
"5G","1st","","aristida.kenyensis",NA,"W","N","20090618"
"5G","1st","","bothriochloa.insculpta",NA,"W","N","20090618"
"5G","1st","","bracharia.3",NA,"W","N","20090618"
"5G","1st","","bracharia.eruciformis",NA,"W","N","20090618"
"5G","1st","","chloris.sp",NA,"W","N","20090618"
"5G","1st","","cynodon.dactylon",NA,"W","N","20090618"
"5G","1st","","cynodon.plectostachyus",NA,"W","N","20090618"
"5G","1st","","cyperus...mariscus.spp",NA,"W","N","20090618"
"5G","1st","","digitaria.2",NA,"W","N","20090618"
"5G","1st","","digitaria.milanjiana",NA,"W","N","20090618"
"5G","1st","","dinebra.retroflexa",NA,"W","N","20090618"
"5G","1st","","eragrostis.tenuifolia",NA,"W","N","20090618"
"5G","1st","","harpachne.schimperi",NA,"W","N","20090618"
"5G","1st","","microchloa.kunthii",NA,"W","N","20090618"
"5G","1st","","panicum.astrosanguinum",NA,"W","N","20090618"
"5G","1st","","setaria.acromelaena..small.",NA,"W","N","20090618"
"5G","1st","","setaria.sphaecealata..big.",NA,"W","N","20090618"
"5G","1st","","sporobolus.pyramidalis",NA,"W","N","20090618"
"5G","1st","","tragus.berteronianus",NA,"W","N","20090618"
"5G","1st","","x_3",NA,"W","N","20090618"
"5G","1st","","acalypha.crenata",NA,"W","N","20090618"
"5G","1st","","aerva.lanata",NA,"W","N","20090618"
"5G","1st","","amaranthus.hibridus",NA,"W","N","20090618"
"5G","1st","","aspilia.pluriseta",NA,"W","N","20090618"
"5G","1st","","asterolinon.adoense..v.",NA,"W","N","20090618"
"5G","1st","","caralluma.acutangula",NA,"W","N","20090618"
"5G","1st","","chenopodium.opulifolium",NA,"W","N","20090618"
"5G","1st","","chenopodium.schraderianum",NA,"W","N","20090618"
"5G","1st","","commelina.spp",1,"W","N","20090618"
"5G","1st","","commicarpus.pedunculosus",NA,"W","N","20090618"
"5G","1st","","conyza.sp",NA,"W","N","20090618"
"5G","1st","","corchorus.sp",NA,"W","N","20090618"
"5G","1st","","crotelaria.sp",NA,"W","N","20090618"
"5G","1st","","cyathula.orthacantha",NA,"W","N","20090618"
"5G","1st","","dyscoriste.radicans",NA,"W","N","20090618"
"5G","1st","","euphorbia.inaequilatera",NA,"W","N","20090618"
"5G","1st","","evolvulus.alsinoides",NA,"W","N","20090618"
"5G","1st","","fern",NA,"W","N","20090618"
"5G","1st","","gutenbergia.sp",NA,"W","N","20090618"
"5G","1st","","hermannia.uhligii",NA,"W","N","20090618"
"5G","1st","","hibiscus.flavifolius",NA,"W","N","20090618"
"5G","1st","","hibiscus.trionum",NA,"W","N","20090618"
"5G","1st","","indigofera.brevicalyx",NA,"W","N","20090618"
"5G","1st","","indigofera.schimperi",NA,"W","N","20090618"
"5G","1st","","ipomea.sinensis",NA,"W","N","20090618"
"5G","1st","","justicia.dichipteroides",NA,"W","N","20090618"
"5G","1st","","k",NA,"W","N","20090618"
"5G","1st","","kyllinga.sp",NA,"W","N","20090618"
"5G","1st","","leucas.glabrata",NA,"W","N","20090618"
"5G","1st","","leucas.martiniscensis",NA,"W","N","20090618"
"5G","1st","","lily.a",NA,"W","N","20090618"
"5G","1st","","lily.b",NA,"W","N","20090618"
"5G","1st","","lippia.javanica",NA,"W","N","20090618"
"5G","1st","","melhania.spp.",NA,"W","N","20090618"
"5G","1st","","misopates.orontium",NA,"W","N","20090618"
"5G","1st","","mollugo.nudicaulis",NA,"W","N","20090618"
"5G","1st","","monechima.debile",NA,"W","N","20090618"
"5G","1st","","monsonia.augustifolia",NA,"W","N","20090618"
"5G","1st","","ocimum.sp",NA,"W","N","20090618"
"5G","1st","","osteospermum.vaillantii",NA,"W","N","20090618"
"5G","1st","","oxygonum.sinuatum",NA,"W","N","20090618"
"5G","1st","","pavonia.patens",NA,"W","N","20090618"
"5G","1st","","pelargonium.alchemilloides",NA,"W","N","20090618"
"5G","1st","","pentanisia.ouranogyne",NA,"W","N","20090618"
"5G","1st","","phyllanthus.maderaspatensis",NA,"W","N","20090618"
"5G","1st","","plectranthus.spp",NA,"W","N","20090618"
"5G","1st","","pollichia.campestris",NA,"W","N","20090618"
"5G","1st","","polygala..l.",NA,"W","N","20090618"
"5G","1st","","polygala.sphenoptera",NA,"W","N","20090618"
"5G","1st","","portulaca.oleracea",NA,"W","N","20090618"
"5G","1st","","portulaca.quadrifida",NA,"W","N","20090618"
"5G","1st","","pseudognaphalium..helichrysum.glumaceum.",NA,"W","N","20090618"
"5G","1st","","psilotrichum.schimperi",NA,"W","N","20090618"
"5G","1st","","rhinacanthus.ndorensis",1,"W","N","20090618"
"5G","1st","","rhynchosia.holstii",NA,"W","N","20090618"
"5G","1st","","schkuhria.pinnata",NA,"W","N","20090618"
"5G","1st","","sida.2",NA,"W","N","20090618"
"5G","1st","","sida.cuneifolia",NA,"W","N","20090618"
"5G","1st","","solanum.incanum",NA,"W","N","20090618"
"5G","1st","","solanum.indicum",NA,"W","N","20090618"
"5G","1st","","tribulus.terrestris",NA,"W","N","20090618"
"5G","1st","","u",NA,"W","N","20090618"
"5G","1st","","w",NA,"W","N","20090618"
"5G","1st","","x_4",NA,"W","N","20090618"
"5G","1st","","x_5",NA,"W","N","20090618"
"5G","1st","","x_6",NA,"W","N","20090618"
"5G","1st","","x_7",NA,"W","N","20090618"
"5G","1st","","x_8",NA,"W","N","20090618"
"5I","1st","","bracharia.lacnantha",NA,"W","N","20090618"
"5I","1st","","lintonia.nutans",NA,"W","N","20090618"
"5I","1st","","pennisetum.mezianum",NA,"W","N","20090618"
"5I","1st","","pennisetum.straminium",NA,"W","N","20090618"
"5I","1st","","themeda.triandra",NA,"W","N","20090618"
"5I","1st","","bare",2,"W","N","20090618"
"5I","1st","","x_2",NA,"W","N","20090618"
"5I","1st","","aristida.kenyensis",NA,"W","N","20090618"
"5I","1st","","bothriochloa.insculpta",NA,"W","N","20090618"
"5I","1st","","bracharia.3",NA,"W","N","20090618"
"5I","1st","","bracharia.eruciformis",NA,"W","N","20090618"
"5I","1st","","chloris.sp",NA,"W","N","20090618"
"5I","1st","","cynodon.dactylon",NA,"W","N","20090618"
"5I","1st","","cynodon.plectostachyus",NA,"W","N","20090618"
"5I","1st","","cyperus...mariscus.spp",NA,"W","N","20090618"
"5I","1st","","digitaria.2",NA,"W","N","20090618"
"5I","1st","","digitaria.milanjiana",NA,"W","N","20090618"
"5I","1st","","dinebra.retroflexa",NA,"W","N","20090618"
"5I","1st","","eragrostis.tenuifolia",NA,"W","N","20090618"
"5I","1st","","harpachne.schimperi",NA,"W","N","20090618"
"5I","1st","","microchloa.kunthii",NA,"W","N","20090618"
"5I","1st","","panicum.astrosanguinum",NA,"W","N","20090618"
"5I","1st","","setaria.acromelaena..small.",NA,"W","N","20090618"
"5I","1st","","setaria.sphaecealata..big.",NA,"W","N","20090618"
"5I","1st","","sporobolus.pyramidalis",NA,"W","N","20090618"
"5I","1st","","tragus.berteronianus",NA,"W","N","20090618"
"5I","1st","","x_3",NA,"W","N","20090618"
"5I","1st","","acalypha.crenata",NA,"W","N","20090618"
"5I","1st","","aerva.lanata",NA,"W","N","20090618"
"5I","1st","","amaranthus.hibridus",NA,"W","N","20090618"
"5I","1st","","aspilia.pluriseta",NA,"W","N","20090618"
"5I","1st","","asterolinon.adoense..v.",NA,"W","N","20090618"
"5I","1st","","caralluma.acutangula",NA,"W","N","20090618"
"5I","1st","","chenopodium.opulifolium",NA,"W","N","20090618"
"5I","1st","","chenopodium.schraderianum",NA,"W","N","20090618"
"5I","1st","","commelina.spp",NA,"W","N","20090618"
"5I","1st","","commicarpus.pedunculosus",NA,"W","N","20090618"
"5I","1st","","conyza.sp",NA,"W","N","20090618"
"5I","1st","","corchorus.sp",NA,"W","N","20090618"
"5I","1st","","crotelaria.sp",NA,"W","N","20090618"
"5I","1st","","cyathula.orthacantha",NA,"W","N","20090618"
"5I","1st","","dyscoriste.radicans",NA,"W","N","20090618"
"5I","1st","","euphorbia.inaequilatera",NA,"W","N","20090618"
"5I","1st","","evolvulus.alsinoides",NA,"W","N","20090618"
"5I","1st","","fern",NA,"W","N","20090618"
"5I","1st","","gutenbergia.sp",NA,"W","N","20090618"
"5I","1st","","hermannia.uhligii",NA,"W","N","20090618"
"5I","1st","","hibiscus.flavifolius",NA,"W","N","20090618"
"5I","1st","","hibiscus.trionum",NA,"W","N","20090618"
"5I","1st","","indigofera.brevicalyx",NA,"W","N","20090618"
"5I","1st","","indigofera.schimperi",NA,"W","N","20090618"
"5I","1st","","ipomea.sinensis",NA,"W","N","20090618"
"5I","1st","","justicia.dichipteroides",NA,"W","N","20090618"
"5I","1st","","k",NA,"W","N","20090618"
"5I","1st","","kyllinga.sp",NA,"W","N","20090618"
"5I","1st","","leucas.glabrata",NA,"W","N","20090618"
"5I","1st","","leucas.martiniscensis",NA,"W","N","20090618"
"5I","1st","","lily.a",NA,"W","N","20090618"
"5I","1st","","lily.b",NA,"W","N","20090618"
"5I","1st","","lippia.javanica",NA,"W","N","20090618"
"5I","1st","","melhania.spp.",NA,"W","N","20090618"
"5I","1st","","misopates.orontium",NA,"W","N","20090618"
"5I","1st","","mollugo.nudicaulis",NA,"W","N","20090618"
"5I","1st","","monechima.debile",NA,"W","N","20090618"
"5I","1st","","monsonia.augustifolia",NA,"W","N","20090618"
"5I","1st","","ocimum.sp",NA,"W","N","20090618"
"5I","1st","","osteospermum.vaillantii",NA,"W","N","20090618"
"5I","1st","","oxygonum.sinuatum",NA,"W","N","20090618"
"5I","1st","","pavonia.patens",NA,"W","N","20090618"
"5I","1st","","pelargonium.alchemilloides",NA,"W","N","20090618"
"5I","1st","","pentanisia.ouranogyne",NA,"W","N","20090618"
"5I","1st","","phyllanthus.maderaspatensis",NA,"W","N","20090618"
"5I","1st","","plectranthus.spp",NA,"W","N","20090618"
"5I","1st","","pollichia.campestris",NA,"W","N","20090618"
"5I","1st","","polygala..l.",NA,"W","N","20090618"
"5I","1st","","polygala.sphenoptera",NA,"W","N","20090618"
"5I","1st","","portulaca.oleracea",NA,"W","N","20090618"
"5I","1st","","portulaca.quadrifida",NA,"W","N","20090618"
"5I","1st","","pseudognaphalium..helichrysum.glumaceum.",NA,"W","N","20090618"
"5I","1st","","psilotrichum.schimperi",NA,"W","N","20090618"
"5I","1st","","rhinacanthus.ndorensis",NA,"W","N","20090618"
"5I","1st","","rhynchosia.holstii",1,"W","N","20090618"
"5I","1st","","schkuhria.pinnata",NA,"W","N","20090618"
"5I","1st","","sida.2",NA,"W","N","20090618"
"5I","1st","","sida.cuneifolia",NA,"W","N","20090618"
"5I","1st","","solanum.incanum",NA,"W","N","20090618"
"5I","1st","","solanum.indicum",NA,"W","N","20090618"
"5I","1st","","tribulus.terrestris",NA,"W","N","20090618"
"5I","1st","","u",NA,"W","N","20090618"
"5I","1st","","w",NA,"W","N","20090618"
"5I","1st","","x_4",NA,"W","N","20090618"
"5I","1st","","x_5",NA,"W","N","20090618"
"5I","1st","","x_6",NA,"W","N","20090618"
"5I","1st","","x_7",NA,"W","N","20090618"
"5I","1st","","x_8",NA,"W","N","20090618"
"6J","1st","","bracharia.lacnantha",8,"W","N","20090618"
"6J","1st","","lintonia.nutans",NA,"W","N","20090618"
"6J","1st","","pennisetum.mezianum",NA,"W","N","20090618"
"6J","1st","","pennisetum.straminium",2,"W","N","20090618"
"6J","1st","","themeda.triandra",NA,"W","N","20090618"
"6J","1st","","bare",1,"W","N","20090618"
"6J","1st","","x_2",NA,"W","N","20090618"
"6J","1st","","aristida.kenyensis",NA,"W","N","20090618"
"6J","1st","","bothriochloa.insculpta",NA,"W","N","20090618"
"6J","1st","","bracharia.3",NA,"W","N","20090618"
"6J","1st","","bracharia.eruciformis",NA,"W","N","20090618"
"6J","1st","","chloris.sp",NA,"W","N","20090618"
"6J","1st","","cynodon.dactylon",NA,"W","N","20090618"
"6J","1st","","cynodon.plectostachyus",NA,"W","N","20090618"
"6J","1st","","cyperus...mariscus.spp",NA,"W","N","20090618"
"6J","1st","","digitaria.2",NA,"W","N","20090618"
"6J","1st","","digitaria.milanjiana",NA,"W","N","20090618"
"6J","1st","","dinebra.retroflexa",NA,"W","N","20090618"
"6J","1st","","eragrostis.tenuifolia",NA,"W","N","20090618"
"6J","1st","","harpachne.schimperi",NA,"W","N","20090618"
"6J","1st","","microchloa.kunthii",NA,"W","N","20090618"
"6J","1st","","panicum.astrosanguinum",NA,"W","N","20090618"
"6J","1st","","setaria.acromelaena..small.",NA,"W","N","20090618"
"6J","1st","","setaria.sphaecealata..big.",NA,"W","N","20090618"
"6J","1st","","sporobolus.pyramidalis",NA,"W","N","20090618"
"6J","1st","","tragus.berteronianus",NA,"W","N","20090618"
"6J","1st","","x_3",NA,"W","N","20090618"
"6J","1st","","acalypha.crenata",NA,"W","N","20090618"
"6J","1st","","aerva.lanata",NA,"W","N","20090618"
"6J","1st","","amaranthus.hibridus",NA,"W","N","20090618"
"6J","1st","","aspilia.pluriseta",NA,"W","N","20090618"
"6J","1st","","asterolinon.adoense..v.",NA,"W","N","20090618"
"6J","1st","","caralluma.acutangula",NA,"W","N","20090618"
"6J","1st","","chenopodium.opulifolium",NA,"W","N","20090618"
"6J","1st","","chenopodium.schraderianum",NA,"W","N","20090618"
"6J","1st","","commelina.spp",NA,"W","N","20090618"
"6J","1st","","commicarpus.pedunculosus",NA,"W","N","20090618"
"6J","1st","","conyza.sp",NA,"W","N","20090618"
"6J","1st","","corchorus.sp",NA,"W","N","20090618"
"6J","1st","","crotelaria.sp",NA,"W","N","20090618"
"6J","1st","","cyathula.orthacantha",NA,"W","N","20090618"
"6J","1st","","dyscoriste.radicans",NA,"W","N","20090618"
"6J","1st","","euphorbia.inaequilatera",NA,"W","N","20090618"
"6J","1st","","evolvulus.alsinoides",NA,"W","N","20090618"
"6J","1st","","fern",NA,"W","N","20090618"
"6J","1st","","gutenbergia.sp",NA,"W","N","20090618"
"6J","1st","","hermannia.uhligii",NA,"W","N","20090618"
"6J","1st","","hibiscus.flavifolius",NA,"W","N","20090618"
"6J","1st","","hibiscus.trionum",NA,"W","N","20090618"
"6J","1st","","indigofera.brevicalyx",NA,"W","N","20090618"
"6J","1st","","indigofera.schimperi",2,"W","N","20090618"
"6J","1st","","ipomea.sinensis",NA,"W","N","20090618"
"6J","1st","","justicia.dichipteroides",NA,"W","N","20090618"
"6J","1st","","k",NA,"W","N","20090618"
"6J","1st","","kyllinga.sp",NA,"W","N","20090618"
"6J","1st","","leucas.glabrata",NA,"W","N","20090618"
"6J","1st","","leucas.martiniscensis",NA,"W","N","20090618"
"6J","1st","","lily.a",NA,"W","N","20090618"
"6J","1st","","lily.b",NA,"W","N","20090618"
"6J","1st","","lippia.javanica",NA,"W","N","20090618"
"6J","1st","","melhania.spp.",NA,"W","N","20090618"
"6J","1st","","misopates.orontium",NA,"W","N","20090618"
"6J","1st","","mollugo.nudicaulis",NA,"W","N","20090618"
"6J","1st","","monechima.debile",NA,"W","N","20090618"
"6J","1st","","monsonia.augustifolia",NA,"W","N","20090618"
"6J","1st","","ocimum.sp",NA,"W","N","20090618"
"6J","1st","","osteospermum.vaillantii",NA,"W","N","20090618"
"6J","1st","","oxygonum.sinuatum",NA,"W","N","20090618"
"6J","1st","","pavonia.patens",NA,"W","N","20090618"
"6J","1st","","pelargonium.alchemilloides",NA,"W","N","20090618"
"6J","1st","","pentanisia.ouranogyne",NA,"W","N","20090618"
"6J","1st","","phyllanthus.maderaspatensis",NA,"W","N","20090618"
"6J","1st","","plectranthus.spp",NA,"W","N","20090618"
"6J","1st","","pollichia.campestris",NA,"W","N","20090618"
"6J","1st","","polygala..l.",NA,"W","N","20090618"
"6J","1st","","polygala.sphenoptera",NA,"W","N","20090618"
"6J","1st","","portulaca.oleracea",NA,"W","N","20090618"
"6J","1st","","portulaca.quadrifida",NA,"W","N","20090618"
"6J","1st","","pseudognaphalium..helichrysum.glumaceum.",NA,"W","N","20090618"
"6J","1st","","psilotrichum.schimperi",NA,"W","N","20090618"
"6J","1st","","rhinacanthus.ndorensis",NA,"W","N","20090618"
"6J","1st","","rhynchosia.holstii",NA,"W","N","20090618"
"6J","1st","","schkuhria.pinnata",NA,"W","N","20090618"
"6J","1st","","sida.2",NA,"W","N","20090618"
"6J","1st","","sida.cuneifolia",NA,"W","N","20090618"
"6J","1st","","solanum.incanum",NA,"W","N","20090618"
"6J","1st","","solanum.indicum",NA,"W","N","20090618"
"6J","1st","","tribulus.terrestris",NA,"W","N","20090618"
"6J","1st","","u",NA,"W","N","20090618"
"6J","1st","","w",NA,"W","N","20090618"
"6J","1st","","x_4",NA,"W","N","20090618"
"6J","1st","","x_5",NA,"W","N","20090618"
"6J","1st","","x_6",NA,"W","N","20090618"
"6J","1st","","x_7",NA,"W","N","20090618"
"6J","1st","","x_8",NA,"W","N","20090618"
"6J","All","Lvs","bracharia.lacnantha",23,"W","N","20090618"
"6J","All","Lvs","lintonia.nutans",NA,"W","N","20090618"
"6J","All","Lvs","pennisetum.mezianum",NA,"W","N","20090618"
"6J","All","Lvs","pennisetum.straminium",NA,"W","N","20090618"
"6J","All","Lvs","themeda.triandra",NA,"W","N","20090618"
"6J","All","Lvs","bare",NA,"W","N","20090618"
"6J","All","Lvs","x_2",NA,"W","N","20090618"
"6J","All","Lvs","aristida.kenyensis",NA,"W","N","20090618"
"6J","All","Lvs","bothriochloa.insculpta",NA,"W","N","20090618"
"6J","All","Lvs","bracharia.3",NA,"W","N","20090618"
"6J","All","Lvs","bracharia.eruciformis",NA,"W","N","20090618"
"6J","All","Lvs","chloris.sp",NA,"W","N","20090618"
"6J","All","Lvs","cynodon.dactylon",NA,"W","N","20090618"
"6J","All","Lvs","cynodon.plectostachyus",NA,"W","N","20090618"
"6J","All","Lvs","cyperus...mariscus.spp",NA,"W","N","20090618"
"6J","All","Lvs","digitaria.2",NA,"W","N","20090618"
"6J","All","Lvs","digitaria.milanjiana",NA,"W","N","20090618"
"6J","All","Lvs","dinebra.retroflexa",NA,"W","N","20090618"
"6J","All","Lvs","eragrostis.tenuifolia",NA,"W","N","20090618"
"6J","All","Lvs","harpachne.schimperi",NA,"W","N","20090618"
"6J","All","Lvs","microchloa.kunthii",NA,"W","N","20090618"
"6J","All","Lvs","panicum.astrosanguinum",NA,"W","N","20090618"
"6J","All","Lvs","setaria.acromelaena..small.",NA,"W","N","20090618"
"6J","All","Lvs","setaria.sphaecealata..big.",NA,"W","N","20090618"
"6J","All","Lvs","sporobolus.pyramidalis",NA,"W","N","20090618"
"6J","All","Lvs","tragus.berteronianus",NA,"W","N","20090618"
"6J","All","Lvs","x_3",NA,"W","N","20090618"
"6J","All","Lvs","acalypha.crenata",NA,"W","N","20090618"
"6J","All","Lvs","aerva.lanata",NA,"W","N","20090618"
"6J","All","Lvs","amaranthus.hibridus",NA,"W","N","20090618"
"6J","All","Lvs","aspilia.pluriseta",NA,"W","N","20090618"
"6J","All","Lvs","asterolinon.adoense..v.",NA,"W","N","20090618"
"6J","All","Lvs","caralluma.acutangula",NA,"W","N","20090618"
"6J","All","Lvs","chenopodium.opulifolium",NA,"W","N","20090618"
"6J","All","Lvs","chenopodium.schraderianum",NA,"W","N","20090618"
"6J","All","Lvs","commelina.spp",NA,"W","N","20090618"
"6J","All","Lvs","commicarpus.pedunculosus",NA,"W","N","20090618"
"6J","All","Lvs","conyza.sp",NA,"W","N","20090618"
"6J","All","Lvs","corchorus.sp",NA,"W","N","20090618"
"6J","All","Lvs","crotelaria.sp",NA,"W","N","20090618"
"6J","All","Lvs","cyathula.orthacantha",NA,"W","N","20090618"
"6J","All","Lvs","dyscoriste.radicans",NA,"W","N","20090618"
"6J","All","Lvs","euphorbia.inaequilatera",NA,"W","N","20090618"
"6J","All","Lvs","evolvulus.alsinoides",NA,"W","N","20090618"
"6J","All","Lvs","fern",NA,"W","N","20090618"
"6J","All","Lvs","gutenbergia.sp",NA,"W","N","20090618"
"6J","All","Lvs","hermannia.uhligii",NA,"W","N","20090618"
"6J","All","Lvs","hibiscus.flavifolius",NA,"W","N","20090618"
"6J","All","Lvs","hibiscus.trionum",NA,"W","N","20090618"
"6J","All","Lvs","indigofera.brevicalyx",NA,"W","N","20090618"
"6J","All","Lvs","indigofera.schimperi",2,"W","N","20090618"
"6J","All","Lvs","ipomea.sinensis",NA,"W","N","20090618"
"6J","All","Lvs","justicia.dichipteroides",NA,"W","N","20090618"
"6J","All","Lvs","k",NA,"W","N","20090618"
"6J","All","Lvs","kyllinga.sp",NA,"W","N","20090618"
"6J","All","Lvs","leucas.glabrata",NA,"W","N","20090618"
"6J","All","Lvs","leucas.martiniscensis",NA,"W","N","20090618"
"6J","All","Lvs","lily.a",NA,"W","N","20090618"
"6J","All","Lvs","lily.b",NA,"W","N","20090618"
"6J","All","Lvs","lippia.javanica",NA,"W","N","20090618"
"6J","All","Lvs","melhania.spp.",NA,"W","N","20090618"
"6J","All","Lvs","misopates.orontium",NA,"W","N","20090618"
"6J","All","Lvs","mollugo.nudicaulis",NA,"W","N","20090618"
"6J","All","Lvs","monechima.debile",NA,"W","N","20090618"
"6J","All","Lvs","monsonia.augustifolia",NA,"W","N","20090618"
"6J","All","Lvs","ocimum.sp",NA,"W","N","20090618"
"6J","All","Lvs","osteospermum.vaillantii",NA,"W","N","20090618"
"6J","All","Lvs","oxygonum.sinuatum",NA,"W","N","20090618"
"6J","All","Lvs","pavonia.patens",NA,"W","N","20090618"
"6J","All","Lvs","pelargonium.alchemilloides",NA,"W","N","20090618"
"6J","All","Lvs","pentanisia.ouranogyne",NA,"W","N","20090618"
"6J","All","Lvs","phyllanthus.maderaspatensis",NA,"W","N","20090618"
"6J","All","Lvs","plectranthus.spp",NA,"W","N","20090618"
"6J","All","Lvs","pollichia.campestris",NA,"W","N","20090618"
"6J","All","Lvs","polygala..l.",NA,"W","N","20090618"
"6J","All","Lvs","polygala.sphenoptera",NA,"W","N","20090618"
"6J","All","Lvs","portulaca.oleracea",NA,"W","N","20090618"
"6J","All","Lvs","portulaca.quadrifida",NA,"W","N","20090618"
"6J","All","Lvs","pseudognaphalium..helichrysum.glumaceum.",NA,"W","N","20090618"
"6J","All","Lvs","psilotrichum.schimperi",NA,"W","N","20090618"
"6J","All","Lvs","rhinacanthus.ndorensis",NA,"W","N","20090618"
"6J","All","Lvs","rhynchosia.holstii",NA,"W","N","20090618"
"6J","All","Lvs","schkuhria.pinnata",NA,"W","N","20090618"
"6J","All","Lvs","sida.2",NA,"W","N","20090618"
"6J","All","Lvs","sida.cuneifolia",NA,"W","N","20090618"
"6J","All","Lvs","solanum.incanum",NA,"W","N","20090618"
"6J","All","Lvs","solanum.indicum",NA,"W","N","20090618"
"6J","All","Lvs","tribulus.terrestris",NA,"W","N","20090618"
"6J","All","Lvs","u",NA,"W","N","20090618"
"6J","All","Lvs","w",NA,"W","N","20090618"
"6J","All","Lvs","x_4",NA,"W","N","20090618"
"6J","All","Lvs","x_5",NA,"W","N","20090618"
"6J","All","Lvs","x_6",NA,"W","N","20090618"
"6J","All","Lvs","x_7",NA,"W","N","20090618"
"6J","All","Lvs","x_8",NA,"W","N","20090618"
"6J","All","Stm","bracharia.lacnantha",3,"W","N","20090618"
"6J","All","Stm","lintonia.nutans",NA,"W","N","20090618"
"6J","All","Stm","pennisetum.mezianum",NA,"W","N","20090618"
"6J","All","Stm","pennisetum.straminium",3,"W","N","20090618"
"6J","All","Stm","themeda.triandra",NA,"W","N","20090618"
"6J","All","Stm","bare",NA,"W","N","20090618"
"6J","All","Stm","x_2",NA,"W","N","20090618"
"6J","All","Stm","aristida.kenyensis",NA,"W","N","20090618"
"6J","All","Stm","bothriochloa.insculpta",NA,"W","N","20090618"
"6J","All","Stm","bracharia.3",NA,"W","N","20090618"
"6J","All","Stm","bracharia.eruciformis",NA,"W","N","20090618"
"6J","All","Stm","chloris.sp",NA,"W","N","20090618"
"6J","All","Stm","cynodon.dactylon",NA,"W","N","20090618"
"6J","All","Stm","cynodon.plectostachyus",NA,"W","N","20090618"
"6J","All","Stm","cyperus...mariscus.spp",NA,"W","N","20090618"
"6J","All","Stm","digitaria.2",NA,"W","N","20090618"
"6J","All","Stm","digitaria.milanjiana",NA,"W","N","20090618"
"6J","All","Stm","dinebra.retroflexa",NA,"W","N","20090618"
"6J","All","Stm","eragrostis.tenuifolia",NA,"W","N","20090618"
"6J","All","Stm","harpachne.schimperi",NA,"W","N","20090618"
"6J","All","Stm","microchloa.kunthii",NA,"W","N","20090618"
"6J","All","Stm","panicum.astrosanguinum",NA,"W","N","20090618"
"6J","All","Stm","setaria.acromelaena..small.",NA,"W","N","20090618"
"6J","All","Stm","setaria.sphaecealata..big.",NA,"W","N","20090618"
"6J","All","Stm","sporobolus.pyramidalis",NA,"W","N","20090618"
"6J","All","Stm","tragus.berteronianus",NA,"W","N","20090618"
"6J","All","Stm","x_3",NA,"W","N","20090618"
"6J","All","Stm","acalypha.crenata",NA,"W","N","20090618"
"6J","All","Stm","aerva.lanata",NA,"W","N","20090618"
"6J","All","Stm","amaranthus.hibridus",NA,"W","N","20090618"
"6J","All","Stm","aspilia.pluriseta",NA,"W","N","20090618"
"6J","All","Stm","asterolinon.adoense..v.",NA,"W","N","20090618"
"6J","All","Stm","caralluma.acutangula",NA,"W","N","20090618"
"6J","All","Stm","chenopodium.opulifolium",NA,"W","N","20090618"
"6J","All","Stm","chenopodium.schraderianum",NA,"W","N","20090618"
"6J","All","Stm","commelina.spp",NA,"W","N","20090618"
"6J","All","Stm","commicarpus.pedunculosus",NA,"W","N","20090618"
"6J","All","Stm","conyza.sp",NA,"W","N","20090618"
"6J","All","Stm","corchorus.sp",NA,"W","N","20090618"
"6J","All","Stm","crotelaria.sp",NA,"W","N","20090618"
"6J","All","Stm","cyathula.orthacantha",NA,"W","N","20090618"
"6J","All","Stm","dyscoriste.radicans",NA,"W","N","20090618"
"6J","All","Stm","euphorbia.inaequilatera",NA,"W","N","20090618"
"6J","All","Stm","evolvulus.alsinoides",NA,"W","N","20090618"
"6J","All","Stm","fern",NA,"W","N","20090618"
"6J","All","Stm","gutenbergia.sp",NA,"W","N","20090618"
"6J","All","Stm","hermannia.uhligii",NA,"W","N","20090618"
"6J","All","Stm","hibiscus.flavifolius",NA,"W","N","20090618"
"6J","All","Stm","hibiscus.trionum",NA,"W","N","20090618"
"6J","All","Stm","indigofera.brevicalyx",NA,"W","N","20090618"
"6J","All","Stm","indigofera.schimperi",2,"W","N","20090618"
"6J","All","Stm","ipomea.sinensis",NA,"W","N","20090618"
"6J","All","Stm","justicia.dichipteroides",NA,"W","N","20090618"
"6J","All","Stm","k",NA,"W","N","20090618"
"6J","All","Stm","kyllinga.sp",NA,"W","N","20090618"
"6J","All","Stm","leucas.glabrata",NA,"W","N","20090618"
"6J","All","Stm","leucas.martiniscensis",NA,"W","N","20090618"
"6J","All","Stm","lily.a",NA,"W","N","20090618"
"6J","All","Stm","lily.b",NA,"W","N","20090618"
"6J","All","Stm","lippia.javanica",NA,"W","N","20090618"
"6J","All","Stm","melhania.spp.",NA,"W","N","20090618"
"6J","All","Stm","misopates.orontium",NA,"W","N","20090618"
"6J","All","Stm","mollugo.nudicaulis",NA,"W","N","20090618"
"6J","All","Stm","monechima.debile",NA,"W","N","20090618"
"6J","All","Stm","monsonia.augustifolia",NA,"W","N","20090618"
"6J","All","Stm","ocimum.sp",NA,"W","N","20090618"
"6J","All","Stm","osteospermum.vaillantii",NA,"W","N","20090618"
"6J","All","Stm","oxygonum.sinuatum",NA,"W","N","20090618"
"6J","All","Stm","pavonia.patens",NA,"W","N","20090618"
"6J","All","Stm","pelargonium.alchemilloides",NA,"W","N","20090618"
"6J","All","Stm","pentanisia.ouranogyne",NA,"W","N","20090618"
"6J","All","Stm","phyllanthus.maderaspatensis",NA,"W","N","20090618"
"6J","All","Stm","plectranthus.spp",NA,"W","N","20090618"
"6J","All","Stm","pollichia.campestris",NA,"W","N","20090618"
"6J","All","Stm","polygala..l.",NA,"W","N","20090618"
"6J","All","Stm","polygala.sphenoptera",NA,"W","N","20090618"
"6J","All","Stm","portulaca.oleracea",NA,"W","N","20090618"
"6J","All","Stm","portulaca.quadrifida",NA,"W","N","20090618"
"6J","All","Stm","pseudognaphalium..helichrysum.glumaceum.",NA,"W","N","20090618"
"6J","All","Stm","psilotrichum.schimperi",NA,"W","N","20090618"
"6J","All","Stm","rhinacanthus.ndorensis",NA,"W","N","20090618"
"6J","All","Stm","rhynchosia.holstii",NA,"W","N","20090618"
"6J","All","Stm","schkuhria.pinnata",NA,"W","N","20090618"
"6J","All","Stm","sida.2",NA,"W","N","20090618"
"6J","All","Stm","sida.cuneifolia",NA,"W","N","20090618"
"6J","All","Stm","solanum.incanum",NA,"W","N","20090618"
"6J","All","Stm","solanum.indicum",NA,"W","N","20090618"
"6J","All","Stm","tribulus.terrestris",NA,"W","N","20090618"
"6J","All","Stm","u",NA,"W","N","20090618"
"6J","All","Stm","w",NA,"W","N","20090618"
"6J","All","Stm","x_4",NA,"W","N","20090618"
"6J","All","Stm","x_5",NA,"W","N","20090618"
"6J","All","Stm","x_6",NA,"W","N","20090618"
"6J","All","Stm","x_7",NA,"W","N","20090618"
"6J","All","Stm","x_8",NA,"W","N","20090618"
"6H","1st","","bracharia.lacnantha",10,"W","N","20090618"
"6H","1st","","lintonia.nutans",NA,"W","N","20090618"
"6H","1st","","pennisetum.mezianum",2,"W","N","20090618"
"6H","1st","","pennisetum.straminium",NA,"W","N","20090618"
"6H","1st","","themeda.triandra",NA,"W","N","20090618"
"6H","1st","","bare",NA,"W","N","20090618"
"6H","1st","","x_2",NA,"W","N","20090618"
"6H","1st","","aristida.kenyensis",NA,"W","N","20090618"
"6H","1st","","bothriochloa.insculpta",NA,"W","N","20090618"
"6H","1st","","bracharia.3",NA,"W","N","20090618"
"6H","1st","","bracharia.eruciformis",NA,"W","N","20090618"
"6H","1st","","chloris.sp",NA,"W","N","20090618"
"6H","1st","","cynodon.dactylon",NA,"W","N","20090618"
"6H","1st","","cynodon.plectostachyus",NA,"W","N","20090618"
"6H","1st","","cyperus...mariscus.spp",NA,"W","N","20090618"
"6H","1st","","digitaria.2",NA,"W","N","20090618"
"6H","1st","","digitaria.milanjiana",NA,"W","N","20090618"
"6H","1st","","dinebra.retroflexa",NA,"W","N","20090618"
"6H","1st","","eragrostis.tenuifolia",NA,"W","N","20090618"
"6H","1st","","harpachne.schimperi",NA,"W","N","20090618"
"6H","1st","","microchloa.kunthii",NA,"W","N","20090618"
"6H","1st","","panicum.astrosanguinum",NA,"W","N","20090618"
"6H","1st","","setaria.acromelaena..small.",NA,"W","N","20090618"
"6H","1st","","setaria.sphaecealata..big.",NA,"W","N","20090618"
"6H","1st","","sporobolus.pyramidalis",NA,"W","N","20090618"
"6H","1st","","tragus.berteronianus",NA,"W","N","20090618"
"6H","1st","","x_3",NA,"W","N","20090618"
"6H","1st","","acalypha.crenata",NA,"W","N","20090618"
"6H","1st","","aerva.lanata",NA,"W","N","20090618"
"6H","1st","","amaranthus.hibridus",NA,"W","N","20090618"
"6H","1st","","aspilia.pluriseta",NA,"W","N","20090618"
"6H","1st","","asterolinon.adoense..v.",NA,"W","N","20090618"
"6H","1st","","caralluma.acutangula",NA,"W","N","20090618"
"6H","1st","","chenopodium.opulifolium",NA,"W","N","20090618"
"6H","1st","","chenopodium.schraderianum",NA,"W","N","20090618"
"6H","1st","","commelina.spp",NA,"W","N","20090618"
"6H","1st","","commicarpus.pedunculosus",NA,"W","N","20090618"
"6H","1st","","conyza.sp",NA,"W","N","20090618"
"6H","1st","","corchorus.sp",NA,"W","N","20090618"
"6H","1st","","crotelaria.sp",NA,"W","N","20090618"
"6H","1st","","cyathula.orthacantha",NA,"W","N","20090618"
"6H","1st","","dyscoriste.radicans",NA,"W","N","20090618"
"6H","1st","","euphorbia.inaequilatera",NA,"W","N","20090618"
"6H","1st","","evolvulus.alsinoides",NA,"W","N","20090618"
"6H","1st","","fern",NA,"W","N","20090618"
"6H","1st","","gutenbergia.sp",NA,"W","N","20090618"
"6H","1st","","hermannia.uhligii",NA,"W","N","20090618"
"6H","1st","","hibiscus.flavifolius",NA,"W","N","20090618"
"6H","1st","","hibiscus.trionum",NA,"W","N","20090618"
"6H","1st","","indigofera.brevicalyx",NA,"W","N","20090618"
"6H","1st","","indigofera.schimperi",NA,"W","N","20090618"
"6H","1st","","ipomea.sinensis",NA,"W","N","20090618"
"6H","1st","","justicia.dichipteroides",NA,"W","N","20090618"
"6H","1st","","k",NA,"W","N","20090618"
"6H","1st","","kyllinga.sp",NA,"W","N","20090618"
"6H","1st","","leucas.glabrata",NA,"W","N","20090618"
"6H","1st","","leucas.martiniscensis",NA,"W","N","20090618"
"6H","1st","","lily.a",NA,"W","N","20090618"
"6H","1st","","lily.b",NA,"W","N","20090618"
"6H","1st","","lippia.javanica",NA,"W","N","20090618"
"6H","1st","","melhania.spp.",NA,"W","N","20090618"
"6H","1st","","misopates.orontium",NA,"W","N","20090618"
"6H","1st","","mollugo.nudicaulis",NA,"W","N","20090618"
"6H","1st","","monechima.debile",NA,"W","N","20090618"
"6H","1st","","monsonia.augustifolia",NA,"W","N","20090618"
"6H","1st","","ocimum.sp",NA,"W","N","20090618"
"6H","1st","","osteospermum.vaillantii",NA,"W","N","20090618"
"6H","1st","","oxygonum.sinuatum",NA,"W","N","20090618"
"6H","1st","","pavonia.patens",NA,"W","N","20090618"
"6H","1st","","pelargonium.alchemilloides",NA,"W","N","20090618"
"6H","1st","","pentanisia.ouranogyne",NA,"W","N","20090618"
"6H","1st","","phyllanthus.maderaspatensis",NA,"W","N","20090618"
"6H","1st","","plectranthus.spp",NA,"W","N","20090618"
"6H","1st","","pollichia.campestris",NA,"W","N","20090618"
"6H","1st","","polygala..l.",NA,"W","N","20090618"
"6H","1st","","polygala.sphenoptera",NA,"W","N","20090618"
"6H","1st","","portulaca.oleracea",NA,"W","N","20090618"
"6H","1st","","portulaca.quadrifida",NA,"W","N","20090618"
"6H","1st","","pseudognaphalium..helichrysum.glumaceum.",NA,"W","N","20090618"
"6H","1st","","psilotrichum.schimperi",NA,"W","N","20090618"
"6H","1st","","rhinacanthus.ndorensis",NA,"W","N","20090618"
"6H","1st","","rhynchosia.holstii",NA,"W","N","20090618"
"6H","1st","","schkuhria.pinnata",NA,"W","N","20090618"
"6H","1st","","sida.2",NA,"W","N","20090618"
"6H","1st","","sida.cuneifolia",NA,"W","N","20090618"
"6H","1st","","solanum.incanum",NA,"W","N","20090618"
"6H","1st","","solanum.indicum",NA,"W","N","20090618"
"6H","1st","","tribulus.terrestris",NA,"W","N","20090618"
"6H","1st","","u",NA,"W","N","20090618"
"6H","1st","","w",NA,"W","N","20090618"
"6H","1st","","x_4",NA,"W","N","20090618"
"6H","1st","","x_5",NA,"W","N","20090618"
"6H","1st","","x_6",NA,"W","N","20090618"
"6H","1st","","x_7",NA,"W","N","20090618"
"6H","1st","","x_8",NA,"W","N","20090618"
"6H","All","Lvs","bracharia.lacnantha",27,"W","N","20090618"
"6H","All","Lvs","lintonia.nutans",NA,"W","N","20090618"
"6H","All","Lvs","pennisetum.mezianum",1,"W","N","20090618"
"6H","All","Lvs","pennisetum.straminium",NA,"W","N","20090618"
"6H","All","Lvs","themeda.triandra",NA,"W","N","20090618"
"6H","All","Lvs","bare",NA,"W","N","20090618"
"6H","All","Lvs","x_2",NA,"W","N","20090618"
"6H","All","Lvs","aristida.kenyensis",NA,"W","N","20090618"
"6H","All","Lvs","bothriochloa.insculpta",NA,"W","N","20090618"
"6H","All","Lvs","bracharia.3",NA,"W","N","20090618"
"6H","All","Lvs","bracharia.eruciformis",NA,"W","N","20090618"
"6H","All","Lvs","chloris.sp",NA,"W","N","20090618"
"6H","All","Lvs","cynodon.dactylon",NA,"W","N","20090618"
"6H","All","Lvs","cynodon.plectostachyus",NA,"W","N","20090618"
"6H","All","Lvs","cyperus...mariscus.spp",NA,"W","N","20090618"
"6H","All","Lvs","digitaria.2",NA,"W","N","20090618"
"6H","All","Lvs","digitaria.milanjiana",NA,"W","N","20090618"
"6H","All","Lvs","dinebra.retroflexa",NA,"W","N","20090618"
"6H","All","Lvs","eragrostis.tenuifolia",NA,"W","N","20090618"
"6H","All","Lvs","harpachne.schimperi",NA,"W","N","20090618"
"6H","All","Lvs","microchloa.kunthii",NA,"W","N","20090618"
"6H","All","Lvs","panicum.astrosanguinum",NA,"W","N","20090618"
"6H","All","Lvs","setaria.acromelaena..small.",NA,"W","N","20090618"
"6H","All","Lvs","setaria.sphaecealata..big.",NA,"W","N","20090618"
"6H","All","Lvs","sporobolus.pyramidalis",NA,"W","N","20090618"
"6H","All","Lvs","tragus.berteronianus",NA,"W","N","20090618"
"6H","All","Lvs","x_3",NA,"W","N","20090618"
"6H","All","Lvs","acalypha.crenata",NA,"W","N","20090618"
"6H","All","Lvs","aerva.lanata",NA,"W","N","20090618"
"6H","All","Lvs","amaranthus.hibridus",NA,"W","N","20090618"
"6H","All","Lvs","aspilia.pluriseta",NA,"W","N","20090618"
"6H","All","Lvs","asterolinon.adoense..v.",NA,"W","N","20090618"
"6H","All","Lvs","caralluma.acutangula",NA,"W","N","20090618"
"6H","All","Lvs","chenopodium.opulifolium",NA,"W","N","20090618"
"6H","All","Lvs","chenopodium.schraderianum",NA,"W","N","20090618"
"6H","All","Lvs","commelina.spp",NA,"W","N","20090618"
"6H","All","Lvs","commicarpus.pedunculosus",NA,"W","N","20090618"
"6H","All","Lvs","conyza.sp",NA,"W","N","20090618"
"6H","All","Lvs","corchorus.sp",NA,"W","N","20090618"
"6H","All","Lvs","crotelaria.sp",NA,"W","N","20090618"
"6H","All","Lvs","cyathula.orthacantha",NA,"W","N","20090618"
"6H","All","Lvs","dyscoriste.radicans",NA,"W","N","20090618"
"6H","All","Lvs","euphorbia.inaequilatera",NA,"W","N","20090618"
"6H","All","Lvs","evolvulus.alsinoides",NA,"W","N","20090618"
"6H","All","Lvs","fern",NA,"W","N","20090618"
"6H","All","Lvs","gutenbergia.sp",NA,"W","N","20090618"
"6H","All","Lvs","hermannia.uhligii",NA,"W","N","20090618"
"6H","All","Lvs","hibiscus.flavifolius",NA,"W","N","20090618"
"6H","All","Lvs","hibiscus.trionum",NA,"W","N","20090618"
"6H","All","Lvs","indigofera.brevicalyx",NA,"W","N","20090618"
"6H","All","Lvs","indigofera.schimperi",NA,"W","N","20090618"
"6H","All","Lvs","ipomea.sinensis",NA,"W","N","20090618"
"6H","All","Lvs","justicia.dichipteroides",NA,"W","N","20090618"
"6H","All","Lvs","k",NA,"W","N","20090618"
"6H","All","Lvs","kyllinga.sp",NA,"W","N","20090618"
"6H","All","Lvs","leucas.glabrata",NA,"W","N","20090618"
"6H","All","Lvs","leucas.martiniscensis",NA,"W","N","20090618"
"6H","All","Lvs","lily.a",NA,"W","N","20090618"
"6H","All","Lvs","lily.b",NA,"W","N","20090618"
"6H","All","Lvs","lippia.javanica",NA,"W","N","20090618"
"6H","All","Lvs","melhania.spp.",NA,"W","N","20090618"
"6H","All","Lvs","misopates.orontium",NA,"W","N","20090618"
"6H","All","Lvs","mollugo.nudicaulis",NA,"W","N","20090618"
"6H","All","Lvs","monechima.debile",NA,"W","N","20090618"
"6H","All","Lvs","monsonia.augustifolia",NA,"W","N","20090618"
"6H","All","Lvs","ocimum.sp",NA,"W","N","20090618"
"6H","All","Lvs","osteospermum.vaillantii",NA,"W","N","20090618"
"6H","All","Lvs","oxygonum.sinuatum",NA,"W","N","20090618"
"6H","All","Lvs","pavonia.patens",NA,"W","N","20090618"
"6H","All","Lvs","pelargonium.alchemilloides",NA,"W","N","20090618"
"6H","All","Lvs","pentanisia.ouranogyne",NA,"W","N","20090618"
"6H","All","Lvs","phyllanthus.maderaspatensis",NA,"W","N","20090618"
"6H","All","Lvs","plectranthus.spp",NA,"W","N","20090618"
"6H","All","Lvs","pollichia.campestris",NA,"W","N","20090618"
"6H","All","Lvs","polygala..l.",NA,"W","N","20090618"
"6H","All","Lvs","polygala.sphenoptera",NA,"W","N","20090618"
"6H","All","Lvs","portulaca.oleracea",NA,"W","N","20090618"
"6H","All","Lvs","portulaca.quadrifida",NA,"W","N","20090618"
"6H","All","Lvs","pseudognaphalium..helichrysum.glumaceum.",NA,"W","N","20090618"
"6H","All","Lvs","psilotrichum.schimperi",NA,"W","N","20090618"
"6H","All","Lvs","rhinacanthus.ndorensis",NA,"W","N","20090618"
"6H","All","Lvs","rhynchosia.holstii",NA,"W","N","20090618"
"6H","All","Lvs","schkuhria.pinnata",NA,"W","N","20090618"
"6H","All","Lvs","sida.2",NA,"W","N","20090618"
"6H","All","Lvs","sida.cuneifolia",NA,"W","N","20090618"
"6H","All","Lvs","solanum.incanum",NA,"W","N","20090618"
"6H","All","Lvs","solanum.indicum",NA,"W","N","20090618"
"6H","All","Lvs","tribulus.terrestris",NA,"W","N","20090618"
"6H","All","Lvs","u",NA,"W","N","20090618"
"6H","All","Lvs","w",NA,"W","N","20090618"
"6H","All","Lvs","x_4",NA,"W","N","20090618"
"6H","All","Lvs","x_5",NA,"W","N","20090618"
"6H","All","Lvs","x_6",NA,"W","N","20090618"
"6H","All","Lvs","x_7",NA,"W","N","20090618"
"6H","All","Lvs","x_8",NA,"W","N","20090618"
"6H","All","Stm","bracharia.lacnantha",9,"W","N","20090618"
"6H","All","Stm","lintonia.nutans",NA,"W","N","20090618"
"6H","All","Stm","pennisetum.mezianum",1,"W","N","20090618"
"6H","All","Stm","pennisetum.straminium",NA,"W","N","20090618"
"6H","All","Stm","themeda.triandra",NA,"W","N","20090618"
"6H","All","Stm","bare",NA,"W","N","20090618"
"6H","All","Stm","x_2",NA,"W","N","20090618"
"6H","All","Stm","aristida.kenyensis",NA,"W","N","20090618"
"6H","All","Stm","bothriochloa.insculpta",NA,"W","N","20090618"
"6H","All","Stm","bracharia.3",NA,"W","N","20090618"
"6H","All","Stm","bracharia.eruciformis",NA,"W","N","20090618"
"6H","All","Stm","chloris.sp",NA,"W","N","20090618"
"6H","All","Stm","cynodon.dactylon",NA,"W","N","20090618"
"6H","All","Stm","cynodon.plectostachyus",NA,"W","N","20090618"
"6H","All","Stm","cyperus...mariscus.spp",NA,"W","N","20090618"
"6H","All","Stm","digitaria.2",NA,"W","N","20090618"
"6H","All","Stm","digitaria.milanjiana",NA,"W","N","20090618"
"6H","All","Stm","dinebra.retroflexa",NA,"W","N","20090618"
"6H","All","Stm","eragrostis.tenuifolia",NA,"W","N","20090618"
"6H","All","Stm","harpachne.schimperi",NA,"W","N","20090618"
"6H","All","Stm","microchloa.kunthii",NA,"W","N","20090618"
"6H","All","Stm","panicum.astrosanguinum",NA,"W","N","20090618"
"6H","All","Stm","setaria.acromelaena..small.",NA,"W","N","20090618"
"6H","All","Stm","setaria.sphaecealata..big.",NA,"W","N","20090618"
"6H","All","Stm","sporobolus.pyramidalis",NA,"W","N","20090618"
"6H","All","Stm","tragus.berteronianus",NA,"W","N","20090618"
"6H","All","Stm","x_3",NA,"W","N","20090618"
"6H","All","Stm","acalypha.crenata",NA,"W","N","20090618"
"6H","All","Stm","aerva.lanata",NA,"W","N","20090618"
"6H","All","Stm","amaranthus.hibridus",NA,"W","N","20090618"
"6H","All","Stm","aspilia.pluriseta",NA,"W","N","20090618"
"6H","All","Stm","asterolinon.adoense..v.",NA,"W","N","20090618"
"6H","All","Stm","caralluma.acutangula",NA,"W","N","20090618"
"6H","All","Stm","chenopodium.opulifolium",NA,"W","N","20090618"
"6H","All","Stm","chenopodium.schraderianum",NA,"W","N","20090618"
"6H","All","Stm","commelina.spp",NA,"W","N","20090618"
"6H","All","Stm","commicarpus.pedunculosus",NA,"W","N","20090618"
"6H","All","Stm","conyza.sp",NA,"W","N","20090618"
"6H","All","Stm","corchorus.sp",NA,"W","N","20090618"
"6H","All","Stm","crotelaria.sp",NA,"W","N","20090618"
"6H","All","Stm","cyathula.orthacantha",NA,"W","N","20090618"
"6H","All","Stm","dyscoriste.radicans",NA,"W","N","20090618"
"6H","All","Stm","euphorbia.inaequilatera",NA,"W","N","20090618"
"6H","All","Stm","evolvulus.alsinoides",NA,"W","N","20090618"
"6H","All","Stm","fern",NA,"W","N","20090618"
"6H","All","Stm","gutenbergia.sp",NA,"W","N","20090618"
"6H","All","Stm","hermannia.uhligii",NA,"W","N","20090618"
"6H","All","Stm","hibiscus.flavifolius",NA,"W","N","20090618"
"6H","All","Stm","hibiscus.trionum",NA,"W","N","20090618"
"6H","All","Stm","indigofera.brevicalyx",NA,"W","N","20090618"
"6H","All","Stm","indigofera.schimperi",NA,"W","N","20090618"
"6H","All","Stm","ipomea.sinensis",NA,"W","N","20090618"
"6H","All","Stm","justicia.dichipteroides",NA,"W","N","20090618"
"6H","All","Stm","k",NA,"W","N","20090618"
"6H","All","Stm","kyllinga.sp",NA,"W","N","20090618"
"6H","All","Stm","leucas.glabrata",NA,"W","N","20090618"
"6H","All","Stm","leucas.martiniscensis",NA,"W","N","20090618"
"6H","All","Stm","lily.a",NA,"W","N","20090618"
"6H","All","Stm","lily.b",NA,"W","N","20090618"
"6H","All","Stm","lippia.javanica",NA,"W","N","20090618"
"6H","All","Stm","melhania.spp.",NA,"W","N","20090618"
"6H","All","Stm","misopates.orontium",NA,"W","N","20090618"
"6H","All","Stm","mollugo.nudicaulis",NA,"W","N","20090618"
"6H","All","Stm","monechima.debile",NA,"W","N","20090618"
"6H","All","Stm","monsonia.augustifolia",NA,"W","N","20090618"
"6H","All","Stm","ocimum.sp",NA,"W","N","20090618"
"6H","All","Stm","osteospermum.vaillantii",NA,"W","N","20090618"
"6H","All","Stm","oxygonum.sinuatum",NA,"W","N","20090618"
"6H","All","Stm","pavonia.patens",NA,"W","N","20090618"
"6H","All","Stm","pelargonium.alchemilloides",NA,"W","N","20090618"
"6H","All","Stm","pentanisia.ouranogyne",NA,"W","N","20090618"
"6H","All","Stm","phyllanthus.maderaspatensis",NA,"W","N","20090618"
"6H","All","Stm","plectranthus.spp",NA,"W","N","20090618"
"6H","All","Stm","pollichia.campestris",NA,"W","N","20090618"
"6H","All","Stm","polygala..l.",NA,"W","N","20090618"
"6H","All","Stm","polygala.sphenoptera",NA,"W","N","20090618"
"6H","All","Stm","portulaca.oleracea",NA,"W","N","20090618"
"6H","All","Stm","portulaca.quadrifida",NA,"W","N","20090618"
"6H","All","Stm","pseudognaphalium..helichrysum.glumaceum.",NA,"W","N","20090618"
"6H","All","Stm","psilotrichum.schimperi",NA,"W","N","20090618"
"6H","All","Stm","rhinacanthus.ndorensis",NA,"W","N","20090618"
"6H","All","Stm","rhynchosia.holstii",NA,"W","N","20090618"
"6H","All","Stm","schkuhria.pinnata",NA,"W","N","20090618"
"6H","All","Stm","sida.2",NA,"W","N","20090618"
"6H","All","Stm","sida.cuneifolia",NA,"W","N","20090618"
"6H","All","Stm","solanum.incanum",NA,"W","N","20090618"
"6H","All","Stm","solanum.indicum",NA,"W","N","20090618"
"6H","All","Stm","tribulus.terrestris",NA,"W","N","20090618"
"6H","All","Stm","u",NA,"W","N","20090618"
"6H","All","Stm","w",NA,"W","N","20090618"
"6H","All","Stm","x_4",NA,"W","N","20090618"
"6H","All","Stm","x_5",NA,"W","N","20090618"
"6H","All","Stm","x_6",NA,"W","N","20090618"
"6H","All","Stm","x_7",NA,"W","N","20090618"
"6H","All","Stm","x_8",NA,"W","N","20090618"
"6F","1st","","bracharia.lacnantha",9,"W","N","20090618"
"6F","1st","","lintonia.nutans",NA,"W","N","20090618"
"6F","1st","","pennisetum.mezianum",NA,"W","N","20090618"
"6F","1st","","pennisetum.straminium",1,"W","N","20090618"
"6F","1st","","themeda.triandra",NA,"W","N","20090618"
"6F","1st","","bare",1,"W","N","20090618"
"6F","1st","","x_2",NA,"W","N","20090618"
"6F","1st","","aristida.kenyensis",NA,"W","N","20090618"
"6F","1st","","bothriochloa.insculpta",NA,"W","N","20090618"
"6F","1st","","bracharia.3",NA,"W","N","20090618"
"6F","1st","","bracharia.eruciformis",NA,"W","N","20090618"
"6F","1st","","chloris.sp",NA,"W","N","20090618"
"6F","1st","","cynodon.dactylon",NA,"W","N","20090618"
"6F","1st","","cynodon.plectostachyus",NA,"W","N","20090618"
"6F","1st","","cyperus...mariscus.spp",NA,"W","N","20090618"
"6F","1st","","digitaria.2",NA,"W","N","20090618"
"6F","1st","","digitaria.milanjiana",NA,"W","N","20090618"
"6F","1st","","dinebra.retroflexa",NA,"W","N","20090618"
"6F","1st","","eragrostis.tenuifolia",NA,"W","N","20090618"
"6F","1st","","harpachne.schimperi",NA,"W","N","20090618"
"6F","1st","","microchloa.kunthii",NA,"W","N","20090618"
"6F","1st","","panicum.astrosanguinum",NA,"W","N","20090618"
"6F","1st","","setaria.acromelaena..small.",NA,"W","N","20090618"
"6F","1st","","setaria.sphaecealata..big.",NA,"W","N","20090618"
"6F","1st","","sporobolus.pyramidalis",NA,"W","N","20090618"
"6F","1st","","tragus.berteronianus",NA,"W","N","20090618"
"6F","1st","","x_3",NA,"W","N","20090618"
"6F","1st","","acalypha.crenata",NA,"W","N","20090618"
"6F","1st","","aerva.lanata",NA,"W","N","20090618"
"6F","1st","","amaranthus.hibridus",NA,"W","N","20090618"
"6F","1st","","aspilia.pluriseta",NA,"W","N","20090618"
"6F","1st","","asterolinon.adoense..v.",NA,"W","N","20090618"
"6F","1st","","caralluma.acutangula",NA,"W","N","20090618"
"6F","1st","","chenopodium.opulifolium",NA,"W","N","20090618"
"6F","1st","","chenopodium.schraderianum",NA,"W","N","20090618"
"6F","1st","","commelina.spp",NA,"W","N","20090618"
"6F","1st","","commicarpus.pedunculosus",NA,"W","N","20090618"
"6F","1st","","conyza.sp",NA,"W","N","20090618"
"6F","1st","","corchorus.sp",NA,"W","N","20090618"
"6F","1st","","crotelaria.sp",NA,"W","N","20090618"
"6F","1st","","cyathula.orthacantha",NA,"W","N","20090618"
"6F","1st","","dyscoriste.radicans",NA,"W","N","20090618"
"6F","1st","","euphorbia.inaequilatera",NA,"W","N","20090618"
"6F","1st","","evolvulus.alsinoides",NA,"W","N","20090618"
"6F","1st","","fern",NA,"W","N","20090618"
"6F","1st","","gutenbergia.sp",NA,"W","N","20090618"
"6F","1st","","hermannia.uhligii",NA,"W","N","20090618"
"6F","1st","","hibiscus.flavifolius",NA,"W","N","20090618"
"6F","1st","","hibiscus.trionum",NA,"W","N","20090618"
"6F","1st","","indigofera.brevicalyx",NA,"W","N","20090618"
"6F","1st","","indigofera.schimperi",NA,"W","N","20090618"
"6F","1st","","ipomea.sinensis",NA,"W","N","20090618"
"6F","1st","","justicia.dichipteroides",NA,"W","N","20090618"
"6F","1st","","k",NA,"W","N","20090618"
"6F","1st","","kyllinga.sp",NA,"W","N","20090618"
"6F","1st","","leucas.glabrata",NA,"W","N","20090618"
"6F","1st","","leucas.martiniscensis",NA,"W","N","20090618"
"6F","1st","","lily.a",NA,"W","N","20090618"
"6F","1st","","lily.b",NA,"W","N","20090618"
"6F","1st","","lippia.javanica",NA,"W","N","20090618"
"6F","1st","","melhania.spp.",NA,"W","N","20090618"
"6F","1st","","misopates.orontium",NA,"W","N","20090618"
"6F","1st","","mollugo.nudicaulis",NA,"W","N","20090618"
"6F","1st","","monechima.debile",NA,"W","N","20090618"
"6F","1st","","monsonia.augustifolia",NA,"W","N","20090618"
"6F","1st","","ocimum.sp",NA,"W","N","20090618"
"6F","1st","","osteospermum.vaillantii",NA,"W","N","20090618"
"6F","1st","","oxygonum.sinuatum",NA,"W","N","20090618"
"6F","1st","","pavonia.patens",NA,"W","N","20090618"
"6F","1st","","pelargonium.alchemilloides",NA,"W","N","20090618"
"6F","1st","","pentanisia.ouranogyne",NA,"W","N","20090618"
"6F","1st","","phyllanthus.maderaspatensis",NA,"W","N","20090618"
"6F","1st","","plectranthus.spp",NA,"W","N","20090618"
"6F","1st","","pollichia.campestris",NA,"W","N","20090618"
"6F","1st","","polygala..l.",NA,"W","N","20090618"
"6F","1st","","polygala.sphenoptera",NA,"W","N","20090618"
"6F","1st","","portulaca.oleracea",NA,"W","N","20090618"
"6F","1st","","portulaca.quadrifida",NA,"W","N","20090618"
"6F","1st","","pseudognaphalium..helichrysum.glumaceum.",NA,"W","N","20090618"
"6F","1st","","psilotrichum.schimperi",NA,"W","N","20090618"
"6F","1st","","rhinacanthus.ndorensis",NA,"W","N","20090618"
"6F","1st","","rhynchosia.holstii",NA,"W","N","20090618"
"6F","1st","","schkuhria.pinnata",NA,"W","N","20090618"
"6F","1st","","sida.2",NA,"W","N","20090618"
"6F","1st","","sida.cuneifolia",NA,"W","N","20090618"
"6F","1st","","solanum.incanum",NA,"W","N","20090618"
"6F","1st","","solanum.indicum",NA,"W","N","20090618"
"6F","1st","","tribulus.terrestris",NA,"W","N","20090618"
"6F","1st","","u",NA,"W","N","20090618"
"6F","1st","","w",NA,"W","N","20090618"
"6F","1st","","x_4",NA,"W","N","20090618"
"6F","1st","","x_5",NA,"W","N","20090618"
"6F","1st","","x_6",NA,"W","N","20090618"
"6F","1st","","x_7",NA,"W","N","20090618"
"6F","1st","","x_8",NA,"W","N","20090618"
"6F","All","Lvs","bracharia.lacnantha",27,"W","N","20090618"
"6F","All","Lvs","lintonia.nutans",NA,"W","N","20090618"
"6F","All","Lvs","pennisetum.mezianum",NA,"W","N","20090618"
"6F","All","Lvs","pennisetum.straminium",NA,"W","N","20090618"
"6F","All","Lvs","themeda.triandra",NA,"W","N","20090618"
"6F","All","Lvs","bare",NA,"W","N","20090618"
"6F","All","Lvs","x_2",NA,"W","N","20090618"
"6F","All","Lvs","aristida.kenyensis",NA,"W","N","20090618"
"6F","All","Lvs","bothriochloa.insculpta",NA,"W","N","20090618"
"6F","All","Lvs","bracharia.3",NA,"W","N","20090618"
"6F","All","Lvs","bracharia.eruciformis",NA,"W","N","20090618"
"6F","All","Lvs","chloris.sp",NA,"W","N","20090618"
"6F","All","Lvs","cynodon.dactylon",NA,"W","N","20090618"
"6F","All","Lvs","cynodon.plectostachyus",NA,"W","N","20090618"
"6F","All","Lvs","cyperus...mariscus.spp",NA,"W","N","20090618"
"6F","All","Lvs","digitaria.2",NA,"W","N","20090618"
"6F","All","Lvs","digitaria.milanjiana",NA,"W","N","20090618"
"6F","All","Lvs","dinebra.retroflexa",NA,"W","N","20090618"
"6F","All","Lvs","eragrostis.tenuifolia",NA,"W","N","20090618"
"6F","All","Lvs","harpachne.schimperi",NA,"W","N","20090618"
"6F","All","Lvs","microchloa.kunthii",NA,"W","N","20090618"
"6F","All","Lvs","panicum.astrosanguinum",NA,"W","N","20090618"
"6F","All","Lvs","setaria.acromelaena..small.",NA,"W","N","20090618"
"6F","All","Lvs","setaria.sphaecealata..big.",NA,"W","N","20090618"
"6F","All","Lvs","sporobolus.pyramidalis",NA,"W","N","20090618"
"6F","All","Lvs","tragus.berteronianus",NA,"W","N","20090618"
"6F","All","Lvs","x_3",NA,"W","N","20090618"
"6F","All","Lvs","acalypha.crenata",NA,"W","N","20090618"
"6F","All","Lvs","aerva.lanata",NA,"W","N","20090618"
"6F","All","Lvs","amaranthus.hibridus",NA,"W","N","20090618"
"6F","All","Lvs","aspilia.pluriseta",NA,"W","N","20090618"
"6F","All","Lvs","asterolinon.adoense..v.",NA,"W","N","20090618"
"6F","All","Lvs","caralluma.acutangula",NA,"W","N","20090618"
"6F","All","Lvs","chenopodium.opulifolium",NA,"W","N","20090618"
"6F","All","Lvs","chenopodium.schraderianum",NA,"W","N","20090618"
"6F","All","Lvs","commelina.spp",NA,"W","N","20090618"
"6F","All","Lvs","commicarpus.pedunculosus",NA,"W","N","20090618"
"6F","All","Lvs","conyza.sp",NA,"W","N","20090618"
"6F","All","Lvs","corchorus.sp",NA,"W","N","20090618"
"6F","All","Lvs","crotelaria.sp",NA,"W","N","20090618"
"6F","All","Lvs","cyathula.orthacantha",NA,"W","N","20090618"
"6F","All","Lvs","dyscoriste.radicans",NA,"W","N","20090618"
"6F","All","Lvs","euphorbia.inaequilatera",NA,"W","N","20090618"
"6F","All","Lvs","evolvulus.alsinoides",NA,"W","N","20090618"
"6F","All","Lvs","fern",NA,"W","N","20090618"
"6F","All","Lvs","gutenbergia.sp",NA,"W","N","20090618"
"6F","All","Lvs","hermannia.uhligii",NA,"W","N","20090618"
"6F","All","Lvs","hibiscus.flavifolius",NA,"W","N","20090618"
"6F","All","Lvs","hibiscus.trionum",NA,"W","N","20090618"
"6F","All","Lvs","indigofera.brevicalyx",NA,"W","N","20090618"
"6F","All","Lvs","indigofera.schimperi",NA,"W","N","20090618"
"6F","All","Lvs","ipomea.sinensis",NA,"W","N","20090618"
"6F","All","Lvs","justicia.dichipteroides",NA,"W","N","20090618"
"6F","All","Lvs","k",NA,"W","N","20090618"
"6F","All","Lvs","kyllinga.sp",NA,"W","N","20090618"
"6F","All","Lvs","leucas.glabrata",NA,"W","N","20090618"
"6F","All","Lvs","leucas.martiniscensis",NA,"W","N","20090618"
"6F","All","Lvs","lily.a",NA,"W","N","20090618"
"6F","All","Lvs","lily.b",NA,"W","N","20090618"
"6F","All","Lvs","lippia.javanica",NA,"W","N","20090618"
"6F","All","Lvs","melhania.spp.",NA,"W","N","20090618"
"6F","All","Lvs","misopates.orontium",NA,"W","N","20090618"
"6F","All","Lvs","mollugo.nudicaulis",NA,"W","N","20090618"
"6F","All","Lvs","monechima.debile",NA,"W","N","20090618"
"6F","All","Lvs","monsonia.augustifolia",NA,"W","N","20090618"
"6F","All","Lvs","ocimum.sp",NA,"W","N","20090618"
"6F","All","Lvs","osteospermum.vaillantii",NA,"W","N","20090618"
"6F","All","Lvs","oxygonum.sinuatum",NA,"W","N","20090618"
"6F","All","Lvs","pavonia.patens",NA,"W","N","20090618"
"6F","All","Lvs","pelargonium.alchemilloides",NA,"W","N","20090618"
"6F","All","Lvs","pentanisia.ouranogyne",NA,"W","N","20090618"
"6F","All","Lvs","phyllanthus.maderaspatensis",NA,"W","N","20090618"
"6F","All","Lvs","plectranthus.spp",NA,"W","N","20090618"
"6F","All","Lvs","pollichia.campestris",NA,"W","N","20090618"
"6F","All","Lvs","polygala..l.",NA,"W","N","20090618"
"6F","All","Lvs","polygala.sphenoptera",NA,"W","N","20090618"
"6F","All","Lvs","portulaca.oleracea",NA,"W","N","20090618"
"6F","All","Lvs","portulaca.quadrifida",NA,"W","N","20090618"
"6F","All","Lvs","pseudognaphalium..helichrysum.glumaceum.",NA,"W","N","20090618"
"6F","All","Lvs","psilotrichum.schimperi",NA,"W","N","20090618"
"6F","All","Lvs","rhinacanthus.ndorensis",NA,"W","N","20090618"
"6F","All","Lvs","rhynchosia.holstii",NA,"W","N","20090618"
"6F","All","Lvs","schkuhria.pinnata",NA,"W","N","20090618"
"6F","All","Lvs","sida.2",NA,"W","N","20090618"
"6F","All","Lvs","sida.cuneifolia",NA,"W","N","20090618"
"6F","All","Lvs","solanum.incanum",NA,"W","N","20090618"
"6F","All","Lvs","solanum.indicum",NA,"W","N","20090618"
"6F","All","Lvs","tribulus.terrestris",NA,"W","N","20090618"
"6F","All","Lvs","u",NA,"W","N","20090618"
"6F","All","Lvs","w",NA,"W","N","20090618"
"6F","All","Lvs","x_4",NA,"W","N","20090618"
"6F","All","Lvs","x_5",NA,"W","N","20090618"
"6F","All","Lvs","x_6",NA,"W","N","20090618"
"6F","All","Lvs","x_7",NA,"W","N","20090618"
"6F","All","Lvs","x_8",NA,"W","N","20090618"
"6F","All","Stm","bracharia.lacnantha",NA,"W","N","20090618"
"6F","All","Stm","lintonia.nutans",NA,"W","N","20090618"
"6F","All","Stm","pennisetum.mezianum",NA,"W","N","20090618"
"6F","All","Stm","pennisetum.straminium",1,"W","N","20090618"
"6F","All","Stm","themeda.triandra",NA,"W","N","20090618"
"6F","All","Stm","bare",NA,"W","N","20090618"
"6F","All","Stm","x_2",NA,"W","N","20090618"
"6F","All","Stm","aristida.kenyensis",NA,"W","N","20090618"
"6F","All","Stm","bothriochloa.insculpta",NA,"W","N","20090618"
"6F","All","Stm","bracharia.3",NA,"W","N","20090618"
"6F","All","Stm","bracharia.eruciformis",NA,"W","N","20090618"
"6F","All","Stm","chloris.sp",NA,"W","N","20090618"
"6F","All","Stm","cynodon.dactylon",NA,"W","N","20090618"
"6F","All","Stm","cynodon.plectostachyus",NA,"W","N","20090618"
"6F","All","Stm","cyperus...mariscus.spp",NA,"W","N","20090618"
"6F","All","Stm","digitaria.2",NA,"W","N","20090618"
"6F","All","Stm","digitaria.milanjiana",NA,"W","N","20090618"
"6F","All","Stm","dinebra.retroflexa",NA,"W","N","20090618"
"6F","All","Stm","eragrostis.tenuifolia",NA,"W","N","20090618"
"6F","All","Stm","harpachne.schimperi",NA,"W","N","20090618"
"6F","All","Stm","microchloa.kunthii",NA,"W","N","20090618"
"6F","All","Stm","panicum.astrosanguinum",NA,"W","N","20090618"
"6F","All","Stm","setaria.acromelaena..small.",NA,"W","N","20090618"
"6F","All","Stm","setaria.sphaecealata..big.",NA,"W","N","20090618"
"6F","All","Stm","sporobolus.pyramidalis",NA,"W","N","20090618"
"6F","All","Stm","tragus.berteronianus",NA,"W","N","20090618"
"6F","All","Stm","x_3",NA,"W","N","20090618"
"6F","All","Stm","acalypha.crenata",NA,"W","N","20090618"
"6F","All","Stm","aerva.lanata",NA,"W","N","20090618"
"6F","All","Stm","amaranthus.hibridus",NA,"W","N","20090618"
"6F","All","Stm","aspilia.pluriseta",NA,"W","N","20090618"
"6F","All","Stm","asterolinon.adoense..v.",NA,"W","N","20090618"
"6F","All","Stm","caralluma.acutangula",NA,"W","N","20090618"
"6F","All","Stm","chenopodium.opulifolium",NA,"W","N","20090618"
"6F","All","Stm","chenopodium.schraderianum",NA,"W","N","20090618"
"6F","All","Stm","commelina.spp",NA,"W","N","20090618"
"6F","All","Stm","commicarpus.pedunculosus",NA,"W","N","20090618"
"6F","All","Stm","conyza.sp",NA,"W","N","20090618"
"6F","All","Stm","corchorus.sp",NA,"W","N","20090618"
"6F","All","Stm","crotelaria.sp",NA,"W","N","20090618"
"6F","All","Stm","cyathula.orthacantha",NA,"W","N","20090618"
"6F","All","Stm","dyscoriste.radicans",NA,"W","N","20090618"
"6F","All","Stm","euphorbia.inaequilatera",NA,"W","N","20090618"
"6F","All","Stm","evolvulus.alsinoides",NA,"W","N","20090618"
"6F","All","Stm","fern",NA,"W","N","20090618"
"6F","All","Stm","gutenbergia.sp",NA,"W","N","20090618"
"6F","All","Stm","hermannia.uhligii",NA,"W","N","20090618"
"6F","All","Stm","hibiscus.flavifolius",NA,"W","N","20090618"
"6F","All","Stm","hibiscus.trionum",NA,"W","N","20090618"
"6F","All","Stm","indigofera.brevicalyx",NA,"W","N","20090618"
"6F","All","Stm","indigofera.schimperi",NA,"W","N","20090618"
"6F","All","Stm","ipomea.sinensis",NA,"W","N","20090618"
"6F","All","Stm","justicia.dichipteroides",NA,"W","N","20090618"
"6F","All","Stm","k",NA,"W","N","20090618"
"6F","All","Stm","kyllinga.sp",NA,"W","N","20090618"
"6F","All","Stm","leucas.glabrata",NA,"W","N","20090618"
"6F","All","Stm","leucas.martiniscensis",NA,"W","N","20090618"
"6F","All","Stm","lily.a",NA,"W","N","20090618"
"6F","All","Stm","lily.b",NA,"W","N","20090618"
"6F","All","Stm","lippia.javanica",NA,"W","N","20090618"
"6F","All","Stm","melhania.spp.",NA,"W","N","20090618"
"6F","All","Stm","misopates.orontium",NA,"W","N","20090618"
"6F","All","Stm","mollugo.nudicaulis",NA,"W","N","20090618"
"6F","All","Stm","monechima.debile",NA,"W","N","20090618"
"6F","All","Stm","monsonia.augustifolia",NA,"W","N","20090618"
"6F","All","Stm","ocimum.sp",NA,"W","N","20090618"
"6F","All","Stm","osteospermum.vaillantii",NA,"W","N","20090618"
"6F","All","Stm","oxygonum.sinuatum",NA,"W","N","20090618"
"6F","All","Stm","pavonia.patens",NA,"W","N","20090618"
"6F","All","Stm","pelargonium.alchemilloides",NA,"W","N","20090618"
"6F","All","Stm","pentanisia.ouranogyne",NA,"W","N","20090618"
"6F","All","Stm","phyllanthus.maderaspatensis",NA,"W","N","20090618"
"6F","All","Stm","plectranthus.spp",NA,"W","N","20090618"
"6F","All","Stm","pollichia.campestris",NA,"W","N","20090618"
"6F","All","Stm","polygala..l.",NA,"W","N","20090618"
"6F","All","Stm","polygala.sphenoptera",NA,"W","N","20090618"
"6F","All","Stm","portulaca.oleracea",NA,"W","N","20090618"
"6F","All","Stm","portulaca.quadrifida",NA,"W","N","20090618"
"6F","All","Stm","pseudognaphalium..helichrysum.glumaceum.",NA,"W","N","20090618"
"6F","All","Stm","psilotrichum.schimperi",NA,"W","N","20090618"
"6F","All","Stm","rhinacanthus.ndorensis",NA,"W","N","20090618"
"6F","All","Stm","rhynchosia.holstii",NA,"W","N","20090618"
"6F","All","Stm","schkuhria.pinnata",NA,"W","N","20090618"
"6F","All","Stm","sida.2",NA,"W","N","20090618"
"6F","All","Stm","sida.cuneifolia",NA,"W","N","20090618"
"6F","All","Stm","solanum.incanum",NA,"W","N","20090618"
"6F","All","Stm","solanum.indicum",NA,"W","N","20090618"
"6F","All","Stm","tribulus.terrestris",NA,"W","N","20090618"
"6F","All","Stm","u",NA,"W","N","20090618"
"6F","All","Stm","w",NA,"W","N","20090618"
"6F","All","Stm","x_4",NA,"W","N","20090618"
"6F","All","Stm","x_5",NA,"W","N","20090618"
"6F","All","Stm","x_6",NA,"W","N","20090618"
"6F","All","Stm","x_7",NA,"W","N","20090618"
"6F","All","Stm","x_8",NA,"W","N","20090618"
"6D","1st","","bracharia.lacnantha",NA,"W","N","20090618"
"6D","1st","","lintonia.nutans",NA,"W","N","20090618"
"6D","1st","","pennisetum.mezianum",NA,"W","N","20090618"
"6D","1st","","pennisetum.straminium",NA,"W","N","20090618"
"6D","1st","","themeda.triandra",7,"W","N","20090618"
"6D","1st","","bare",3,"W","N","20090618"
"6D","1st","","x_2",NA,"W","N","20090618"
"6D","1st","","aristida.kenyensis",NA,"W","N","20090618"
"6D","1st","","bothriochloa.insculpta",NA,"W","N","20090618"
"6D","1st","","bracharia.3",NA,"W","N","20090618"
"6D","1st","","bracharia.eruciformis",NA,"W","N","20090618"
"6D","1st","","chloris.sp",NA,"W","N","20090618"
"6D","1st","","cynodon.dactylon",NA,"W","N","20090618"
"6D","1st","","cynodon.plectostachyus",NA,"W","N","20090618"
"6D","1st","","cyperus...mariscus.spp",NA,"W","N","20090618"
"6D","1st","","digitaria.2",NA,"W","N","20090618"
"6D","1st","","digitaria.milanjiana",NA,"W","N","20090618"
"6D","1st","","dinebra.retroflexa",NA,"W","N","20090618"
"6D","1st","","eragrostis.tenuifolia",NA,"W","N","20090618"
"6D","1st","","harpachne.schimperi",NA,"W","N","20090618"
"6D","1st","","microchloa.kunthii",NA,"W","N","20090618"
"6D","1st","","panicum.astrosanguinum",NA,"W","N","20090618"
"6D","1st","","setaria.acromelaena..small.",NA,"W","N","20090618"
"6D","1st","","setaria.sphaecealata..big.",NA,"W","N","20090618"
"6D","1st","","sporobolus.pyramidalis",NA,"W","N","20090618"
"6D","1st","","tragus.berteronianus",NA,"W","N","20090618"
"6D","1st","","x_3",NA,"W","N","20090618"
"6D","1st","","acalypha.crenata",NA,"W","N","20090618"
"6D","1st","","aerva.lanata",NA,"W","N","20090618"
"6D","1st","","amaranthus.hibridus",NA,"W","N","20090618"
"6D","1st","","aspilia.pluriseta",NA,"W","N","20090618"
"6D","1st","","asterolinon.adoense..v.",NA,"W","N","20090618"
"6D","1st","","caralluma.acutangula",NA,"W","N","20090618"
"6D","1st","","chenopodium.opulifolium",NA,"W","N","20090618"
"6D","1st","","chenopodium.schraderianum",NA,"W","N","20090618"
"6D","1st","","commelina.spp",NA,"W","N","20090618"
"6D","1st","","commicarpus.pedunculosus",NA,"W","N","20090618"
"6D","1st","","conyza.sp",NA,"W","N","20090618"
"6D","1st","","corchorus.sp",NA,"W","N","20090618"
"6D","1st","","crotelaria.sp",NA,"W","N","20090618"
"6D","1st","","cyathula.orthacantha",NA,"W","N","20090618"
"6D","1st","","dyscoriste.radicans",NA,"W","N","20090618"
"6D","1st","","euphorbia.inaequilatera",NA,"W","N","20090618"
"6D","1st","","evolvulus.alsinoides",NA,"W","N","20090618"
"6D","1st","","fern",NA,"W","N","20090618"
"6D","1st","","gutenbergia.sp",NA,"W","N","20090618"
"6D","1st","","hermannia.uhligii",NA,"W","N","20090618"
"6D","1st","","hibiscus.flavifolius",NA,"W","N","20090618"
"6D","1st","","hibiscus.trionum",NA,"W","N","20090618"
"6D","1st","","indigofera.brevicalyx",NA,"W","N","20090618"
"6D","1st","","indigofera.schimperi",NA,"W","N","20090618"
"6D","1st","","ipomea.sinensis",NA,"W","N","20090618"
"6D","1st","","justicia.dichipteroides",NA,"W","N","20090618"
"6D","1st","","k",NA,"W","N","20090618"
"6D","1st","","kyllinga.sp",NA,"W","N","20090618"
"6D","1st","","leucas.glabrata",NA,"W","N","20090618"
"6D","1st","","leucas.martiniscensis",NA,"W","N","20090618"
"6D","1st","","lily.a",NA,"W","N","20090618"
"6D","1st","","lily.b",NA,"W","N","20090618"
"6D","1st","","lippia.javanica",NA,"W","N","20090618"
"6D","1st","","melhania.spp.",NA,"W","N","20090618"
"6D","1st","","misopates.orontium",NA,"W","N","20090618"
"6D","1st","","mollugo.nudicaulis",NA,"W","N","20090618"
"6D","1st","","monechima.debile",NA,"W","N","20090618"
"6D","1st","","monsonia.augustifolia",NA,"W","N","20090618"
"6D","1st","","ocimum.sp",NA,"W","N","20090618"
"6D","1st","","osteospermum.vaillantii",NA,"W","N","20090618"
"6D","1st","","oxygonum.sinuatum",NA,"W","N","20090618"
"6D","1st","","pavonia.patens",NA,"W","N","20090618"
"6D","1st","","pelargonium.alchemilloides",NA,"W","N","20090618"
"6D","1st","","pentanisia.ouranogyne",NA,"W","N","20090618"
"6D","1st","","phyllanthus.maderaspatensis",NA,"W","N","20090618"
"6D","1st","","plectranthus.spp",NA,"W","N","20090618"
"6D","1st","","pollichia.campestris",NA,"W","N","20090618"
"6D","1st","","polygala..l.",NA,"W","N","20090618"
"6D","1st","","polygala.sphenoptera",NA,"W","N","20090618"
"6D","1st","","portulaca.oleracea",NA,"W","N","20090618"
"6D","1st","","portulaca.quadrifida",NA,"W","N","20090618"
"6D","1st","","pseudognaphalium..helichrysum.glumaceum.",NA,"W","N","20090618"
"6D","1st","","psilotrichum.schimperi",NA,"W","N","20090618"
"6D","1st","","rhinacanthus.ndorensis",NA,"W","N","20090618"
"6D","1st","","rhynchosia.holstii",NA,"W","N","20090618"
"6D","1st","","schkuhria.pinnata",NA,"W","N","20090618"
"6D","1st","","sida.2",NA,"W","N","20090618"
"6D","1st","","sida.cuneifolia",NA,"W","N","20090618"
"6D","1st","","solanum.incanum",NA,"W","N","20090618"
"6D","1st","","solanum.indicum",NA,"W","N","20090618"
"6D","1st","","tribulus.terrestris",NA,"W","N","20090618"
"6D","1st","","u",NA,"W","N","20090618"
"6D","1st","","w",NA,"W","N","20090618"
"6D","1st","","x_4",NA,"W","N","20090618"
"6D","1st","","x_5",NA,"W","N","20090618"
"6D","1st","","x_6",NA,"W","N","20090618"
"6D","1st","","x_7",NA,"W","N","20090618"
"6D","1st","","x_8",NA,"W","N","20090618"
"6D","All","Lvs","bracharia.lacnantha",NA,"W","N","20090618"
"6D","All","Lvs","lintonia.nutans",NA,"W","N","20090618"
"6D","All","Lvs","pennisetum.mezianum",NA,"W","N","20090618"
"6D","All","Lvs","pennisetum.straminium",NA,"W","N","20090618"
"6D","All","Lvs","themeda.triandra",15,"W","N","20090618"
"6D","All","Lvs","bare",NA,"W","N","20090618"
"6D","All","Lvs","x_2",NA,"W","N","20090618"
"6D","All","Lvs","aristida.kenyensis",NA,"W","N","20090618"
"6D","All","Lvs","bothriochloa.insculpta",NA,"W","N","20090618"
"6D","All","Lvs","bracharia.3",NA,"W","N","20090618"
"6D","All","Lvs","bracharia.eruciformis",NA,"W","N","20090618"
"6D","All","Lvs","chloris.sp",NA,"W","N","20090618"
"6D","All","Lvs","cynodon.dactylon",NA,"W","N","20090618"
"6D","All","Lvs","cynodon.plectostachyus",NA,"W","N","20090618"
"6D","All","Lvs","cyperus...mariscus.spp",NA,"W","N","20090618"
"6D","All","Lvs","digitaria.2",NA,"W","N","20090618"
"6D","All","Lvs","digitaria.milanjiana",NA,"W","N","20090618"
"6D","All","Lvs","dinebra.retroflexa",NA,"W","N","20090618"
"6D","All","Lvs","eragrostis.tenuifolia",NA,"W","N","20090618"
"6D","All","Lvs","harpachne.schimperi",NA,"W","N","20090618"
"6D","All","Lvs","microchloa.kunthii",NA,"W","N","20090618"
"6D","All","Lvs","panicum.astrosanguinum",NA,"W","N","20090618"
"6D","All","Lvs","setaria.acromelaena..small.",NA,"W","N","20090618"
"6D","All","Lvs","setaria.sphaecealata..big.",NA,"W","N","20090618"
"6D","All","Lvs","sporobolus.pyramidalis",NA,"W","N","20090618"
"6D","All","Lvs","tragus.berteronianus",NA,"W","N","20090618"
"6D","All","Lvs","x_3",NA,"W","N","20090618"
"6D","All","Lvs","acalypha.crenata",NA,"W","N","20090618"
"6D","All","Lvs","aerva.lanata",NA,"W","N","20090618"
"6D","All","Lvs","amaranthus.hibridus",NA,"W","N","20090618"
"6D","All","Lvs","aspilia.pluriseta",NA,"W","N","20090618"
"6D","All","Lvs","asterolinon.adoense..v.",NA,"W","N","20090618"
"6D","All","Lvs","caralluma.acutangula",NA,"W","N","20090618"
"6D","All","Lvs","chenopodium.opulifolium",NA,"W","N","20090618"
"6D","All","Lvs","chenopodium.schraderianum",NA,"W","N","20090618"
"6D","All","Lvs","commelina.spp",NA,"W","N","20090618"
"6D","All","Lvs","commicarpus.pedunculosus",NA,"W","N","20090618"
"6D","All","Lvs","conyza.sp",NA,"W","N","20090618"
"6D","All","Lvs","corchorus.sp",NA,"W","N","20090618"
"6D","All","Lvs","crotelaria.sp",NA,"W","N","20090618"
"6D","All","Lvs","cyathula.orthacantha",NA,"W","N","20090618"
"6D","All","Lvs","dyscoriste.radicans",NA,"W","N","20090618"
"6D","All","Lvs","euphorbia.inaequilatera",NA,"W","N","20090618"
"6D","All","Lvs","evolvulus.alsinoides",NA,"W","N","20090618"
"6D","All","Lvs","fern",NA,"W","N","20090618"
"6D","All","Lvs","gutenbergia.sp",NA,"W","N","20090618"
"6D","All","Lvs","hermannia.uhligii",NA,"W","N","20090618"
"6D","All","Lvs","hibiscus.flavifolius",NA,"W","N","20090618"
"6D","All","Lvs","hibiscus.trionum",NA,"W","N","20090618"
"6D","All","Lvs","indigofera.brevicalyx",NA,"W","N","20090618"
"6D","All","Lvs","indigofera.schimperi",NA,"W","N","20090618"
"6D","All","Lvs","ipomea.sinensis",NA,"W","N","20090618"
"6D","All","Lvs","justicia.dichipteroides",NA,"W","N","20090618"
"6D","All","Lvs","k",NA,"W","N","20090618"
"6D","All","Lvs","kyllinga.sp",NA,"W","N","20090618"
"6D","All","Lvs","leucas.glabrata",NA,"W","N","20090618"
"6D","All","Lvs","leucas.martiniscensis",NA,"W","N","20090618"
"6D","All","Lvs","lily.a",NA,"W","N","20090618"
"6D","All","Lvs","lily.b",NA,"W","N","20090618"
"6D","All","Lvs","lippia.javanica",NA,"W","N","20090618"
"6D","All","Lvs","melhania.spp.",NA,"W","N","20090618"
"6D","All","Lvs","misopates.orontium",NA,"W","N","20090618"
"6D","All","Lvs","mollugo.nudicaulis",NA,"W","N","20090618"
"6D","All","Lvs","monechima.debile",NA,"W","N","20090618"
"6D","All","Lvs","monsonia.augustifolia",NA,"W","N","20090618"
"6D","All","Lvs","ocimum.sp",NA,"W","N","20090618"
"6D","All","Lvs","osteospermum.vaillantii",NA,"W","N","20090618"
"6D","All","Lvs","oxygonum.sinuatum",NA,"W","N","20090618"
"6D","All","Lvs","pavonia.patens",NA,"W","N","20090618"
"6D","All","Lvs","pelargonium.alchemilloides",NA,"W","N","20090618"
"6D","All","Lvs","pentanisia.ouranogyne",NA,"W","N","20090618"
"6D","All","Lvs","phyllanthus.maderaspatensis",NA,"W","N","20090618"
"6D","All","Lvs","plectranthus.spp",NA,"W","N","20090618"
"6D","All","Lvs","pollichia.campestris",NA,"W","N","20090618"
"6D","All","Lvs","polygala..l.",NA,"W","N","20090618"
"6D","All","Lvs","polygala.sphenoptera",NA,"W","N","20090618"
"6D","All","Lvs","portulaca.oleracea",NA,"W","N","20090618"
"6D","All","Lvs","portulaca.quadrifida",NA,"W","N","20090618"
"6D","All","Lvs","pseudognaphalium..helichrysum.glumaceum.",NA,"W","N","20090618"
"6D","All","Lvs","psilotrichum.schimperi",NA,"W","N","20090618"
"6D","All","Lvs","rhinacanthus.ndorensis",NA,"W","N","20090618"
"6D","All","Lvs","rhynchosia.holstii",NA,"W","N","20090618"
"6D","All","Lvs","schkuhria.pinnata",NA,"W","N","20090618"
"6D","All","Lvs","sida.2",NA,"W","N","20090618"
"6D","All","Lvs","sida.cuneifolia",NA,"W","N","20090618"
"6D","All","Lvs","solanum.incanum",NA,"W","N","20090618"
"6D","All","Lvs","solanum.indicum",NA,"W","N","20090618"
"6D","All","Lvs","tribulus.terrestris",NA,"W","N","20090618"
"6D","All","Lvs","u",NA,"W","N","20090618"
"6D","All","Lvs","w",NA,"W","N","20090618"
"6D","All","Lvs","x_4",NA,"W","N","20090618"
"6D","All","Lvs","x_5",NA,"W","N","20090618"
"6D","All","Lvs","x_6",NA,"W","N","20090618"
"6D","All","Lvs","x_7",NA,"W","N","20090618"
"6D","All","Lvs","x_8",NA,"W","N","20090618"
"6D","All","Stm","bracharia.lacnantha",NA,"W","N","20090618"
"6D","All","Stm","lintonia.nutans",NA,"W","N","20090618"
"6D","All","Stm","pennisetum.mezianum",NA,"W","N","20090618"
"6D","All","Stm","pennisetum.straminium",NA,"W","N","20090618"
"6D","All","Stm","themeda.triandra",3,"W","N","20090618"
"6D","All","Stm","bare",NA,"W","N","20090618"
"6D","All","Stm","x_2",NA,"W","N","20090618"
"6D","All","Stm","aristida.kenyensis",NA,"W","N","20090618"
"6D","All","Stm","bothriochloa.insculpta",NA,"W","N","20090618"
"6D","All","Stm","bracharia.3",NA,"W","N","20090618"
"6D","All","Stm","bracharia.eruciformis",NA,"W","N","20090618"
"6D","All","Stm","chloris.sp",NA,"W","N","20090618"
"6D","All","Stm","cynodon.dactylon",NA,"W","N","20090618"
"6D","All","Stm","cynodon.plectostachyus",NA,"W","N","20090618"
"6D","All","Stm","cyperus...mariscus.spp",NA,"W","N","20090618"
"6D","All","Stm","digitaria.2",NA,"W","N","20090618"
"6D","All","Stm","digitaria.milanjiana",NA,"W","N","20090618"
"6D","All","Stm","dinebra.retroflexa",NA,"W","N","20090618"
"6D","All","Stm","eragrostis.tenuifolia",NA,"W","N","20090618"
"6D","All","Stm","harpachne.schimperi",NA,"W","N","20090618"
"6D","All","Stm","microchloa.kunthii",NA,"W","N","20090618"
"6D","All","Stm","panicum.astrosanguinum",NA,"W","N","20090618"
"6D","All","Stm","setaria.acromelaena..small.",NA,"W","N","20090618"
"6D","All","Stm","setaria.sphaecealata..big.",NA,"W","N","20090618"
"6D","All","Stm","sporobolus.pyramidalis",NA,"W","N","20090618"
"6D","All","Stm","tragus.berteronianus",NA,"W","N","20090618"
"6D","All","Stm","x_3",NA,"W","N","20090618"
"6D","All","Stm","acalypha.crenata",NA,"W","N","20090618"
"6D","All","Stm","aerva.lanata",NA,"W","N","20090618"
"6D","All","Stm","amaranthus.hibridus",NA,"W","N","20090618"
"6D","All","Stm","aspilia.pluriseta",NA,"W","N","20090618"
"6D","All","Stm","asterolinon.adoense..v.",NA,"W","N","20090618"
"6D","All","Stm","caralluma.acutangula",NA,"W","N","20090618"
"6D","All","Stm","chenopodium.opulifolium",NA,"W","N","20090618"
"6D","All","Stm","chenopodium.schraderianum",NA,"W","N","20090618"
"6D","All","Stm","commelina.spp",NA,"W","N","20090618"
"6D","All","Stm","commicarpus.pedunculosus",NA,"W","N","20090618"
"6D","All","Stm","conyza.sp",NA,"W","N","20090618"
"6D","All","Stm","corchorus.sp",NA,"W","N","20090618"
"6D","All","Stm","crotelaria.sp",NA,"W","N","20090618"
"6D","All","Stm","cyathula.orthacantha",NA,"W","N","20090618"
"6D","All","Stm","dyscoriste.radicans",NA,"W","N","20090618"
"6D","All","Stm","euphorbia.inaequilatera",NA,"W","N","20090618"
"6D","All","Stm","evolvulus.alsinoides",NA,"W","N","20090618"
"6D","All","Stm","fern",NA,"W","N","20090618"
"6D","All","Stm","gutenbergia.sp",NA,"W","N","20090618"
"6D","All","Stm","hermannia.uhligii",NA,"W","N","20090618"
"6D","All","Stm","hibiscus.flavifolius",NA,"W","N","20090618"
"6D","All","Stm","hibiscus.trionum",NA,"W","N","20090618"
"6D","All","Stm","indigofera.brevicalyx",NA,"W","N","20090618"
"6D","All","Stm","indigofera.schimperi",NA,"W","N","20090618"
"6D","All","Stm","ipomea.sinensis",NA,"W","N","20090618"
"6D","All","Stm","justicia.dichipteroides",NA,"W","N","20090618"
"6D","All","Stm","k",NA,"W","N","20090618"
"6D","All","Stm","kyllinga.sp",NA,"W","N","20090618"
"6D","All","Stm","leucas.glabrata",NA,"W","N","20090618"
"6D","All","Stm","leucas.martiniscensis",NA,"W","N","20090618"
"6D","All","Stm","lily.a",NA,"W","N","20090618"
"6D","All","Stm","lily.b",NA,"W","N","20090618"
"6D","All","Stm","lippia.javanica",NA,"W","N","20090618"
"6D","All","Stm","melhania.spp.",NA,"W","N","20090618"
"6D","All","Stm","misopates.orontium",NA,"W","N","20090618"
"6D","All","Stm","mollugo.nudicaulis",NA,"W","N","20090618"
"6D","All","Stm","monechima.debile",NA,"W","N","20090618"
"6D","All","Stm","monsonia.augustifolia",NA,"W","N","20090618"
"6D","All","Stm","ocimum.sp",NA,"W","N","20090618"
"6D","All","Stm","osteospermum.vaillantii",NA,"W","N","20090618"
"6D","All","Stm","oxygonum.sinuatum",NA,"W","N","20090618"
"6D","All","Stm","pavonia.patens",NA,"W","N","20090618"
"6D","All","Stm","pelargonium.alchemilloides",NA,"W","N","20090618"
"6D","All","Stm","pentanisia.ouranogyne",NA,"W","N","20090618"
"6D","All","Stm","phyllanthus.maderaspatensis",NA,"W","N","20090618"
"6D","All","Stm","plectranthus.spp",NA,"W","N","20090618"
"6D","All","Stm","pollichia.campestris",NA,"W","N","20090618"
"6D","All","Stm","polygala..l.",NA,"W","N","20090618"
"6D","All","Stm","polygala.sphenoptera",NA,"W","N","20090618"
"6D","All","Stm","portulaca.oleracea",NA,"W","N","20090618"
"6D","All","Stm","portulaca.quadrifida",NA,"W","N","20090618"
"6D","All","Stm","pseudognaphalium..helichrysum.glumaceum.",NA,"W","N","20090618"
"6D","All","Stm","psilotrichum.schimperi",NA,"W","N","20090618"
"6D","All","Stm","rhinacanthus.ndorensis",NA,"W","N","20090618"
"6D","All","Stm","rhynchosia.holstii",NA,"W","N","20090618"
"6D","All","Stm","schkuhria.pinnata",NA,"W","N","20090618"
"6D","All","Stm","sida.2",NA,"W","N","20090618"
"6D","All","Stm","sida.cuneifolia",NA,"W","N","20090618"
"6D","All","Stm","solanum.incanum",NA,"W","N","20090618"
"6D","All","Stm","solanum.indicum",NA,"W","N","20090618"
"6D","All","Stm","tribulus.terrestris",NA,"W","N","20090618"
"6D","All","Stm","u",NA,"W","N","20090618"
"6D","All","Stm","w",NA,"W","N","20090618"
"6D","All","Stm","x_4",NA,"W","N","20090618"
"6D","All","Stm","x_5",NA,"W","N","20090618"
"6D","All","Stm","x_6",NA,"W","N","20090618"
"6D","All","Stm","x_7",NA,"W","N","20090618"
"6D","All","Stm","x_8",NA,"W","N","20090618"
"6B","1st","","bracharia.lacnantha",NA,"W","N","20090618"
"6B","1st","","lintonia.nutans",NA,"W","N","20090618"
"6B","1st","","pennisetum.mezianum",NA,"W","N","20090618"
"6B","1st","","pennisetum.straminium",7,"W","N","20090618"
"6B","1st","","themeda.triandra",NA,"W","N","20090618"
"6B","1st","","bare",3,"W","N","20090618"
"6B","1st","","x_2",NA,"W","N","20090618"
"6B","1st","","aristida.kenyensis",NA,"W","N","20090618"
"6B","1st","","bothriochloa.insculpta",NA,"W","N","20090618"
"6B","1st","","bracharia.3",NA,"W","N","20090618"
"6B","1st","","bracharia.eruciformis",NA,"W","N","20090618"
"6B","1st","","chloris.sp",NA,"W","N","20090618"
"6B","1st","","cynodon.dactylon",NA,"W","N","20090618"
"6B","1st","","cynodon.plectostachyus",NA,"W","N","20090618"
"6B","1st","","cyperus...mariscus.spp",NA,"W","N","20090618"
"6B","1st","","digitaria.2",NA,"W","N","20090618"
"6B","1st","","digitaria.milanjiana",NA,"W","N","20090618"
"6B","1st","","dinebra.retroflexa",NA,"W","N","20090618"
"6B","1st","","eragrostis.tenuifolia",NA,"W","N","20090618"
"6B","1st","","harpachne.schimperi",NA,"W","N","20090618"
"6B","1st","","microchloa.kunthii",NA,"W","N","20090618"
"6B","1st","","panicum.astrosanguinum",NA,"W","N","20090618"
"6B","1st","","setaria.acromelaena..small.",NA,"W","N","20090618"
"6B","1st","","setaria.sphaecealata..big.",NA,"W","N","20090618"
"6B","1st","","sporobolus.pyramidalis",NA,"W","N","20090618"
"6B","1st","","tragus.berteronianus",NA,"W","N","20090618"
"6B","1st","","x_3",NA,"W","N","20090618"
"6B","1st","","acalypha.crenata",NA,"W","N","20090618"
"6B","1st","","aerva.lanata",NA,"W","N","20090618"
"6B","1st","","amaranthus.hibridus",NA,"W","N","20090618"
"6B","1st","","aspilia.pluriseta",NA,"W","N","20090618"
"6B","1st","","asterolinon.adoense..v.",NA,"W","N","20090618"
"6B","1st","","caralluma.acutangula",NA,"W","N","20090618"
"6B","1st","","chenopodium.opulifolium",NA,"W","N","20090618"
"6B","1st","","chenopodium.schraderianum",NA,"W","N","20090618"
"6B","1st","","commelina.spp",NA,"W","N","20090618"
"6B","1st","","commicarpus.pedunculosus",NA,"W","N","20090618"
"6B","1st","","conyza.sp",NA,"W","N","20090618"
"6B","1st","","corchorus.sp",NA,"W","N","20090618"
"6B","1st","","crotelaria.sp",NA,"W","N","20090618"
"6B","1st","","cyathula.orthacantha",NA,"W","N","20090618"
"6B","1st","","dyscoriste.radicans",NA,"W","N","20090618"
"6B","1st","","euphorbia.inaequilatera",NA,"W","N","20090618"
"6B","1st","","evolvulus.alsinoides",NA,"W","N","20090618"
"6B","1st","","fern",NA,"W","N","20090618"
"6B","1st","","gutenbergia.sp",NA,"W","N","20090618"
"6B","1st","","hermannia.uhligii",NA,"W","N","20090618"
"6B","1st","","hibiscus.flavifolius",NA,"W","N","20090618"
"6B","1st","","hibiscus.trionum",NA,"W","N","20090618"
"6B","1st","","indigofera.brevicalyx",NA,"W","N","20090618"
"6B","1st","","indigofera.schimperi",NA,"W","N","20090618"
"6B","1st","","ipomea.sinensis",NA,"W","N","20090618"
"6B","1st","","justicia.dichipteroides",NA,"W","N","20090618"
"6B","1st","","k",NA,"W","N","20090618"
"6B","1st","","kyllinga.sp",NA,"W","N","20090618"
"6B","1st","","leucas.glabrata",NA,"W","N","20090618"
"6B","1st","","leucas.martiniscensis",NA,"W","N","20090618"
"6B","1st","","lily.a",NA,"W","N","20090618"
"6B","1st","","lily.b",NA,"W","N","20090618"
"6B","1st","","lippia.javanica",NA,"W","N","20090618"
"6B","1st","","melhania.spp.",NA,"W","N","20090618"
"6B","1st","","misopates.orontium",NA,"W","N","20090618"
"6B","1st","","mollugo.nudicaulis",NA,"W","N","20090618"
"6B","1st","","monechima.debile",NA,"W","N","20090618"
"6B","1st","","monsonia.augustifolia",NA,"W","N","20090618"
"6B","1st","","ocimum.sp",NA,"W","N","20090618"
"6B","1st","","osteospermum.vaillantii",NA,"W","N","20090618"
"6B","1st","","oxygonum.sinuatum",NA,"W","N","20090618"
"6B","1st","","pavonia.patens",NA,"W","N","20090618"
"6B","1st","","pelargonium.alchemilloides",NA,"W","N","20090618"
"6B","1st","","pentanisia.ouranogyne",NA,"W","N","20090618"
"6B","1st","","phyllanthus.maderaspatensis",NA,"W","N","20090618"
"6B","1st","","plectranthus.spp",NA,"W","N","20090618"
"6B","1st","","pollichia.campestris",NA,"W","N","20090618"
"6B","1st","","polygala..l.",NA,"W","N","20090618"
"6B","1st","","polygala.sphenoptera",NA,"W","N","20090618"
"6B","1st","","portulaca.oleracea",NA,"W","N","20090618"
"6B","1st","","portulaca.quadrifida",NA,"W","N","20090618"
"6B","1st","","pseudognaphalium..helichrysum.glumaceum.",NA,"W","N","20090618"
"6B","1st","","psilotrichum.schimperi",NA,"W","N","20090618"
"6B","1st","","rhinacanthus.ndorensis",NA,"W","N","20090618"
"6B","1st","","rhynchosia.holstii",NA,"W","N","20090618"
"6B","1st","","schkuhria.pinnata",NA,"W","N","20090618"
"6B","1st","","sida.2",NA,"W","N","20090618"
"6B","1st","","sida.cuneifolia",NA,"W","N","20090618"
"6B","1st","","solanum.incanum",NA,"W","N","20090618"
"6B","1st","","solanum.indicum",NA,"W","N","20090618"
"6B","1st","","tribulus.terrestris",NA,"W","N","20090618"
"6B","1st","","u",NA,"W","N","20090618"
"6B","1st","","w",NA,"W","N","20090618"
"6B","1st","","x_4",NA,"W","N","20090618"
"6B","1st","","x_5",NA,"W","N","20090618"
"6B","1st","","x_6",NA,"W","N","20090618"
"6B","1st","","x_7",NA,"W","N","20090618"
"6B","1st","","x_8",NA,"W","N","20090618"
"6B","All","Lvs","bracharia.lacnantha",NA,"W","N","20090618"
"6B","All","Lvs","lintonia.nutans",NA,"W","N","20090618"
"6B","All","Lvs","pennisetum.mezianum",NA,"W","N","20090618"
"6B","All","Lvs","pennisetum.straminium",2,"W","N","20090618"
"6B","All","Lvs","themeda.triandra",NA,"W","N","20090618"
"6B","All","Lvs","bare",NA,"W","N","20090618"
"6B","All","Lvs","x_2",NA,"W","N","20090618"
"6B","All","Lvs","aristida.kenyensis",NA,"W","N","20090618"
"6B","All","Lvs","bothriochloa.insculpta",NA,"W","N","20090618"
"6B","All","Lvs","bracharia.3",NA,"W","N","20090618"
"6B","All","Lvs","bracharia.eruciformis",NA,"W","N","20090618"
"6B","All","Lvs","chloris.sp",NA,"W","N","20090618"
"6B","All","Lvs","cynodon.dactylon",NA,"W","N","20090618"
"6B","All","Lvs","cynodon.plectostachyus",NA,"W","N","20090618"
"6B","All","Lvs","cyperus...mariscus.spp",NA,"W","N","20090618"
"6B","All","Lvs","digitaria.2",NA,"W","N","20090618"
"6B","All","Lvs","digitaria.milanjiana",NA,"W","N","20090618"
"6B","All","Lvs","dinebra.retroflexa",NA,"W","N","20090618"
"6B","All","Lvs","eragrostis.tenuifolia",NA,"W","N","20090618"
"6B","All","Lvs","harpachne.schimperi",NA,"W","N","20090618"
"6B","All","Lvs","microchloa.kunthii",NA,"W","N","20090618"
"6B","All","Lvs","panicum.astrosanguinum",NA,"W","N","20090618"
"6B","All","Lvs","setaria.acromelaena..small.",NA,"W","N","20090618"
"6B","All","Lvs","setaria.sphaecealata..big.",NA,"W","N","20090618"
"6B","All","Lvs","sporobolus.pyramidalis",NA,"W","N","20090618"
"6B","All","Lvs","tragus.berteronianus",NA,"W","N","20090618"
"6B","All","Lvs","x_3",NA,"W","N","20090618"
"6B","All","Lvs","acalypha.crenata",NA,"W","N","20090618"
"6B","All","Lvs","aerva.lanata",NA,"W","N","20090618"
"6B","All","Lvs","amaranthus.hibridus",NA,"W","N","20090618"
"6B","All","Lvs","aspilia.pluriseta",NA,"W","N","20090618"
"6B","All","Lvs","asterolinon.adoense..v.",NA,"W","N","20090618"
"6B","All","Lvs","caralluma.acutangula",NA,"W","N","20090618"
"6B","All","Lvs","chenopodium.opulifolium",NA,"W","N","20090618"
"6B","All","Lvs","chenopodium.schraderianum",NA,"W","N","20090618"
"6B","All","Lvs","commelina.spp",NA,"W","N","20090618"
"6B","All","Lvs","commicarpus.pedunculosus",NA,"W","N","20090618"
"6B","All","Lvs","conyza.sp",NA,"W","N","20090618"
"6B","All","Lvs","corchorus.sp",NA,"W","N","20090618"
"6B","All","Lvs","crotelaria.sp",NA,"W","N","20090618"
"6B","All","Lvs","cyathula.orthacantha",NA,"W","N","20090618"
"6B","All","Lvs","dyscoriste.radicans",NA,"W","N","20090618"
"6B","All","Lvs","euphorbia.inaequilatera",NA,"W","N","20090618"
"6B","All","Lvs","evolvulus.alsinoides",NA,"W","N","20090618"
"6B","All","Lvs","fern",NA,"W","N","20090618"
"6B","All","Lvs","gutenbergia.sp",NA,"W","N","20090618"
"6B","All","Lvs","hermannia.uhligii",NA,"W","N","20090618"
"6B","All","Lvs","hibiscus.flavifolius",NA,"W","N","20090618"
"6B","All","Lvs","hibiscus.trionum",NA,"W","N","20090618"
"6B","All","Lvs","indigofera.brevicalyx",NA,"W","N","20090618"
"6B","All","Lvs","indigofera.schimperi",NA,"W","N","20090618"
"6B","All","Lvs","ipomea.sinensis",NA,"W","N","20090618"
"6B","All","Lvs","justicia.dichipteroides",NA,"W","N","20090618"
"6B","All","Lvs","k",NA,"W","N","20090618"
"6B","All","Lvs","kyllinga.sp",NA,"W","N","20090618"
"6B","All","Lvs","leucas.glabrata",NA,"W","N","20090618"
"6B","All","Lvs","leucas.martiniscensis",NA,"W","N","20090618"
"6B","All","Lvs","lily.a",NA,"W","N","20090618"
"6B","All","Lvs","lily.b",NA,"W","N","20090618"
"6B","All","Lvs","lippia.javanica",NA,"W","N","20090618"
"6B","All","Lvs","melhania.spp.",NA,"W","N","20090618"
"6B","All","Lvs","misopates.orontium",NA,"W","N","20090618"
"6B","All","Lvs","mollugo.nudicaulis",NA,"W","N","20090618"
"6B","All","Lvs","monechima.debile",NA,"W","N","20090618"
"6B","All","Lvs","monsonia.augustifolia",NA,"W","N","20090618"
"6B","All","Lvs","ocimum.sp",NA,"W","N","20090618"
"6B","All","Lvs","osteospermum.vaillantii",NA,"W","N","20090618"
"6B","All","Lvs","oxygonum.sinuatum",NA,"W","N","20090618"
"6B","All","Lvs","pavonia.patens",NA,"W","N","20090618"
"6B","All","Lvs","pelargonium.alchemilloides",NA,"W","N","20090618"
"6B","All","Lvs","pentanisia.ouranogyne",NA,"W","N","20090618"
"6B","All","Lvs","phyllanthus.maderaspatensis",NA,"W","N","20090618"
"6B","All","Lvs","plectranthus.spp",NA,"W","N","20090618"
"6B","All","Lvs","pollichia.campestris",NA,"W","N","20090618"
"6B","All","Lvs","polygala..l.",NA,"W","N","20090618"
"6B","All","Lvs","polygala.sphenoptera",NA,"W","N","20090618"
"6B","All","Lvs","portulaca.oleracea",NA,"W","N","20090618"
"6B","All","Lvs","portulaca.quadrifida",NA,"W","N","20090618"
"6B","All","Lvs","pseudognaphalium..helichrysum.glumaceum.",NA,"W","N","20090618"
"6B","All","Lvs","psilotrichum.schimperi",NA,"W","N","20090618"
"6B","All","Lvs","rhinacanthus.ndorensis",NA,"W","N","20090618"
"6B","All","Lvs","rhynchosia.holstii",NA,"W","N","20090618"
"6B","All","Lvs","schkuhria.pinnata",NA,"W","N","20090618"
"6B","All","Lvs","sida.2",NA,"W","N","20090618"
"6B","All","Lvs","sida.cuneifolia",NA,"W","N","20090618"
"6B","All","Lvs","solanum.incanum",NA,"W","N","20090618"
"6B","All","Lvs","solanum.indicum",NA,"W","N","20090618"
"6B","All","Lvs","tribulus.terrestris",NA,"W","N","20090618"
"6B","All","Lvs","u",NA,"W","N","20090618"
"6B","All","Lvs","w",NA,"W","N","20090618"
"6B","All","Lvs","x_4",NA,"W","N","20090618"
"6B","All","Lvs","x_5",NA,"W","N","20090618"
"6B","All","Lvs","x_6",NA,"W","N","20090618"
"6B","All","Lvs","x_7",NA,"W","N","20090618"
"6B","All","Lvs","x_8",NA,"W","N","20090618"
"6B","All","Stm","bracharia.lacnantha",NA,"W","N","20090618"
"6B","All","Stm","lintonia.nutans",NA,"W","N","20090618"
"6B","All","Stm","pennisetum.mezianum",NA,"W","N","20090618"
"6B","All","Stm","pennisetum.straminium",8,"W","N","20090618"
"6B","All","Stm","themeda.triandra",NA,"W","N","20090618"
"6B","All","Stm","bare",NA,"W","N","20090618"
"6B","All","Stm","x_2",NA,"W","N","20090618"
"6B","All","Stm","aristida.kenyensis",NA,"W","N","20090618"
"6B","All","Stm","bothriochloa.insculpta",NA,"W","N","20090618"
"6B","All","Stm","bracharia.3",NA,"W","N","20090618"
"6B","All","Stm","bracharia.eruciformis",NA,"W","N","20090618"
"6B","All","Stm","chloris.sp",NA,"W","N","20090618"
"6B","All","Stm","cynodon.dactylon",NA,"W","N","20090618"
"6B","All","Stm","cynodon.plectostachyus",NA,"W","N","20090618"
"6B","All","Stm","cyperus...mariscus.spp",NA,"W","N","20090618"
"6B","All","Stm","digitaria.2",NA,"W","N","20090618"
"6B","All","Stm","digitaria.milanjiana",NA,"W","N","20090618"
"6B","All","Stm","dinebra.retroflexa",NA,"W","N","20090618"
"6B","All","Stm","eragrostis.tenuifolia",NA,"W","N","20090618"
"6B","All","Stm","harpachne.schimperi",NA,"W","N","20090618"
"6B","All","Stm","microchloa.kunthii",NA,"W","N","20090618"
"6B","All","Stm","panicum.astrosanguinum",NA,"W","N","20090618"
"6B","All","Stm","setaria.acromelaena..small.",NA,"W","N","20090618"
"6B","All","Stm","setaria.sphaecealata..big.",NA,"W","N","20090618"
"6B","All","Stm","sporobolus.pyramidalis",NA,"W","N","20090618"
"6B","All","Stm","tragus.berteronianus",NA,"W","N","20090618"
"6B","All","Stm","x_3",NA,"W","N","20090618"
"6B","All","Stm","acalypha.crenata",NA,"W","N","20090618"
"6B","All","Stm","aerva.lanata",NA,"W","N","20090618"
"6B","All","Stm","amaranthus.hibridus",NA,"W","N","20090618"
"6B","All","Stm","aspilia.pluriseta",NA,"W","N","20090618"
"6B","All","Stm","asterolinon.adoense..v.",NA,"W","N","20090618"
"6B","All","Stm","caralluma.acutangula",NA,"W","N","20090618"
"6B","All","Stm","chenopodium.opulifolium",NA,"W","N","20090618"
"6B","All","Stm","chenopodium.schraderianum",NA,"W","N","20090618"
"6B","All","Stm","commelina.spp",NA,"W","N","20090618"
"6B","All","Stm","commicarpus.pedunculosus",NA,"W","N","20090618"
"6B","All","Stm","conyza.sp",NA,"W","N","20090618"
"6B","All","Stm","corchorus.sp",NA,"W","N","20090618"
"6B","All","Stm","crotelaria.sp",NA,"W","N","20090618"
"6B","All","Stm","cyathula.orthacantha",NA,"W","N","20090618"
"6B","All","Stm","dyscoriste.radicans",NA,"W","N","20090618"
"6B","All","Stm","euphorbia.inaequilatera",NA,"W","N","20090618"
"6B","All","Stm","evolvulus.alsinoides",NA,"W","N","20090618"
"6B","All","Stm","fern",NA,"W","N","20090618"
"6B","All","Stm","gutenbergia.sp",NA,"W","N","20090618"
"6B","All","Stm","hermannia.uhligii",NA,"W","N","20090618"
"6B","All","Stm","hibiscus.flavifolius",NA,"W","N","20090618"
"6B","All","Stm","hibiscus.trionum",NA,"W","N","20090618"
"6B","All","Stm","indigofera.brevicalyx",NA,"W","N","20090618"
"6B","All","Stm","indigofera.schimperi",NA,"W","N","20090618"
"6B","All","Stm","ipomea.sinensis",NA,"W","N","20090618"
"6B","All","Stm","justicia.dichipteroides",NA,"W","N","20090618"
"6B","All","Stm","k",NA,"W","N","20090618"
"6B","All","Stm","kyllinga.sp",NA,"W","N","20090618"
"6B","All","Stm","leucas.glabrata",NA,"W","N","20090618"
"6B","All","Stm","leucas.martiniscensis",NA,"W","N","20090618"
"6B","All","Stm","lily.a",NA,"W","N","20090618"
"6B","All","Stm","lily.b",NA,"W","N","20090618"
"6B","All","Stm","lippia.javanica",NA,"W","N","20090618"
"6B","All","Stm","melhania.spp.",NA,"W","N","20090618"
"6B","All","Stm","misopates.orontium",NA,"W","N","20090618"
"6B","All","Stm","mollugo.nudicaulis",NA,"W","N","20090618"
"6B","All","Stm","monechima.debile",NA,"W","N","20090618"
"6B","All","Stm","monsonia.augustifolia",NA,"W","N","20090618"
"6B","All","Stm","ocimum.sp",NA,"W","N","20090618"
"6B","All","Stm","osteospermum.vaillantii",NA,"W","N","20090618"
"6B","All","Stm","oxygonum.sinuatum",NA,"W","N","20090618"
"6B","All","Stm","pavonia.patens",NA,"W","N","20090618"
"6B","All","Stm","pelargonium.alchemilloides",NA,"W","N","20090618"
"6B","All","Stm","pentanisia.ouranogyne",NA,"W","N","20090618"
"6B","All","Stm","phyllanthus.maderaspatensis",NA,"W","N","20090618"
"6B","All","Stm","plectranthus.spp",NA,"W","N","20090618"
"6B","All","Stm","pollichia.campestris",NA,"W","N","20090618"
"6B","All","Stm","polygala..l.",NA,"W","N","20090618"
"6B","All","Stm","polygala.sphenoptera",NA,"W","N","20090618"
"6B","All","Stm","portulaca.oleracea",NA,"W","N","20090618"
"6B","All","Stm","portulaca.quadrifida",NA,"W","N","20090618"
"6B","All","Stm","pseudognaphalium..helichrysum.glumaceum.",NA,"W","N","20090618"
"6B","All","Stm","psilotrichum.schimperi",NA,"W","N","20090618"
"6B","All","Stm","rhinacanthus.ndorensis",NA,"W","N","20090618"
"6B","All","Stm","rhynchosia.holstii",NA,"W","N","20090618"
"6B","All","Stm","schkuhria.pinnata",NA,"W","N","20090618"
"6B","All","Stm","sida.2",NA,"W","N","20090618"
"6B","All","Stm","sida.cuneifolia",NA,"W","N","20090618"
"6B","All","Stm","solanum.incanum",NA,"W","N","20090618"
"6B","All","Stm","solanum.indicum",NA,"W","N","20090618"
"6B","All","Stm","tribulus.terrestris",NA,"W","N","20090618"
"6B","All","Stm","u",NA,"W","N","20090618"
"6B","All","Stm","w",NA,"W","N","20090618"
"6B","All","Stm","x_4",NA,"W","N","20090618"
"6B","All","Stm","x_5",NA,"W","N","20090618"
"6B","All","Stm","x_6",NA,"W","N","20090618"
"6B","All","Stm","x_7",NA,"W","N","20090618"
"6B","All","Stm","x_8",NA,"W","N","20090618"
"7A","1st","","bracharia.lacnantha",NA,"W","N","20090618"
"7A","1st","","lintonia.nutans",NA,"W","N","20090618"
"7A","1st","","pennisetum.mezianum",NA,"W","N","20090618"
"7A","1st","","pennisetum.straminium",NA,"W","N","20090618"
"7A","1st","","themeda.triandra",NA,"W","N","20090618"
"7A","1st","","bare",NA,"W","N","20090618"
"7A","1st","","x_2",NA,"W","N","20090618"
"7A","1st","","aristida.kenyensis",NA,"W","N","20090618"
"7A","1st","","bothriochloa.insculpta",NA,"W","N","20090618"
"7A","1st","","bracharia.3",NA,"W","N","20090618"
"7A","1st","","bracharia.eruciformis",NA,"W","N","20090618"
"7A","1st","","chloris.sp",NA,"W","N","20090618"
"7A","1st","","cynodon.dactylon",NA,"W","N","20090618"
"7A","1st","","cynodon.plectostachyus",NA,"W","N","20090618"
"7A","1st","","cyperus...mariscus.spp",NA,"W","N","20090618"
"7A","1st","","digitaria.2",NA,"W","N","20090618"
"7A","1st","","digitaria.milanjiana",NA,"W","N","20090618"
"7A","1st","","dinebra.retroflexa",NA,"W","N","20090618"
"7A","1st","","eragrostis.tenuifolia",NA,"W","N","20090618"
"7A","1st","","harpachne.schimperi",NA,"W","N","20090618"
"7A","1st","","microchloa.kunthii",NA,"W","N","20090618"
"7A","1st","","panicum.astrosanguinum",NA,"W","N","20090618"
"7A","1st","","setaria.acromelaena..small.",NA,"W","N","20090618"
"7A","1st","","setaria.sphaecealata..big.",NA,"W","N","20090618"
"7A","1st","","sporobolus.pyramidalis",NA,"W","N","20090618"
"7A","1st","","tragus.berteronianus",NA,"W","N","20090618"
"7A","1st","","x_3",NA,"W","N","20090618"
"7A","1st","","acalypha.crenata",NA,"W","N","20090618"
"7A","1st","","aerva.lanata",NA,"W","N","20090618"
"7A","1st","","amaranthus.hibridus",NA,"W","N","20090618"
"7A","1st","","aspilia.pluriseta",NA,"W","N","20090618"
"7A","1st","","asterolinon.adoense..v.",NA,"W","N","20090618"
"7A","1st","","caralluma.acutangula",NA,"W","N","20090618"
"7A","1st","","chenopodium.opulifolium",NA,"W","N","20090618"
"7A","1st","","chenopodium.schraderianum",NA,"W","N","20090618"
"7A","1st","","commelina.spp",NA,"W","N","20090618"
"7A","1st","","commicarpus.pedunculosus",NA,"W","N","20090618"
"7A","1st","","conyza.sp",NA,"W","N","20090618"
"7A","1st","","corchorus.sp",NA,"W","N","20090618"
"7A","1st","","crotelaria.sp",NA,"W","N","20090618"
"7A","1st","","cyathula.orthacantha",NA,"W","N","20090618"
"7A","1st","","dyscoriste.radicans",NA,"W","N","20090618"
"7A","1st","","euphorbia.inaequilatera",NA,"W","N","20090618"
"7A","1st","","evolvulus.alsinoides",NA,"W","N","20090618"
"7A","1st","","fern",NA,"W","N","20090618"
"7A","1st","","gutenbergia.sp",NA,"W","N","20090618"
"7A","1st","","hermannia.uhligii",NA,"W","N","20090618"
"7A","1st","","hibiscus.flavifolius",NA,"W","N","20090618"
"7A","1st","","hibiscus.trionum",NA,"W","N","20090618"
"7A","1st","","indigofera.brevicalyx",NA,"W","N","20090618"
"7A","1st","","indigofera.schimperi",NA,"W","N","20090618"
"7A","1st","","ipomea.sinensis",NA,"W","N","20090618"
"7A","1st","","justicia.dichipteroides",NA,"W","N","20090618"
"7A","1st","","k",NA,"W","N","20090618"
"7A","1st","","kyllinga.sp",NA,"W","N","20090618"
"7A","1st","","leucas.glabrata",NA,"W","N","20090618"
"7A","1st","","leucas.martiniscensis",NA,"W","N","20090618"
"7A","1st","","lily.a",NA,"W","N","20090618"
"7A","1st","","lily.b",NA,"W","N","20090618"
"7A","1st","","lippia.javanica",NA,"W","N","20090618"
"7A","1st","","melhania.spp.",NA,"W","N","20090618"
"7A","1st","","misopates.orontium",NA,"W","N","20090618"
"7A","1st","","mollugo.nudicaulis",NA,"W","N","20090618"
"7A","1st","","monechima.debile",NA,"W","N","20090618"
"7A","1st","","monsonia.augustifolia",NA,"W","N","20090618"
"7A","1st","","ocimum.sp",NA,"W","N","20090618"
"7A","1st","","osteospermum.vaillantii",NA,"W","N","20090618"
"7A","1st","","oxygonum.sinuatum",NA,"W","N","20090618"
"7A","1st","","pavonia.patens",NA,"W","N","20090618"
"7A","1st","","pelargonium.alchemilloides",NA,"W","N","20090618"
"7A","1st","","pentanisia.ouranogyne",NA,"W","N","20090618"
"7A","1st","","phyllanthus.maderaspatensis",NA,"W","N","20090618"
"7A","1st","","plectranthus.spp",NA,"W","N","20090618"
"7A","1st","","pollichia.campestris",NA,"W","N","20090618"
"7A","1st","","polygala..l.",NA,"W","N","20090618"
"7A","1st","","polygala.sphenoptera",NA,"W","N","20090618"
"7A","1st","","portulaca.oleracea",NA,"W","N","20090618"
"7A","1st","","portulaca.quadrifida",NA,"W","N","20090618"
"7A","1st","","pseudognaphalium..helichrysum.glumaceum.",NA,"W","N","20090618"
"7A","1st","","psilotrichum.schimperi",NA,"W","N","20090618"
"7A","1st","","rhinacanthus.ndorensis",NA,"W","N","20090618"
"7A","1st","","rhynchosia.holstii",2,"W","N","20090618"
"7A","1st","","schkuhria.pinnata",NA,"W","N","20090618"
"7A","1st","","sida.2",NA,"W","N","20090618"
"7A","1st","","sida.cuneifolia",NA,"W","N","20090618"
"7A","1st","","solanum.incanum",NA,"W","N","20090618"
"7A","1st","","solanum.indicum",NA,"W","N","20090618"
"7A","1st","","tribulus.terrestris",NA,"W","N","20090618"
"7A","1st","","u",NA,"W","N","20090618"
"7A","1st","","w",NA,"W","N","20090618"
"7A","1st","","x_4",NA,"W","N","20090618"
"7A","1st","","x_5",NA,"W","N","20090618"
"7A","1st","","x_6",NA,"W","N","20090618"
"7A","1st","","x_7",NA,"W","N","20090618"
"7A","1st","","x_8",NA,"W","N","20090618"
"7C","1st","","bracharia.lacnantha",NA,"W","N","20090618"
"7C","1st","","lintonia.nutans",NA,"W","N","20090618"
"7C","1st","","pennisetum.mezianum",NA,"W","N","20090618"
"7C","1st","","pennisetum.straminium",NA,"W","N","20090618"
"7C","1st","","themeda.triandra",NA,"W","N","20090618"
"7C","1st","","bare",NA,"W","N","20090618"
"7C","1st","","x_2",NA,"W","N","20090618"
"7C","1st","","aristida.kenyensis",NA,"W","N","20090618"
"7C","1st","","bothriochloa.insculpta",NA,"W","N","20090618"
"7C","1st","","bracharia.3",NA,"W","N","20090618"
"7C","1st","","bracharia.eruciformis",1,"W","N","20090618"
"7C","1st","","chloris.sp",NA,"W","N","20090618"
"7C","1st","","cynodon.dactylon",NA,"W","N","20090618"
"7C","1st","","cynodon.plectostachyus",NA,"W","N","20090618"
"7C","1st","","cyperus...mariscus.spp",NA,"W","N","20090618"
"7C","1st","","digitaria.2",NA,"W","N","20090618"
"7C","1st","","digitaria.milanjiana",NA,"W","N","20090618"
"7C","1st","","dinebra.retroflexa",NA,"W","N","20090618"
"7C","1st","","eragrostis.tenuifolia",NA,"W","N","20090618"
"7C","1st","","harpachne.schimperi",NA,"W","N","20090618"
"7C","1st","","microchloa.kunthii",NA,"W","N","20090618"
"7C","1st","","panicum.astrosanguinum",NA,"W","N","20090618"
"7C","1st","","setaria.acromelaena..small.",NA,"W","N","20090618"
"7C","1st","","setaria.sphaecealata..big.",NA,"W","N","20090618"
"7C","1st","","sporobolus.pyramidalis",NA,"W","N","20090618"
"7C","1st","","tragus.berteronianus",NA,"W","N","20090618"
"7C","1st","","x_3",NA,"W","N","20090618"
"7C","1st","","acalypha.crenata",NA,"W","N","20090618"
"7C","1st","","aerva.lanata",NA,"W","N","20090618"
"7C","1st","","amaranthus.hibridus",NA,"W","N","20090618"
"7C","1st","","aspilia.pluriseta",NA,"W","N","20090618"
"7C","1st","","asterolinon.adoense..v.",NA,"W","N","20090618"
"7C","1st","","caralluma.acutangula",NA,"W","N","20090618"
"7C","1st","","chenopodium.opulifolium",NA,"W","N","20090618"
"7C","1st","","chenopodium.schraderianum",NA,"W","N","20090618"
"7C","1st","","commelina.spp",NA,"W","N","20090618"
"7C","1st","","commicarpus.pedunculosus",NA,"W","N","20090618"
"7C","1st","","conyza.sp",NA,"W","N","20090618"
"7C","1st","","corchorus.sp",NA,"W","N","20090618"
"7C","1st","","crotelaria.sp",NA,"W","N","20090618"
"7C","1st","","cyathula.orthacantha",NA,"W","N","20090618"
"7C","1st","","dyscoriste.radicans",NA,"W","N","20090618"
"7C","1st","","euphorbia.inaequilatera",NA,"W","N","20090618"
"7C","1st","","evolvulus.alsinoides",NA,"W","N","20090618"
"7C","1st","","fern",NA,"W","N","20090618"
"7C","1st","","gutenbergia.sp",NA,"W","N","20090618"
"7C","1st","","hermannia.uhligii",NA,"W","N","20090618"
"7C","1st","","hibiscus.flavifolius",NA,"W","N","20090618"
"7C","1st","","hibiscus.trionum",NA,"W","N","20090618"
"7C","1st","","indigofera.brevicalyx",NA,"W","N","20090618"
"7C","1st","","indigofera.schimperi",NA,"W","N","20090618"
"7C","1st","","ipomea.sinensis",NA,"W","N","20090618"
"7C","1st","","justicia.dichipteroides",NA,"W","N","20090618"
"7C","1st","","k",NA,"W","N","20090618"
"7C","1st","","kyllinga.sp",NA,"W","N","20090618"
"7C","1st","","leucas.glabrata",NA,"W","N","20090618"
"7C","1st","","leucas.martiniscensis",NA,"W","N","20090618"
"7C","1st","","lily.a",NA,"W","N","20090618"
"7C","1st","","lily.b",NA,"W","N","20090618"
"7C","1st","","lippia.javanica",NA,"W","N","20090618"
"7C","1st","","melhania.spp.",NA,"W","N","20090618"
"7C","1st","","misopates.orontium",NA,"W","N","20090618"
"7C","1st","","mollugo.nudicaulis",NA,"W","N","20090618"
"7C","1st","","monechima.debile",NA,"W","N","20090618"
"7C","1st","","monsonia.augustifolia",NA,"W","N","20090618"
"7C","1st","","ocimum.sp",NA,"W","N","20090618"
"7C","1st","","osteospermum.vaillantii",NA,"W","N","20090618"
"7C","1st","","oxygonum.sinuatum",NA,"W","N","20090618"
"7C","1st","","pavonia.patens",NA,"W","N","20090618"
"7C","1st","","pelargonium.alchemilloides",NA,"W","N","20090618"
"7C","1st","","pentanisia.ouranogyne",NA,"W","N","20090618"
"7C","1st","","phyllanthus.maderaspatensis",NA,"W","N","20090618"
"7C","1st","","plectranthus.spp",NA,"W","N","20090618"
"7C","1st","","pollichia.campestris",NA,"W","N","20090618"
"7C","1st","","polygala..l.",NA,"W","N","20090618"
"7C","1st","","polygala.sphenoptera",NA,"W","N","20090618"
"7C","1st","","portulaca.oleracea",NA,"W","N","20090618"
"7C","1st","","portulaca.quadrifida",NA,"W","N","20090618"
"7C","1st","","pseudognaphalium..helichrysum.glumaceum.",NA,"W","N","20090618"
"7C","1st","","psilotrichum.schimperi",NA,"W","N","20090618"
"7C","1st","","rhinacanthus.ndorensis",NA,"W","N","20090618"
"7C","1st","","rhynchosia.holstii",1,"W","N","20090618"
"7C","1st","","schkuhria.pinnata",NA,"W","N","20090618"
"7C","1st","","sida.2",NA,"W","N","20090618"
"7C","1st","","sida.cuneifolia",NA,"W","N","20090618"
"7C","1st","","solanum.incanum",NA,"W","N","20090618"
"7C","1st","","solanum.indicum",NA,"W","N","20090618"
"7C","1st","","tribulus.terrestris",NA,"W","N","20090618"
"7C","1st","","u",NA,"W","N","20090618"
"7C","1st","","w",NA,"W","N","20090618"
"7C","1st","","x_4",NA,"W","N","20090618"
"7C","1st","","x_5",NA,"W","N","20090618"
"7C","1st","","x_6",NA,"W","N","20090618"
"7C","1st","","x_7",NA,"W","N","20090618"
"7C","1st","","x_8",NA,"W","N","20090618"
"7E","1st","","bracharia.lacnantha",NA,"W","N","20090618"
"7E","1st","","lintonia.nutans",NA,"W","N","20090618"
"7E","1st","","pennisetum.mezianum",NA,"W","N","20090618"
"7E","1st","","pennisetum.straminium",NA,"W","N","20090618"
"7E","1st","","themeda.triandra",NA,"W","N","20090618"
"7E","1st","","bare",NA,"W","N","20090618"
"7E","1st","","x_2",NA,"W","N","20090618"
"7E","1st","","aristida.kenyensis",NA,"W","N","20090618"
"7E","1st","","bothriochloa.insculpta",NA,"W","N","20090618"
"7E","1st","","bracharia.3",NA,"W","N","20090618"
"7E","1st","","bracharia.eruciformis",NA,"W","N","20090618"
"7E","1st","","chloris.sp",NA,"W","N","20090618"
"7E","1st","","cynodon.dactylon",NA,"W","N","20090618"
"7E","1st","","cynodon.plectostachyus",NA,"W","N","20090618"
"7E","1st","","cyperus...mariscus.spp",NA,"W","N","20090618"
"7E","1st","","digitaria.2",NA,"W","N","20090618"
"7E","1st","","digitaria.milanjiana",NA,"W","N","20090618"
"7E","1st","","dinebra.retroflexa",NA,"W","N","20090618"
"7E","1st","","eragrostis.tenuifolia",NA,"W","N","20090618"
"7E","1st","","harpachne.schimperi",NA,"W","N","20090618"
"7E","1st","","microchloa.kunthii",NA,"W","N","20090618"
"7E","1st","","panicum.astrosanguinum",NA,"W","N","20090618"
"7E","1st","","setaria.acromelaena..small.",NA,"W","N","20090618"
"7E","1st","","setaria.sphaecealata..big.",NA,"W","N","20090618"
"7E","1st","","sporobolus.pyramidalis",NA,"W","N","20090618"
"7E","1st","","tragus.berteronianus",NA,"W","N","20090618"
"7E","1st","","x_3",NA,"W","N","20090618"
"7E","1st","","acalypha.crenata",NA,"W","N","20090618"
"7E","1st","","aerva.lanata",NA,"W","N","20090618"
"7E","1st","","amaranthus.hibridus",NA,"W","N","20090618"
"7E","1st","","aspilia.pluriseta",NA,"W","N","20090618"
"7E","1st","","asterolinon.adoense..v.",NA,"W","N","20090618"
"7E","1st","","caralluma.acutangula",NA,"W","N","20090618"
"7E","1st","","chenopodium.opulifolium",NA,"W","N","20090618"
"7E","1st","","chenopodium.schraderianum",NA,"W","N","20090618"
"7E","1st","","commelina.spp",NA,"W","N","20090618"
"7E","1st","","commicarpus.pedunculosus",NA,"W","N","20090618"
"7E","1st","","conyza.sp",NA,"W","N","20090618"
"7E","1st","","corchorus.sp",NA,"W","N","20090618"
"7E","1st","","crotelaria.sp",NA,"W","N","20090618"
"7E","1st","","cyathula.orthacantha",NA,"W","N","20090618"
"7E","1st","","dyscoriste.radicans",NA,"W","N","20090618"
"7E","1st","","euphorbia.inaequilatera",NA,"W","N","20090618"
"7E","1st","","evolvulus.alsinoides",NA,"W","N","20090618"
"7E","1st","","fern",NA,"W","N","20090618"
"7E","1st","","gutenbergia.sp",NA,"W","N","20090618"
"7E","1st","","hermannia.uhligii",NA,"W","N","20090618"
"7E","1st","","hibiscus.flavifolius",NA,"W","N","20090618"
"7E","1st","","hibiscus.trionum",NA,"W","N","20090618"
"7E","1st","","indigofera.brevicalyx",NA,"W","N","20090618"
"7E","1st","","indigofera.schimperi",NA,"W","N","20090618"
"7E","1st","","ipomea.sinensis",NA,"W","N","20090618"
"7E","1st","","justicia.dichipteroides",NA,"W","N","20090618"
"7E","1st","","k",NA,"W","N","20090618"
"7E","1st","","kyllinga.sp",NA,"W","N","20090618"
"7E","1st","","leucas.glabrata",NA,"W","N","20090618"
"7E","1st","","leucas.martiniscensis",NA,"W","N","20090618"
"7E","1st","","lily.a",NA,"W","N","20090618"
"7E","1st","","lily.b",NA,"W","N","20090618"
"7E","1st","","lippia.javanica",NA,"W","N","20090618"
"7E","1st","","melhania.spp.",NA,"W","N","20090618"
"7E","1st","","misopates.orontium",NA,"W","N","20090618"
"7E","1st","","mollugo.nudicaulis",NA,"W","N","20090618"
"7E","1st","","monechima.debile",NA,"W","N","20090618"
"7E","1st","","monsonia.augustifolia",NA,"W","N","20090618"
"7E","1st","","ocimum.sp",NA,"W","N","20090618"
"7E","1st","","osteospermum.vaillantii",NA,"W","N","20090618"
"7E","1st","","oxygonum.sinuatum",NA,"W","N","20090618"
"7E","1st","","pavonia.patens",NA,"W","N","20090618"
"7E","1st","","pelargonium.alchemilloides",NA,"W","N","20090618"
"7E","1st","","pentanisia.ouranogyne",NA,"W","N","20090618"
"7E","1st","","phyllanthus.maderaspatensis",NA,"W","N","20090618"
"7E","1st","","plectranthus.spp",NA,"W","N","20090618"
"7E","1st","","pollichia.campestris",NA,"W","N","20090618"
"7E","1st","","polygala..l.",NA,"W","N","20090618"
"7E","1st","","polygala.sphenoptera",NA,"W","N","20090618"
"7E","1st","","portulaca.oleracea",NA,"W","N","20090618"
"7E","1st","","portulaca.quadrifida",NA,"W","N","20090618"
"7E","1st","","pseudognaphalium..helichrysum.glumaceum.",NA,"W","N","20090618"
"7E","1st","","psilotrichum.schimperi",NA,"W","N","20090618"
"7E","1st","","rhinacanthus.ndorensis",NA,"W","N","20090618"
"7E","1st","","rhynchosia.holstii",NA,"W","N","20090618"
"7E","1st","","schkuhria.pinnata",NA,"W","N","20090618"
"7E","1st","","sida.2",NA,"W","N","20090618"
"7E","1st","","sida.cuneifolia",NA,"W","N","20090618"
"7E","1st","","solanum.incanum",NA,"W","N","20090618"
"7E","1st","","solanum.indicum",NA,"W","N","20090618"
"7E","1st","","tribulus.terrestris",NA,"W","N","20090618"
"7E","1st","","u",NA,"W","N","20090618"
"7E","1st","","w",NA,"W","N","20090618"
"7E","1st","","x_4",NA,"W","N","20090618"
"7E","1st","","x_5",NA,"W","N","20090618"
"7E","1st","","x_6",NA,"W","N","20090618"
"7E","1st","","x_7",NA,"W","N","20090618"
"7E","1st","","x_8",NA,"W","N","20090618"
"7G","1st","","bracharia.lacnantha",NA,"W","N","20090618"
"7G","1st","","lintonia.nutans",NA,"W","N","20090618"
"7G","1st","","pennisetum.mezianum",NA,"W","N","20090618"
"7G","1st","","pennisetum.straminium",NA,"W","N","20090618"
"7G","1st","","themeda.triandra",NA,"W","N","20090618"
"7G","1st","","bare",1,"W","N","20090618"
"7G","1st","","x_2",NA,"W","N","20090618"
"7G","1st","","aristida.kenyensis",NA,"W","N","20090618"
"7G","1st","","bothriochloa.insculpta",NA,"W","N","20090618"
"7G","1st","","bracharia.3",NA,"W","N","20090618"
"7G","1st","","bracharia.eruciformis",NA,"W","N","20090618"
"7G","1st","","chloris.sp",NA,"W","N","20090618"
"7G","1st","","cynodon.dactylon",NA,"W","N","20090618"
"7G","1st","","cynodon.plectostachyus",NA,"W","N","20090618"
"7G","1st","","cyperus...mariscus.spp",NA,"W","N","20090618"
"7G","1st","","digitaria.2",NA,"W","N","20090618"
"7G","1st","","digitaria.milanjiana",NA,"W","N","20090618"
"7G","1st","","dinebra.retroflexa",NA,"W","N","20090618"
"7G","1st","","eragrostis.tenuifolia",NA,"W","N","20090618"
"7G","1st","","harpachne.schimperi",NA,"W","N","20090618"
"7G","1st","","microchloa.kunthii",NA,"W","N","20090618"
"7G","1st","","panicum.astrosanguinum",NA,"W","N","20090618"
"7G","1st","","setaria.acromelaena..small.",NA,"W","N","20090618"
"7G","1st","","setaria.sphaecealata..big.",NA,"W","N","20090618"
"7G","1st","","sporobolus.pyramidalis",NA,"W","N","20090618"
"7G","1st","","tragus.berteronianus",NA,"W","N","20090618"
"7G","1st","","x_3",NA,"W","N","20090618"
"7G","1st","","acalypha.crenata",NA,"W","N","20090618"
"7G","1st","","aerva.lanata",NA,"W","N","20090618"
"7G","1st","","amaranthus.hibridus",NA,"W","N","20090618"
"7G","1st","","aspilia.pluriseta",NA,"W","N","20090618"
"7G","1st","","asterolinon.adoense..v.",NA,"W","N","20090618"
"7G","1st","","caralluma.acutangula",NA,"W","N","20090618"
"7G","1st","","chenopodium.opulifolium",NA,"W","N","20090618"
"7G","1st","","chenopodium.schraderianum",NA,"W","N","20090618"
"7G","1st","","commelina.spp",NA,"W","N","20090618"
"7G","1st","","commicarpus.pedunculosus",NA,"W","N","20090618"
"7G","1st","","conyza.sp",NA,"W","N","20090618"
"7G","1st","","corchorus.sp",NA,"W","N","20090618"
"7G","1st","","crotelaria.sp",NA,"W","N","20090618"
"7G","1st","","cyathula.orthacantha",NA,"W","N","20090618"
"7G","1st","","dyscoriste.radicans",NA,"W","N","20090618"
"7G","1st","","euphorbia.inaequilatera",NA,"W","N","20090618"
"7G","1st","","evolvulus.alsinoides",NA,"W","N","20090618"
"7G","1st","","fern",NA,"W","N","20090618"
"7G","1st","","gutenbergia.sp",NA,"W","N","20090618"
"7G","1st","","hermannia.uhligii",NA,"W","N","20090618"
"7G","1st","","hibiscus.flavifolius",NA,"W","N","20090618"
"7G","1st","","hibiscus.trionum",NA,"W","N","20090618"
"7G","1st","","indigofera.brevicalyx",NA,"W","N","20090618"
"7G","1st","","indigofera.schimperi",NA,"W","N","20090618"
"7G","1st","","ipomea.sinensis",NA,"W","N","20090618"
"7G","1st","","justicia.dichipteroides",NA,"W","N","20090618"
"7G","1st","","k",NA,"W","N","20090618"
"7G","1st","","kyllinga.sp",NA,"W","N","20090618"
"7G","1st","","leucas.glabrata",NA,"W","N","20090618"
"7G","1st","","leucas.martiniscensis",NA,"W","N","20090618"
"7G","1st","","lily.a",NA,"W","N","20090618"
"7G","1st","","lily.b",NA,"W","N","20090618"
"7G","1st","","lippia.javanica",NA,"W","N","20090618"
"7G","1st","","melhania.spp.",NA,"W","N","20090618"
"7G","1st","","misopates.orontium",NA,"W","N","20090618"
"7G","1st","","mollugo.nudicaulis",NA,"W","N","20090618"
"7G","1st","","monechima.debile",NA,"W","N","20090618"
"7G","1st","","monsonia.augustifolia",NA,"W","N","20090618"
"7G","1st","","ocimum.sp",NA,"W","N","20090618"
"7G","1st","","osteospermum.vaillantii",NA,"W","N","20090618"
"7G","1st","","oxygonum.sinuatum",NA,"W","N","20090618"
"7G","1st","","pavonia.patens",NA,"W","N","20090618"
"7G","1st","","pelargonium.alchemilloides",NA,"W","N","20090618"
"7G","1st","","pentanisia.ouranogyne",NA,"W","N","20090618"
"7G","1st","","phyllanthus.maderaspatensis",NA,"W","N","20090618"
"7G","1st","","plectranthus.spp",NA,"W","N","20090618"
"7G","1st","","pollichia.campestris",NA,"W","N","20090618"
"7G","1st","","polygala..l.",NA,"W","N","20090618"
"7G","1st","","polygala.sphenoptera",NA,"W","N","20090618"
"7G","1st","","portulaca.oleracea",NA,"W","N","20090618"
"7G","1st","","portulaca.quadrifida",NA,"W","N","20090618"
"7G","1st","","pseudognaphalium..helichrysum.glumaceum.",NA,"W","N","20090618"
"7G","1st","","psilotrichum.schimperi",NA,"W","N","20090618"
"7G","1st","","rhinacanthus.ndorensis",NA,"W","N","20090618"
"7G","1st","","rhynchosia.holstii",NA,"W","N","20090618"
"7G","1st","","schkuhria.pinnata",3,"W","N","20090618"
"7G","1st","","sida.2",NA,"W","N","20090618"
"7G","1st","","sida.cuneifolia",NA,"W","N","20090618"
"7G","1st","","solanum.incanum",NA,"W","N","20090618"
"7G","1st","","solanum.indicum",NA,"W","N","20090618"
"7G","1st","","tribulus.terrestris",NA,"W","N","20090618"
"7G","1st","","u",NA,"W","N","20090618"
"7G","1st","","w",NA,"W","N","20090618"
"7G","1st","","x_4",NA,"W","N","20090618"
"7G","1st","","x_5",NA,"W","N","20090618"
"7G","1st","","x_6",NA,"W","N","20090618"
"7G","1st","","x_7",NA,"W","N","20090618"
"7G","1st","","x_8",NA,"W","N","20090618"
"7I","1st","","bracharia.lacnantha",NA,"W","N","20090618"
"7I","1st","","lintonia.nutans",NA,"W","N","20090618"
"7I","1st","","pennisetum.mezianum",NA,"W","N","20090618"
"7I","1st","","pennisetum.straminium",NA,"W","N","20090618"
"7I","1st","","themeda.triandra",NA,"W","N","20090618"
"7I","1st","","bare",NA,"W","N","20090618"
"7I","1st","","x_2",NA,"W","N","20090618"
"7I","1st","","aristida.kenyensis",NA,"W","N","20090618"
"7I","1st","","bothriochloa.insculpta",NA,"W","N","20090618"
"7I","1st","","bracharia.3",NA,"W","N","20090618"
"7I","1st","","bracharia.eruciformis",NA,"W","N","20090618"
"7I","1st","","chloris.sp",NA,"W","N","20090618"
"7I","1st","","cynodon.dactylon",NA,"W","N","20090618"
"7I","1st","","cynodon.plectostachyus",NA,"W","N","20090618"
"7I","1st","","cyperus...mariscus.spp",NA,"W","N","20090618"
"7I","1st","","digitaria.2",NA,"W","N","20090618"
"7I","1st","","digitaria.milanjiana",NA,"W","N","20090618"
"7I","1st","","dinebra.retroflexa",NA,"W","N","20090618"
"7I","1st","","eragrostis.tenuifolia",NA,"W","N","20090618"
"7I","1st","","harpachne.schimperi",NA,"W","N","20090618"
"7I","1st","","microchloa.kunthii",NA,"W","N","20090618"
"7I","1st","","panicum.astrosanguinum",NA,"W","N","20090618"
"7I","1st","","setaria.acromelaena..small.",NA,"W","N","20090618"
"7I","1st","","setaria.sphaecealata..big.",NA,"W","N","20090618"
"7I","1st","","sporobolus.pyramidalis",NA,"W","N","20090618"
"7I","1st","","tragus.berteronianus",NA,"W","N","20090618"
"7I","1st","","x_3",NA,"W","N","20090618"
"7I","1st","","acalypha.crenata",NA,"W","N","20090618"
"7I","1st","","aerva.lanata",NA,"W","N","20090618"
"7I","1st","","amaranthus.hibridus",NA,"W","N","20090618"
"7I","1st","","aspilia.pluriseta",NA,"W","N","20090618"
"7I","1st","","asterolinon.adoense..v.",NA,"W","N","20090618"
"7I","1st","","caralluma.acutangula",NA,"W","N","20090618"
"7I","1st","","chenopodium.opulifolium",NA,"W","N","20090618"
"7I","1st","","chenopodium.schraderianum",NA,"W","N","20090618"
"7I","1st","","commelina.spp",NA,"W","N","20090618"
"7I","1st","","commicarpus.pedunculosus",NA,"W","N","20090618"
"7I","1st","","conyza.sp",NA,"W","N","20090618"
"7I","1st","","corchorus.sp",NA,"W","N","20090618"
"7I","1st","","crotelaria.sp",NA,"W","N","20090618"
"7I","1st","","cyathula.orthacantha",NA,"W","N","20090618"
"7I","1st","","dyscoriste.radicans",NA,"W","N","20090618"
"7I","1st","","euphorbia.inaequilatera",NA,"W","N","20090618"
"7I","1st","","evolvulus.alsinoides",NA,"W","N","20090618"
"7I","1st","","fern",NA,"W","N","20090618"
"7I","1st","","gutenbergia.sp",NA,"W","N","20090618"
"7I","1st","","hermannia.uhligii",NA,"W","N","20090618"
"7I","1st","","hibiscus.flavifolius",NA,"W","N","20090618"
"7I","1st","","hibiscus.trionum",NA,"W","N","20090618"
"7I","1st","","indigofera.brevicalyx",NA,"W","N","20090618"
"7I","1st","","indigofera.schimperi",NA,"W","N","20090618"
"7I","1st","","ipomea.sinensis",NA,"W","N","20090618"
"7I","1st","","justicia.dichipteroides",NA,"W","N","20090618"
"7I","1st","","k",NA,"W","N","20090618"
"7I","1st","","kyllinga.sp",NA,"W","N","20090618"
"7I","1st","","leucas.glabrata",NA,"W","N","20090618"
"7I","1st","","leucas.martiniscensis",NA,"W","N","20090618"
"7I","1st","","lily.a",NA,"W","N","20090618"
"7I","1st","","lily.b",NA,"W","N","20090618"
"7I","1st","","lippia.javanica",NA,"W","N","20090618"
"7I","1st","","melhania.spp.",NA,"W","N","20090618"
"7I","1st","","misopates.orontium",NA,"W","N","20090618"
"7I","1st","","mollugo.nudicaulis",NA,"W","N","20090618"
"7I","1st","","monechima.debile",NA,"W","N","20090618"
"7I","1st","","monsonia.augustifolia",NA,"W","N","20090618"
"7I","1st","","ocimum.sp",NA,"W","N","20090618"
"7I","1st","","osteospermum.vaillantii",NA,"W","N","20090618"
"7I","1st","","oxygonum.sinuatum",NA,"W","N","20090618"
"7I","1st","","pavonia.patens",NA,"W","N","20090618"
"7I","1st","","pelargonium.alchemilloides",NA,"W","N","20090618"
"7I","1st","","pentanisia.ouranogyne",NA,"W","N","20090618"
"7I","1st","","phyllanthus.maderaspatensis",NA,"W","N","20090618"
"7I","1st","","plectranthus.spp",NA,"W","N","20090618"
"7I","1st","","pollichia.campestris",NA,"W","N","20090618"
"7I","1st","","polygala..l.",NA,"W","N","20090618"
"7I","1st","","polygala.sphenoptera",NA,"W","N","20090618"
"7I","1st","","portulaca.oleracea",NA,"W","N","20090618"
"7I","1st","","portulaca.quadrifida",NA,"W","N","20090618"
"7I","1st","","pseudognaphalium..helichrysum.glumaceum.",NA,"W","N","20090618"
"7I","1st","","psilotrichum.schimperi",NA,"W","N","20090618"
"7I","1st","","rhinacanthus.ndorensis",NA,"W","N","20090618"
"7I","1st","","rhynchosia.holstii",NA,"W","N","20090618"
"7I","1st","","schkuhria.pinnata",NA,"W","N","20090618"
"7I","1st","","sida.2",NA,"W","N","20090618"
"7I","1st","","sida.cuneifolia",NA,"W","N","20090618"
"7I","1st","","solanum.incanum",NA,"W","N","20090618"
"7I","1st","","solanum.indicum",NA,"W","N","20090618"
"7I","1st","","tribulus.terrestris",NA,"W","N","20090618"
"7I","1st","","u",NA,"W","N","20090618"
"7I","1st","","w",NA,"W","N","20090618"
"7I","1st","","x_4",NA,"W","N","20090618"
"7I","1st","","x_5",NA,"W","N","20090618"
"7I","1st","","x_6",NA,"W","N","20090618"
"7I","1st","","x_7",NA,"W","N","20090618"
"7I","1st","","x_8",NA,"W","N","20090618"
"8J","1st","","bracharia.lacnantha",9,"W","N","20090618"
"8J","1st","","lintonia.nutans",NA,"W","N","20090618"
"8J","1st","","pennisetum.mezianum",NA,"W","N","20090618"
"8J","1st","","pennisetum.straminium",NA,"W","N","20090618"
"8J","1st","","themeda.triandra",NA,"W","N","20090618"
"8J","1st","","bare",NA,"W","N","20090618"
"8J","1st","","x_2",NA,"W","N","20090618"
"8J","1st","","aristida.kenyensis",NA,"W","N","20090618"
"8J","1st","","bothriochloa.insculpta",NA,"W","N","20090618"
"8J","1st","","bracharia.3",NA,"W","N","20090618"
"8J","1st","","bracharia.eruciformis",NA,"W","N","20090618"
"8J","1st","","chloris.sp",NA,"W","N","20090618"
"8J","1st","","cynodon.dactylon",NA,"W","N","20090618"
"8J","1st","","cynodon.plectostachyus",NA,"W","N","20090618"
"8J","1st","","cyperus...mariscus.spp",NA,"W","N","20090618"
"8J","1st","","digitaria.2",NA,"W","N","20090618"
"8J","1st","","digitaria.milanjiana",NA,"W","N","20090618"
"8J","1st","","dinebra.retroflexa",NA,"W","N","20090618"
"8J","1st","","eragrostis.tenuifolia",NA,"W","N","20090618"
"8J","1st","","harpachne.schimperi",NA,"W","N","20090618"
"8J","1st","","microchloa.kunthii",NA,"W","N","20090618"
"8J","1st","","panicum.astrosanguinum",NA,"W","N","20090618"
"8J","1st","","setaria.acromelaena..small.",NA,"W","N","20090618"
"8J","1st","","setaria.sphaecealata..big.",NA,"W","N","20090618"
"8J","1st","","sporobolus.pyramidalis",NA,"W","N","20090618"
"8J","1st","","tragus.berteronianus",NA,"W","N","20090618"
"8J","1st","","x_3",NA,"W","N","20090618"
"8J","1st","","acalypha.crenata",NA,"W","N","20090618"
"8J","1st","","aerva.lanata",NA,"W","N","20090618"
"8J","1st","","amaranthus.hibridus",NA,"W","N","20090618"
"8J","1st","","aspilia.pluriseta",NA,"W","N","20090618"
"8J","1st","","asterolinon.adoense..v.",NA,"W","N","20090618"
"8J","1st","","caralluma.acutangula",NA,"W","N","20090618"
"8J","1st","","chenopodium.opulifolium",NA,"W","N","20090618"
"8J","1st","","chenopodium.schraderianum",NA,"W","N","20090618"
"8J","1st","","commelina.spp",NA,"W","N","20090618"
"8J","1st","","commicarpus.pedunculosus",NA,"W","N","20090618"
"8J","1st","","conyza.sp",NA,"W","N","20090618"
"8J","1st","","corchorus.sp",NA,"W","N","20090618"
"8J","1st","","crotelaria.sp",NA,"W","N","20090618"
"8J","1st","","cyathula.orthacantha",NA,"W","N","20090618"
"8J","1st","","dyscoriste.radicans",NA,"W","N","20090618"
"8J","1st","","euphorbia.inaequilatera",NA,"W","N","20090618"
"8J","1st","","evolvulus.alsinoides",NA,"W","N","20090618"
"8J","1st","","fern",NA,"W","N","20090618"
"8J","1st","","gutenbergia.sp",NA,"W","N","20090618"
"8J","1st","","hermannia.uhligii",NA,"W","N","20090618"
"8J","1st","","hibiscus.flavifolius",NA,"W","N","20090618"
"8J","1st","","hibiscus.trionum",NA,"W","N","20090618"
"8J","1st","","indigofera.brevicalyx",NA,"W","N","20090618"
"8J","1st","","indigofera.schimperi",NA,"W","N","20090618"
"8J","1st","","ipomea.sinensis",NA,"W","N","20090618"
"8J","1st","","justicia.dichipteroides",NA,"W","N","20090618"
"8J","1st","","k",NA,"W","N","20090618"
"8J","1st","","kyllinga.sp",NA,"W","N","20090618"
"8J","1st","","leucas.glabrata",NA,"W","N","20090618"
"8J","1st","","leucas.martiniscensis",NA,"W","N","20090618"
"8J","1st","","lily.a",NA,"W","N","20090618"
"8J","1st","","lily.b",NA,"W","N","20090618"
"8J","1st","","lippia.javanica",NA,"W","N","20090618"
"8J","1st","","melhania.spp.",NA,"W","N","20090618"
"8J","1st","","misopates.orontium",NA,"W","N","20090618"
"8J","1st","","mollugo.nudicaulis",NA,"W","N","20090618"
"8J","1st","","monechima.debile",NA,"W","N","20090618"
"8J","1st","","monsonia.augustifolia",NA,"W","N","20090618"
"8J","1st","","ocimum.sp",NA,"W","N","20090618"
"8J","1st","","osteospermum.vaillantii",NA,"W","N","20090618"
"8J","1st","","oxygonum.sinuatum",NA,"W","N","20090618"
"8J","1st","","pavonia.patens",NA,"W","N","20090618"
"8J","1st","","pelargonium.alchemilloides",NA,"W","N","20090618"
"8J","1st","","pentanisia.ouranogyne",NA,"W","N","20090618"
"8J","1st","","phyllanthus.maderaspatensis",NA,"W","N","20090618"
"8J","1st","","plectranthus.spp",NA,"W","N","20090618"
"8J","1st","","pollichia.campestris",NA,"W","N","20090618"
"8J","1st","","polygala..l.",NA,"W","N","20090618"
"8J","1st","","polygala.sphenoptera",NA,"W","N","20090618"
"8J","1st","","portulaca.oleracea",NA,"W","N","20090618"
"8J","1st","","portulaca.quadrifida",NA,"W","N","20090618"
"8J","1st","","pseudognaphalium..helichrysum.glumaceum.",2,"W","N","20090618"
"8J","1st","","psilotrichum.schimperi",NA,"W","N","20090618"
"8J","1st","","rhinacanthus.ndorensis",NA,"W","N","20090618"
"8J","1st","","rhynchosia.holstii",NA,"W","N","20090618"
"8J","1st","","schkuhria.pinnata",NA,"W","N","20090618"
"8J","1st","","sida.2",NA,"W","N","20090618"
"8J","1st","","sida.cuneifolia",NA,"W","N","20090618"
"8J","1st","","solanum.incanum",NA,"W","N","20090618"
"8J","1st","","solanum.indicum",NA,"W","N","20090618"
"8J","1st","","tribulus.terrestris",NA,"W","N","20090618"
"8J","1st","","u",NA,"W","N","20090618"
"8J","1st","","w",NA,"W","N","20090618"
"8J","1st","","x_4",NA,"W","N","20090618"
"8J","1st","","x_5",NA,"W","N","20090618"
"8J","1st","","x_6",NA,"W","N","20090618"
"8J","1st","","x_7",NA,"W","N","20090618"
"8J","1st","","x_8",NA,"W","N","20090618"
"8H","1st","","bracharia.lacnantha",6,"W","N","20090618"
"8H","1st","","lintonia.nutans",NA,"W","N","20090618"
"8H","1st","","pennisetum.mezianum",2,"W","N","20090618"
"8H","1st","","pennisetum.straminium",NA,"W","N","20090618"
"8H","1st","","themeda.triandra",NA,"W","N","20090618"
"8H","1st","","bare",2,"W","N","20090618"
"8H","1st","","x_2",NA,"W","N","20090618"
"8H","1st","","aristida.kenyensis",NA,"W","N","20090618"
"8H","1st","","bothriochloa.insculpta",NA,"W","N","20090618"
"8H","1st","","bracharia.3",NA,"W","N","20090618"
"8H","1st","","bracharia.eruciformis",NA,"W","N","20090618"
"8H","1st","","chloris.sp",NA,"W","N","20090618"
"8H","1st","","cynodon.dactylon",NA,"W","N","20090618"
"8H","1st","","cynodon.plectostachyus",NA,"W","N","20090618"
"8H","1st","","cyperus...mariscus.spp",NA,"W","N","20090618"
"8H","1st","","digitaria.2",NA,"W","N","20090618"
"8H","1st","","digitaria.milanjiana",NA,"W","N","20090618"
"8H","1st","","dinebra.retroflexa",NA,"W","N","20090618"
"8H","1st","","eragrostis.tenuifolia",NA,"W","N","20090618"
"8H","1st","","harpachne.schimperi",NA,"W","N","20090618"
"8H","1st","","microchloa.kunthii",NA,"W","N","20090618"
"8H","1st","","panicum.astrosanguinum",NA,"W","N","20090618"
"8H","1st","","setaria.acromelaena..small.",NA,"W","N","20090618"
"8H","1st","","setaria.sphaecealata..big.",NA,"W","N","20090618"
"8H","1st","","sporobolus.pyramidalis",NA,"W","N","20090618"
"8H","1st","","tragus.berteronianus",NA,"W","N","20090618"
"8H","1st","","x_3",NA,"W","N","20090618"
"8H","1st","","acalypha.crenata",NA,"W","N","20090618"
"8H","1st","","aerva.lanata",NA,"W","N","20090618"
"8H","1st","","amaranthus.hibridus",NA,"W","N","20090618"
"8H","1st","","aspilia.pluriseta",1,"W","N","20090618"
"8H","1st","","asterolinon.adoense..v.",NA,"W","N","20090618"
"8H","1st","","caralluma.acutangula",NA,"W","N","20090618"
"8H","1st","","chenopodium.opulifolium",NA,"W","N","20090618"
"8H","1st","","chenopodium.schraderianum",NA,"W","N","20090618"
"8H","1st","","commelina.spp",NA,"W","N","20090618"
"8H","1st","","commicarpus.pedunculosus",NA,"W","N","20090618"
"8H","1st","","conyza.sp",NA,"W","N","20090618"
"8H","1st","","corchorus.sp",NA,"W","N","20090618"
"8H","1st","","crotelaria.sp",NA,"W","N","20090618"
"8H","1st","","cyathula.orthacantha",NA,"W","N","20090618"
"8H","1st","","dyscoriste.radicans",NA,"W","N","20090618"
"8H","1st","","euphorbia.inaequilatera",NA,"W","N","20090618"
"8H","1st","","evolvulus.alsinoides",NA,"W","N","20090618"
"8H","1st","","fern",NA,"W","N","20090618"
"8H","1st","","gutenbergia.sp",NA,"W","N","20090618"
"8H","1st","","hermannia.uhligii",NA,"W","N","20090618"
"8H","1st","","hibiscus.flavifolius",NA,"W","N","20090618"
"8H","1st","","hibiscus.trionum",NA,"W","N","20090618"
"8H","1st","","indigofera.brevicalyx",NA,"W","N","20090618"
"8H","1st","","indigofera.schimperi",NA,"W","N","20090618"
"8H","1st","","ipomea.sinensis",NA,"W","N","20090618"
"8H","1st","","justicia.dichipteroides",NA,"W","N","20090618"
"8H","1st","","k",NA,"W","N","20090618"
"8H","1st","","kyllinga.sp",NA,"W","N","20090618"
"8H","1st","","leucas.glabrata",NA,"W","N","20090618"
"8H","1st","","leucas.martiniscensis",NA,"W","N","20090618"
"8H","1st","","lily.a",NA,"W","N","20090618"
"8H","1st","","lily.b",NA,"W","N","20090618"
"8H","1st","","lippia.javanica",NA,"W","N","20090618"
"8H","1st","","melhania.spp.",NA,"W","N","20090618"
"8H","1st","","misopates.orontium",NA,"W","N","20090618"
"8H","1st","","mollugo.nudicaulis",NA,"W","N","20090618"
"8H","1st","","monechima.debile",NA,"W","N","20090618"
"8H","1st","","monsonia.augustifolia",NA,"W","N","20090618"
"8H","1st","","ocimum.sp",NA,"W","N","20090618"
"8H","1st","","osteospermum.vaillantii",NA,"W","N","20090618"
"8H","1st","","oxygonum.sinuatum",NA,"W","N","20090618"
"8H","1st","","pavonia.patens",NA,"W","N","20090618"
"8H","1st","","pelargonium.alchemilloides",NA,"W","N","20090618"
"8H","1st","","pentanisia.ouranogyne",NA,"W","N","20090618"
"8H","1st","","phyllanthus.maderaspatensis",NA,"W","N","20090618"
"8H","1st","","plectranthus.spp",NA,"W","N","20090618"
"8H","1st","","pollichia.campestris",NA,"W","N","20090618"
"8H","1st","","polygala..l.",NA,"W","N","20090618"
"8H","1st","","polygala.sphenoptera",NA,"W","N","20090618"
"8H","1st","","portulaca.oleracea",NA,"W","N","20090618"
"8H","1st","","portulaca.quadrifida",NA,"W","N","20090618"
"8H","1st","","pseudognaphalium..helichrysum.glumaceum.",NA,"W","N","20090618"
"8H","1st","","psilotrichum.schimperi",NA,"W","N","20090618"
"8H","1st","","rhinacanthus.ndorensis",NA,"W","N","20090618"
"8H","1st","","rhynchosia.holstii",NA,"W","N","20090618"
"8H","1st","","schkuhria.pinnata",NA,"W","N","20090618"
"8H","1st","","sida.2",NA,"W","N","20090618"
"8H","1st","","sida.cuneifolia",NA,"W","N","20090618"
"8H","1st","","solanum.incanum",NA,"W","N","20090618"
"8H","1st","","solanum.indicum",NA,"W","N","20090618"
"8H","1st","","tribulus.terrestris",NA,"W","N","20090618"
"8H","1st","","u",NA,"W","N","20090618"
"8H","1st","","w",NA,"W","N","20090618"
"8H","1st","","x_4",NA,"W","N","20090618"
"8H","1st","","x_5",NA,"W","N","20090618"
"8H","1st","","x_6",NA,"W","N","20090618"
"8H","1st","","x_7",NA,"W","N","20090618"
"8H","1st","","x_8",NA,"W","N","20090618"
"8F","1st","","bracharia.lacnantha",7,"W","N","20090618"
"8F","1st","","lintonia.nutans",NA,"W","N","20090618"
"8F","1st","","pennisetum.mezianum",NA,"W","N","20090618"
"8F","1st","","pennisetum.straminium",2,"W","N","20090618"
"8F","1st","","themeda.triandra",NA,"W","N","20090618"
"8F","1st","","bare",1,"W","N","20090618"
"8F","1st","","x_2",NA,"W","N","20090618"
"8F","1st","","aristida.kenyensis",NA,"W","N","20090618"
"8F","1st","","bothriochloa.insculpta",NA,"W","N","20090618"
"8F","1st","","bracharia.3",NA,"W","N","20090618"
"8F","1st","","bracharia.eruciformis",NA,"W","N","20090618"
"8F","1st","","chloris.sp",NA,"W","N","20090618"
"8F","1st","","cynodon.dactylon",NA,"W","N","20090618"
"8F","1st","","cynodon.plectostachyus",NA,"W","N","20090618"
"8F","1st","","cyperus...mariscus.spp",NA,"W","N","20090618"
"8F","1st","","digitaria.2",NA,"W","N","20090618"
"8F","1st","","digitaria.milanjiana",NA,"W","N","20090618"
"8F","1st","","dinebra.retroflexa",NA,"W","N","20090618"
"8F","1st","","eragrostis.tenuifolia",NA,"W","N","20090618"
"8F","1st","","harpachne.schimperi",NA,"W","N","20090618"
"8F","1st","","microchloa.kunthii",NA,"W","N","20090618"
"8F","1st","","panicum.astrosanguinum",NA,"W","N","20090618"
"8F","1st","","setaria.acromelaena..small.",NA,"W","N","20090618"
"8F","1st","","setaria.sphaecealata..big.",NA,"W","N","20090618"
"8F","1st","","sporobolus.pyramidalis",NA,"W","N","20090618"
"8F","1st","","tragus.berteronianus",NA,"W","N","20090618"
"8F","1st","","x_3",NA,"W","N","20090618"
"8F","1st","","acalypha.crenata",NA,"W","N","20090618"
"8F","1st","","aerva.lanata",NA,"W","N","20090618"
"8F","1st","","amaranthus.hibridus",NA,"W","N","20090618"
"8F","1st","","aspilia.pluriseta",NA,"W","N","20090618"
"8F","1st","","asterolinon.adoense..v.",NA,"W","N","20090618"
"8F","1st","","caralluma.acutangula",NA,"W","N","20090618"
"8F","1st","","chenopodium.opulifolium",NA,"W","N","20090618"
"8F","1st","","chenopodium.schraderianum",NA,"W","N","20090618"
"8F","1st","","commelina.spp",NA,"W","N","20090618"
"8F","1st","","commicarpus.pedunculosus",NA,"W","N","20090618"
"8F","1st","","conyza.sp",NA,"W","N","20090618"
"8F","1st","","corchorus.sp",NA,"W","N","20090618"
"8F","1st","","crotelaria.sp",NA,"W","N","20090618"
"8F","1st","","cyathula.orthacantha",NA,"W","N","20090618"
"8F","1st","","dyscoriste.radicans",NA,"W","N","20090618"
"8F","1st","","euphorbia.inaequilatera",NA,"W","N","20090618"
"8F","1st","","evolvulus.alsinoides",NA,"W","N","20090618"
"8F","1st","","fern",NA,"W","N","20090618"
"8F","1st","","gutenbergia.sp",NA,"W","N","20090618"
"8F","1st","","hermannia.uhligii",NA,"W","N","20090618"
"8F","1st","","hibiscus.flavifolius",NA,"W","N","20090618"
"8F","1st","","hibiscus.trionum",NA,"W","N","20090618"
"8F","1st","","indigofera.brevicalyx",NA,"W","N","20090618"
"8F","1st","","indigofera.schimperi",NA,"W","N","20090618"
"8F","1st","","ipomea.sinensis",NA,"W","N","20090618"
"8F","1st","","justicia.dichipteroides",NA,"W","N","20090618"
"8F","1st","","k",NA,"W","N","20090618"
"8F","1st","","kyllinga.sp",NA,"W","N","20090618"
"8F","1st","","leucas.glabrata",NA,"W","N","20090618"
"8F","1st","","leucas.martiniscensis",NA,"W","N","20090618"
"8F","1st","","lily.a",NA,"W","N","20090618"
"8F","1st","","lily.b",NA,"W","N","20090618"
"8F","1st","","lippia.javanica",NA,"W","N","20090618"
"8F","1st","","melhania.spp.",NA,"W","N","20090618"
"8F","1st","","misopates.orontium",NA,"W","N","20090618"
"8F","1st","","mollugo.nudicaulis",NA,"W","N","20090618"
"8F","1st","","monechima.debile",NA,"W","N","20090618"
"8F","1st","","monsonia.augustifolia",NA,"W","N","20090618"
"8F","1st","","ocimum.sp",NA,"W","N","20090618"
"8F","1st","","osteospermum.vaillantii",NA,"W","N","20090618"
"8F","1st","","oxygonum.sinuatum",NA,"W","N","20090618"
"8F","1st","","pavonia.patens",NA,"W","N","20090618"
"8F","1st","","pelargonium.alchemilloides",NA,"W","N","20090618"
"8F","1st","","pentanisia.ouranogyne",NA,"W","N","20090618"
"8F","1st","","phyllanthus.maderaspatensis",NA,"W","N","20090618"
"8F","1st","","plectranthus.spp",NA,"W","N","20090618"
"8F","1st","","pollichia.campestris",NA,"W","N","20090618"
"8F","1st","","polygala..l.",NA,"W","N","20090618"
"8F","1st","","polygala.sphenoptera",NA,"W","N","20090618"
"8F","1st","","portulaca.oleracea",NA,"W","N","20090618"
"8F","1st","","portulaca.quadrifida",NA,"W","N","20090618"
"8F","1st","","pseudognaphalium..helichrysum.glumaceum.",NA,"W","N","20090618"
"8F","1st","","psilotrichum.schimperi",NA,"W","N","20090618"
"8F","1st","","rhinacanthus.ndorensis",NA,"W","N","20090618"
"8F","1st","","rhynchosia.holstii",3,"W","N","20090618"
"8F","1st","","schkuhria.pinnata",NA,"W","N","20090618"
"8F","1st","","sida.2",NA,"W","N","20090618"
"8F","1st","","sida.cuneifolia",NA,"W","N","20090618"
"8F","1st","","solanum.incanum",NA,"W","N","20090618"
"8F","1st","","solanum.indicum",NA,"W","N","20090618"
"8F","1st","","tribulus.terrestris",NA,"W","N","20090618"
"8F","1st","","u",NA,"W","N","20090618"
"8F","1st","","w",NA,"W","N","20090618"
"8F","1st","","x_4",NA,"W","N","20090618"
"8F","1st","","x_5",NA,"W","N","20090618"
"8F","1st","","x_6",NA,"W","N","20090618"
"8F","1st","","x_7",NA,"W","N","20090618"
"8F","1st","","x_8",NA,"W","N","20090618"
"8D","1st","","bracharia.lacnantha",8,"W","N","20090618"
"8D","1st","","lintonia.nutans",NA,"W","N","20090618"
"8D","1st","","pennisetum.mezianum",NA,"W","N","20090618"
"8D","1st","","pennisetum.straminium",4,"W","N","20090618"
"8D","1st","","themeda.triandra",NA,"W","N","20090618"
"8D","1st","","bare",NA,"W","N","20090618"
"8D","1st","","x_2",NA,"W","N","20090618"
"8D","1st","","aristida.kenyensis",NA,"W","N","20090618"
"8D","1st","","bothriochloa.insculpta",NA,"W","N","20090618"
"8D","1st","","bracharia.3",NA,"W","N","20090618"
"8D","1st","","bracharia.eruciformis",NA,"W","N","20090618"
"8D","1st","","chloris.sp",NA,"W","N","20090618"
"8D","1st","","cynodon.dactylon",NA,"W","N","20090618"
"8D","1st","","cynodon.plectostachyus",NA,"W","N","20090618"
"8D","1st","","cyperus...mariscus.spp",NA,"W","N","20090618"
"8D","1st","","digitaria.2",NA,"W","N","20090618"
"8D","1st","","digitaria.milanjiana",NA,"W","N","20090618"
"8D","1st","","dinebra.retroflexa",NA,"W","N","20090618"
"8D","1st","","eragrostis.tenuifolia",NA,"W","N","20090618"
"8D","1st","","harpachne.schimperi",NA,"W","N","20090618"
"8D","1st","","microchloa.kunthii",NA,"W","N","20090618"
"8D","1st","","panicum.astrosanguinum",NA,"W","N","20090618"
"8D","1st","","setaria.acromelaena..small.",NA,"W","N","20090618"
"8D","1st","","setaria.sphaecealata..big.",NA,"W","N","20090618"
"8D","1st","","sporobolus.pyramidalis",NA,"W","N","20090618"
"8D","1st","","tragus.berteronianus",NA,"W","N","20090618"
"8D","1st","","x_3",NA,"W","N","20090618"
"8D","1st","","acalypha.crenata",NA,"W","N","20090618"
"8D","1st","","aerva.lanata",NA,"W","N","20090618"
"8D","1st","","amaranthus.hibridus",NA,"W","N","20090618"
"8D","1st","","aspilia.pluriseta",NA,"W","N","20090618"
"8D","1st","","asterolinon.adoense..v.",NA,"W","N","20090618"
"8D","1st","","caralluma.acutangula",NA,"W","N","20090618"
"8D","1st","","chenopodium.opulifolium",NA,"W","N","20090618"
"8D","1st","","chenopodium.schraderianum",NA,"W","N","20090618"
"8D","1st","","commelina.spp",NA,"W","N","20090618"
"8D","1st","","commicarpus.pedunculosus",NA,"W","N","20090618"
"8D","1st","","conyza.sp",NA,"W","N","20090618"
"8D","1st","","corchorus.sp",NA,"W","N","20090618"
"8D","1st","","crotelaria.sp",NA,"W","N","20090618"
"8D","1st","","cyathula.orthacantha",NA,"W","N","20090618"
"8D","1st","","dyscoriste.radicans",NA,"W","N","20090618"
"8D","1st","","euphorbia.inaequilatera",NA,"W","N","20090618"
"8D","1st","","evolvulus.alsinoides",NA,"W","N","20090618"
"8D","1st","","fern",NA,"W","N","20090618"
"8D","1st","","gutenbergia.sp",NA,"W","N","20090618"
"8D","1st","","hermannia.uhligii",NA,"W","N","20090618"
"8D","1st","","hibiscus.flavifolius",NA,"W","N","20090618"
"8D","1st","","hibiscus.trionum",NA,"W","N","20090618"
"8D","1st","","indigofera.brevicalyx",NA,"W","N","20090618"
"8D","1st","","indigofera.schimperi",NA,"W","N","20090618"
"8D","1st","","ipomea.sinensis",NA,"W","N","20090618"
"8D","1st","","justicia.dichipteroides",NA,"W","N","20090618"
"8D","1st","","k",NA,"W","N","20090618"
"8D","1st","","kyllinga.sp",NA,"W","N","20090618"
"8D","1st","","leucas.glabrata",NA,"W","N","20090618"
"8D","1st","","leucas.martiniscensis",NA,"W","N","20090618"
"8D","1st","","lily.a",NA,"W","N","20090618"
"8D","1st","","lily.b",NA,"W","N","20090618"
"8D","1st","","lippia.javanica",NA,"W","N","20090618"
"8D","1st","","melhania.spp.",NA,"W","N","20090618"
"8D","1st","","misopates.orontium",NA,"W","N","20090618"
"8D","1st","","mollugo.nudicaulis",NA,"W","N","20090618"
"8D","1st","","monechima.debile",NA,"W","N","20090618"
"8D","1st","","monsonia.augustifolia",NA,"W","N","20090618"
"8D","1st","","ocimum.sp",NA,"W","N","20090618"
"8D","1st","","osteospermum.vaillantii",NA,"W","N","20090618"
"8D","1st","","oxygonum.sinuatum",NA,"W","N","20090618"
"8D","1st","","pavonia.patens",NA,"W","N","20090618"
"8D","1st","","pelargonium.alchemilloides",NA,"W","N","20090618"
"8D","1st","","pentanisia.ouranogyne",NA,"W","N","20090618"
"8D","1st","","phyllanthus.maderaspatensis",NA,"W","N","20090618"
"8D","1st","","plectranthus.spp",NA,"W","N","20090618"
"8D","1st","","pollichia.campestris",NA,"W","N","20090618"
"8D","1st","","polygala..l.",NA,"W","N","20090618"
"8D","1st","","polygala.sphenoptera",NA,"W","N","20090618"
"8D","1st","","portulaca.oleracea",NA,"W","N","20090618"
"8D","1st","","portulaca.quadrifida",NA,"W","N","20090618"
"8D","1st","","pseudognaphalium..helichrysum.glumaceum.",NA,"W","N","20090618"
"8D","1st","","psilotrichum.schimperi",NA,"W","N","20090618"
"8D","1st","","rhinacanthus.ndorensis",NA,"W","N","20090618"
"8D","1st","","rhynchosia.holstii",NA,"W","N","20090618"
"8D","1st","","schkuhria.pinnata",NA,"W","N","20090618"
"8D","1st","","sida.2",NA,"W","N","20090618"
"8D","1st","","sida.cuneifolia",NA,"W","N","20090618"
"8D","1st","","solanum.incanum",NA,"W","N","20090618"
"8D","1st","","solanum.indicum",NA,"W","N","20090618"
"8D","1st","","tribulus.terrestris",NA,"W","N","20090618"
"8D","1st","","u",NA,"W","N","20090618"
"8D","1st","","w",NA,"W","N","20090618"
"8D","1st","","x_4",NA,"W","N","20090618"
"8D","1st","","x_5",NA,"W","N","20090618"
"8D","1st","","x_6",NA,"W","N","20090618"
"8D","1st","","x_7",NA,"W","N","20090618"
"8D","1st","","x_8",NA,"W","N","20090618"
"8B","1st","","bracharia.lacnantha",9,"W","N","20090618"
"8B","1st","","lintonia.nutans",NA,"W","N","20090618"
"8B","1st","","pennisetum.mezianum",NA,"W","N","20090618"
"8B","1st","","pennisetum.straminium",6,"W","N","20090618"
"8B","1st","","themeda.triandra",NA,"W","N","20090618"
"8B","1st","","bare",NA,"W","N","20090618"
"8B","1st","","x_2",NA,"W","N","20090618"
"8B","1st","","aristida.kenyensis",NA,"W","N","20090618"
"8B","1st","","bothriochloa.insculpta",NA,"W","N","20090618"
"8B","1st","","bracharia.3",NA,"W","N","20090618"
"8B","1st","","bracharia.eruciformis",NA,"W","N","20090618"
"8B","1st","","chloris.sp",NA,"W","N","20090618"
"8B","1st","","cynodon.dactylon",NA,"W","N","20090618"
"8B","1st","","cynodon.plectostachyus",NA,"W","N","20090618"
"8B","1st","","cyperus...mariscus.spp",NA,"W","N","20090618"
"8B","1st","","digitaria.2",NA,"W","N","20090618"
"8B","1st","","digitaria.milanjiana",NA,"W","N","20090618"
"8B","1st","","dinebra.retroflexa",NA,"W","N","20090618"
"8B","1st","","eragrostis.tenuifolia",NA,"W","N","20090618"
"8B","1st","","harpachne.schimperi",NA,"W","N","20090618"
"8B","1st","","microchloa.kunthii",NA,"W","N","20090618"
"8B","1st","","panicum.astrosanguinum",NA,"W","N","20090618"
"8B","1st","","setaria.acromelaena..small.",NA,"W","N","20090618"
"8B","1st","","setaria.sphaecealata..big.",NA,"W","N","20090618"
"8B","1st","","sporobolus.pyramidalis",NA,"W","N","20090618"
"8B","1st","","tragus.berteronianus",NA,"W","N","20090618"
"8B","1st","","x_3",NA,"W","N","20090618"
"8B","1st","","acalypha.crenata",NA,"W","N","20090618"
"8B","1st","","aerva.lanata",NA,"W","N","20090618"
"8B","1st","","amaranthus.hibridus",NA,"W","N","20090618"
"8B","1st","","aspilia.pluriseta",NA,"W","N","20090618"
"8B","1st","","asterolinon.adoense..v.",NA,"W","N","20090618"
"8B","1st","","caralluma.acutangula",NA,"W","N","20090618"
"8B","1st","","chenopodium.opulifolium",NA,"W","N","20090618"
"8B","1st","","chenopodium.schraderianum",NA,"W","N","20090618"
"8B","1st","","commelina.spp",NA,"W","N","20090618"
"8B","1st","","commicarpus.pedunculosus",NA,"W","N","20090618"
"8B","1st","","conyza.sp",NA,"W","N","20090618"
"8B","1st","","corchorus.sp",NA,"W","N","20090618"
"8B","1st","","crotelaria.sp",NA,"W","N","20090618"
"8B","1st","","cyathula.orthacantha",NA,"W","N","20090618"
"8B","1st","","dyscoriste.radicans",NA,"W","N","20090618"
"8B","1st","","euphorbia.inaequilatera",NA,"W","N","20090618"
"8B","1st","","evolvulus.alsinoides",NA,"W","N","20090618"
"8B","1st","","fern",NA,"W","N","20090618"
"8B","1st","","gutenbergia.sp",NA,"W","N","20090618"
"8B","1st","","hermannia.uhligii",NA,"W","N","20090618"
"8B","1st","","hibiscus.flavifolius",NA,"W","N","20090618"
"8B","1st","","hibiscus.trionum",NA,"W","N","20090618"
"8B","1st","","indigofera.brevicalyx",NA,"W","N","20090618"
"8B","1st","","indigofera.schimperi",NA,"W","N","20090618"
"8B","1st","","ipomea.sinensis",NA,"W","N","20090618"
"8B","1st","","justicia.dichipteroides",NA,"W","N","20090618"
"8B","1st","","k",NA,"W","N","20090618"
"8B","1st","","kyllinga.sp",NA,"W","N","20090618"
"8B","1st","","leucas.glabrata",NA,"W","N","20090618"
"8B","1st","","leucas.martiniscensis",NA,"W","N","20090618"
"8B","1st","","lily.a",NA,"W","N","20090618"
"8B","1st","","lily.b",NA,"W","N","20090618"
"8B","1st","","lippia.javanica",NA,"W","N","20090618"
"8B","1st","","melhania.spp.",NA,"W","N","20090618"
"8B","1st","","misopates.orontium",NA,"W","N","20090618"
"8B","1st","","mollugo.nudicaulis",NA,"W","N","20090618"
"8B","1st","","monechima.debile",NA,"W","N","20090618"
"8B","1st","","monsonia.augustifolia",NA,"W","N","20090618"
"8B","1st","","ocimum.sp",NA,"W","N","20090618"
"8B","1st","","osteospermum.vaillantii",NA,"W","N","20090618"
"8B","1st","","oxygonum.sinuatum",NA,"W","N","20090618"
"8B","1st","","pavonia.patens",NA,"W","N","20090618"
"8B","1st","","pelargonium.alchemilloides",NA,"W","N","20090618"
"8B","1st","","pentanisia.ouranogyne",NA,"W","N","20090618"
"8B","1st","","phyllanthus.maderaspatensis",NA,"W","N","20090618"
"8B","1st","","plectranthus.spp",NA,"W","N","20090618"
"8B","1st","","pollichia.campestris",NA,"W","N","20090618"
"8B","1st","","polygala..l.",NA,"W","N","20090618"
"8B","1st","","polygala.sphenoptera",NA,"W","N","20090618"
"8B","1st","","portulaca.oleracea",NA,"W","N","20090618"
"8B","1st","","portulaca.quadrifida",NA,"W","N","20090618"
"8B","1st","","pseudognaphalium..helichrysum.glumaceum.",NA,"W","N","20090618"
"8B","1st","","psilotrichum.schimperi",NA,"W","N","20090618"
"8B","1st","","rhinacanthus.ndorensis",NA,"W","N","20090618"
"8B","1st","","rhynchosia.holstii",NA,"W","N","20090618"
"8B","1st","","schkuhria.pinnata",NA,"W","N","20090618"
"8B","1st","","sida.2",NA,"W","N","20090618"
"8B","1st","","sida.cuneifolia",NA,"W","N","20090618"
"8B","1st","","solanum.incanum",NA,"W","N","20090618"
"8B","1st","","solanum.indicum",NA,"W","N","20090618"
"8B","1st","","tribulus.terrestris",NA,"W","N","20090618"
"8B","1st","","u",NA,"W","N","20090618"
"8B","1st","","w",NA,"W","N","20090618"
"8B","1st","","x_4",NA,"W","N","20090618"
"8B","1st","","x_5",NA,"W","N","20090618"
"8B","1st","","x_6",NA,"W","N","20090618"
"8B","1st","","x_7",NA,"W","N","20090618"
"8B","1st","","x_8",NA,"W","N","20090618"
"9A","1st","","bracharia.lacnantha",NA,"W","N","20090618"
"9A","1st","","lintonia.nutans",NA,"W","N","20090618"
"9A","1st","","pennisetum.mezianum",NA,"W","N","20090618"
"9A","1st","","pennisetum.straminium",NA,"W","N","20090618"
"9A","1st","","themeda.triandra",NA,"W","N","20090618"
"9A","1st","","bare",3,"W","N","20090618"
"9A","1st","","x_2",NA,"W","N","20090618"
"9A","1st","","aristida.kenyensis",NA,"W","N","20090618"
"9A","1st","","bothriochloa.insculpta",NA,"W","N","20090618"
"9A","1st","","bracharia.3",NA,"W","N","20090618"
"9A","1st","","bracharia.eruciformis",NA,"W","N","20090618"
"9A","1st","","chloris.sp",NA,"W","N","20090618"
"9A","1st","","cynodon.dactylon",NA,"W","N","20090618"
"9A","1st","","cynodon.plectostachyus",NA,"W","N","20090618"
"9A","1st","","cyperus...mariscus.spp",NA,"W","N","20090618"
"9A","1st","","digitaria.2",NA,"W","N","20090618"
"9A","1st","","digitaria.milanjiana",NA,"W","N","20090618"
"9A","1st","","dinebra.retroflexa",NA,"W","N","20090618"
"9A","1st","","eragrostis.tenuifolia",NA,"W","N","20090618"
"9A","1st","","harpachne.schimperi",NA,"W","N","20090618"
"9A","1st","","microchloa.kunthii",NA,"W","N","20090618"
"9A","1st","","panicum.astrosanguinum",NA,"W","N","20090618"
"9A","1st","","setaria.acromelaena..small.",NA,"W","N","20090618"
"9A","1st","","setaria.sphaecealata..big.",NA,"W","N","20090618"
"9A","1st","","sporobolus.pyramidalis",NA,"W","N","20090618"
"9A","1st","","tragus.berteronianus",NA,"W","N","20090618"
"9A","1st","","x_3",NA,"W","N","20090618"
"9A","1st","","acalypha.crenata",NA,"W","N","20090618"
"9A","1st","","aerva.lanata",NA,"W","N","20090618"
"9A","1st","","amaranthus.hibridus",NA,"W","N","20090618"
"9A","1st","","aspilia.pluriseta",NA,"W","N","20090618"
"9A","1st","","asterolinon.adoense..v.",NA,"W","N","20090618"
"9A","1st","","caralluma.acutangula",NA,"W","N","20090618"
"9A","1st","","chenopodium.opulifolium",NA,"W","N","20090618"
"9A","1st","","chenopodium.schraderianum",NA,"W","N","20090618"
"9A","1st","","commelina.spp",NA,"W","N","20090618"
"9A","1st","","commicarpus.pedunculosus",NA,"W","N","20090618"
"9A","1st","","conyza.sp",NA,"W","N","20090618"
"9A","1st","","corchorus.sp",NA,"W","N","20090618"
"9A","1st","","crotelaria.sp",NA,"W","N","20090618"
"9A","1st","","cyathula.orthacantha",NA,"W","N","20090618"
"9A","1st","","dyscoriste.radicans",NA,"W","N","20090618"
"9A","1st","","euphorbia.inaequilatera",NA,"W","N","20090618"
"9A","1st","","evolvulus.alsinoides",NA,"W","N","20090618"
"9A","1st","","fern",NA,"W","N","20090618"
"9A","1st","","gutenbergia.sp",NA,"W","N","20090618"
"9A","1st","","hermannia.uhligii",NA,"W","N","20090618"
"9A","1st","","hibiscus.flavifolius",NA,"W","N","20090618"
"9A","1st","","hibiscus.trionum",NA,"W","N","20090618"
"9A","1st","","indigofera.brevicalyx",NA,"W","N","20090618"
"9A","1st","","indigofera.schimperi",NA,"W","N","20090618"
"9A","1st","","ipomea.sinensis",NA,"W","N","20090618"
"9A","1st","","justicia.dichipteroides",NA,"W","N","20090618"
"9A","1st","","k",NA,"W","N","20090618"
"9A","1st","","kyllinga.sp",NA,"W","N","20090618"
"9A","1st","","leucas.glabrata",NA,"W","N","20090618"
"9A","1st","","leucas.martiniscensis",NA,"W","N","20090618"
"9A","1st","","lily.a",NA,"W","N","20090618"
"9A","1st","","lily.b",NA,"W","N","20090618"
"9A","1st","","lippia.javanica",NA,"W","N","20090618"
"9A","1st","","melhania.spp.",NA,"W","N","20090618"
"9A","1st","","misopates.orontium",NA,"W","N","20090618"
"9A","1st","","mollugo.nudicaulis",NA,"W","N","20090618"
"9A","1st","","monechima.debile",NA,"W","N","20090618"
"9A","1st","","monsonia.augustifolia",NA,"W","N","20090618"
"9A","1st","","ocimum.sp",NA,"W","N","20090618"
"9A","1st","","osteospermum.vaillantii",NA,"W","N","20090618"
"9A","1st","","oxygonum.sinuatum",NA,"W","N","20090618"
"9A","1st","","pavonia.patens",NA,"W","N","20090618"
"9A","1st","","pelargonium.alchemilloides",NA,"W","N","20090618"
"9A","1st","","pentanisia.ouranogyne",NA,"W","N","20090618"
"9A","1st","","phyllanthus.maderaspatensis",NA,"W","N","20090618"
"9A","1st","","plectranthus.spp",NA,"W","N","20090618"
"9A","1st","","pollichia.campestris",NA,"W","N","20090618"
"9A","1st","","polygala..l.",NA,"W","N","20090618"
"9A","1st","","polygala.sphenoptera",NA,"W","N","20090618"
"9A","1st","","portulaca.oleracea",NA,"W","N","20090618"
"9A","1st","","portulaca.quadrifida",NA,"W","N","20090618"
"9A","1st","","pseudognaphalium..helichrysum.glumaceum.",NA,"W","N","20090618"
"9A","1st","","psilotrichum.schimperi",NA,"W","N","20090618"
"9A","1st","","rhinacanthus.ndorensis",NA,"W","N","20090618"
"9A","1st","","rhynchosia.holstii",NA,"W","N","20090618"
"9A","1st","","schkuhria.pinnata",NA,"W","N","20090618"
"9A","1st","","sida.2",NA,"W","N","20090618"
"9A","1st","","sida.cuneifolia",NA,"W","N","20090618"
"9A","1st","","solanum.incanum",NA,"W","N","20090618"
"9A","1st","","solanum.indicum",NA,"W","N","20090618"
"9A","1st","","tribulus.terrestris",NA,"W","N","20090618"
"9A","1st","","u",NA,"W","N","20090618"
"9A","1st","","w",NA,"W","N","20090618"
"9A","1st","","x_4",NA,"W","N","20090618"
"9A","1st","","x_5",NA,"W","N","20090618"
"9A","1st","","x_6",NA,"W","N","20090618"
"9A","1st","","x_7",NA,"W","N","20090618"
"9A","1st","","x_8",NA,"W","N","20090618"
"9C","1st","","bracharia.lacnantha",NA,"W","N","20090618"
"9C","1st","","lintonia.nutans",NA,"W","N","20090618"
"9C","1st","","pennisetum.mezianum",NA,"W","N","20090618"
"9C","1st","","pennisetum.straminium",NA,"W","N","20090618"
"9C","1st","","themeda.triandra",NA,"W","N","20090618"
"9C","1st","","bare",2,"W","N","20090618"
"9C","1st","","x_2",NA,"W","N","20090618"
"9C","1st","","aristida.kenyensis",NA,"W","N","20090618"
"9C","1st","","bothriochloa.insculpta",NA,"W","N","20090618"
"9C","1st","","bracharia.3",NA,"W","N","20090618"
"9C","1st","","bracharia.eruciformis",NA,"W","N","20090618"
"9C","1st","","chloris.sp",NA,"W","N","20090618"
"9C","1st","","cynodon.dactylon",NA,"W","N","20090618"
"9C","1st","","cynodon.plectostachyus",NA,"W","N","20090618"
"9C","1st","","cyperus...mariscus.spp",NA,"W","N","20090618"
"9C","1st","","digitaria.2",NA,"W","N","20090618"
"9C","1st","","digitaria.milanjiana",NA,"W","N","20090618"
"9C","1st","","dinebra.retroflexa",NA,"W","N","20090618"
"9C","1st","","eragrostis.tenuifolia",NA,"W","N","20090618"
"9C","1st","","harpachne.schimperi",NA,"W","N","20090618"
"9C","1st","","microchloa.kunthii",NA,"W","N","20090618"
"9C","1st","","panicum.astrosanguinum",NA,"W","N","20090618"
"9C","1st","","setaria.acromelaena..small.",NA,"W","N","20090618"
"9C","1st","","setaria.sphaecealata..big.",NA,"W","N","20090618"
"9C","1st","","sporobolus.pyramidalis",NA,"W","N","20090618"
"9C","1st","","tragus.berteronianus",NA,"W","N","20090618"
"9C","1st","","x_3",NA,"W","N","20090618"
"9C","1st","","acalypha.crenata",NA,"W","N","20090618"
"9C","1st","","aerva.lanata",NA,"W","N","20090618"
"9C","1st","","amaranthus.hibridus",NA,"W","N","20090618"
"9C","1st","","aspilia.pluriseta",NA,"W","N","20090618"
"9C","1st","","asterolinon.adoense..v.",NA,"W","N","20090618"
"9C","1st","","caralluma.acutangula",NA,"W","N","20090618"
"9C","1st","","chenopodium.opulifolium",NA,"W","N","20090618"
"9C","1st","","chenopodium.schraderianum",NA,"W","N","20090618"
"9C","1st","","commelina.spp",NA,"W","N","20090618"
"9C","1st","","commicarpus.pedunculosus",NA,"W","N","20090618"
"9C","1st","","conyza.sp",NA,"W","N","20090618"
"9C","1st","","corchorus.sp",NA,"W","N","20090618"
"9C","1st","","crotelaria.sp",NA,"W","N","20090618"
"9C","1st","","cyathula.orthacantha",NA,"W","N","20090618"
"9C","1st","","dyscoriste.radicans",NA,"W","N","20090618"
"9C","1st","","euphorbia.inaequilatera",NA,"W","N","20090618"
"9C","1st","","evolvulus.alsinoides",NA,"W","N","20090618"
"9C","1st","","fern",NA,"W","N","20090618"
"9C","1st","","gutenbergia.sp",NA,"W","N","20090618"
"9C","1st","","hermannia.uhligii",NA,"W","N","20090618"
"9C","1st","","hibiscus.flavifolius",NA,"W","N","20090618"
"9C","1st","","hibiscus.trionum",NA,"W","N","20090618"
"9C","1st","","indigofera.brevicalyx",NA,"W","N","20090618"
"9C","1st","","indigofera.schimperi",NA,"W","N","20090618"
"9C","1st","","ipomea.sinensis",NA,"W","N","20090618"
"9C","1st","","justicia.dichipteroides",NA,"W","N","20090618"
"9C","1st","","k",NA,"W","N","20090618"
"9C","1st","","kyllinga.sp",NA,"W","N","20090618"
"9C","1st","","leucas.glabrata",NA,"W","N","20090618"
"9C","1st","","leucas.martiniscensis",NA,"W","N","20090618"
"9C","1st","","lily.a",NA,"W","N","20090618"
"9C","1st","","lily.b",NA,"W","N","20090618"
"9C","1st","","lippia.javanica",NA,"W","N","20090618"
"9C","1st","","melhania.spp.",NA,"W","N","20090618"
"9C","1st","","misopates.orontium",NA,"W","N","20090618"
"9C","1st","","mollugo.nudicaulis",NA,"W","N","20090618"
"9C","1st","","monechima.debile",NA,"W","N","20090618"
"9C","1st","","monsonia.augustifolia",NA,"W","N","20090618"
"9C","1st","","ocimum.sp",NA,"W","N","20090618"
"9C","1st","","osteospermum.vaillantii",NA,"W","N","20090618"
"9C","1st","","oxygonum.sinuatum",NA,"W","N","20090618"
"9C","1st","","pavonia.patens",NA,"W","N","20090618"
"9C","1st","","pelargonium.alchemilloides",NA,"W","N","20090618"
"9C","1st","","pentanisia.ouranogyne",NA,"W","N","20090618"
"9C","1st","","phyllanthus.maderaspatensis",NA,"W","N","20090618"
"9C","1st","","plectranthus.spp",NA,"W","N","20090618"
"9C","1st","","pollichia.campestris",NA,"W","N","20090618"
"9C","1st","","polygala..l.",NA,"W","N","20090618"
"9C","1st","","polygala.sphenoptera",NA,"W","N","20090618"
"9C","1st","","portulaca.oleracea",NA,"W","N","20090618"
"9C","1st","","portulaca.quadrifida",NA,"W","N","20090618"
"9C","1st","","pseudognaphalium..helichrysum.glumaceum.",NA,"W","N","20090618"
"9C","1st","","psilotrichum.schimperi",NA,"W","N","20090618"
"9C","1st","","rhinacanthus.ndorensis",NA,"W","N","20090618"
"9C","1st","","rhynchosia.holstii",NA,"W","N","20090618"
"9C","1st","","schkuhria.pinnata",NA,"W","N","20090618"
"9C","1st","","sida.2",NA,"W","N","20090618"
"9C","1st","","sida.cuneifolia",NA,"W","N","20090618"
"9C","1st","","solanum.incanum",NA,"W","N","20090618"
"9C","1st","","solanum.indicum",NA,"W","N","20090618"
"9C","1st","","tribulus.terrestris",NA,"W","N","20090618"
"9C","1st","","u",NA,"W","N","20090618"
"9C","1st","","w",NA,"W","N","20090618"
"9C","1st","","x_4",NA,"W","N","20090618"
"9C","1st","","x_5",NA,"W","N","20090618"
"9C","1st","","x_6",NA,"W","N","20090618"
"9C","1st","","x_7",NA,"W","N","20090618"
"9C","1st","","x_8",NA,"W","N","20090618"
"9E","1st","","bracharia.lacnantha",NA,"W","N","20090618"
"9E","1st","","lintonia.nutans",NA,"W","N","20090618"
"9E","1st","","pennisetum.mezianum",NA,"W","N","20090618"
"9E","1st","","pennisetum.straminium",NA,"W","N","20090618"
"9E","1st","","themeda.triandra",NA,"W","N","20090618"
"9E","1st","","bare",1,"W","N","20090618"
"9E","1st","","x_2",NA,"W","N","20090618"
"9E","1st","","aristida.kenyensis",NA,"W","N","20090618"
"9E","1st","","bothriochloa.insculpta",NA,"W","N","20090618"
"9E","1st","","bracharia.3",NA,"W","N","20090618"
"9E","1st","","bracharia.eruciformis",NA,"W","N","20090618"
"9E","1st","","chloris.sp",NA,"W","N","20090618"
"9E","1st","","cynodon.dactylon",NA,"W","N","20090618"
"9E","1st","","cynodon.plectostachyus",NA,"W","N","20090618"
"9E","1st","","cyperus...mariscus.spp",NA,"W","N","20090618"
"9E","1st","","digitaria.2",NA,"W","N","20090618"
"9E","1st","","digitaria.milanjiana",NA,"W","N","20090618"
"9E","1st","","dinebra.retroflexa",NA,"W","N","20090618"
"9E","1st","","eragrostis.tenuifolia",NA,"W","N","20090618"
"9E","1st","","harpachne.schimperi",NA,"W","N","20090618"
"9E","1st","","microchloa.kunthii",NA,"W","N","20090618"
"9E","1st","","panicum.astrosanguinum",NA,"W","N","20090618"
"9E","1st","","setaria.acromelaena..small.",NA,"W","N","20090618"
"9E","1st","","setaria.sphaecealata..big.",NA,"W","N","20090618"
"9E","1st","","sporobolus.pyramidalis",NA,"W","N","20090618"
"9E","1st","","tragus.berteronianus",NA,"W","N","20090618"
"9E","1st","","x_3",NA,"W","N","20090618"
"9E","1st","","acalypha.crenata",NA,"W","N","20090618"
"9E","1st","","aerva.lanata",NA,"W","N","20090618"
"9E","1st","","amaranthus.hibridus",NA,"W","N","20090618"
"9E","1st","","aspilia.pluriseta",NA,"W","N","20090618"
"9E","1st","","asterolinon.adoense..v.",NA,"W","N","20090618"
"9E","1st","","caralluma.acutangula",NA,"W","N","20090618"
"9E","1st","","chenopodium.opulifolium",NA,"W","N","20090618"
"9E","1st","","chenopodium.schraderianum",NA,"W","N","20090618"
"9E","1st","","commelina.spp",NA,"W","N","20090618"
"9E","1st","","commicarpus.pedunculosus",NA,"W","N","20090618"
"9E","1st","","conyza.sp",NA,"W","N","20090618"
"9E","1st","","corchorus.sp",NA,"W","N","20090618"
"9E","1st","","crotelaria.sp",NA,"W","N","20090618"
"9E","1st","","cyathula.orthacantha",NA,"W","N","20090618"
"9E","1st","","dyscoriste.radicans",NA,"W","N","20090618"
"9E","1st","","euphorbia.inaequilatera",NA,"W","N","20090618"
"9E","1st","","evolvulus.alsinoides",NA,"W","N","20090618"
"9E","1st","","fern",NA,"W","N","20090618"
"9E","1st","","gutenbergia.sp",NA,"W","N","20090618"
"9E","1st","","hermannia.uhligii",NA,"W","N","20090618"
"9E","1st","","hibiscus.flavifolius",NA,"W","N","20090618"
"9E","1st","","hibiscus.trionum",NA,"W","N","20090618"
"9E","1st","","indigofera.brevicalyx",NA,"W","N","20090618"
"9E","1st","","indigofera.schimperi",NA,"W","N","20090618"
"9E","1st","","ipomea.sinensis",NA,"W","N","20090618"
"9E","1st","","justicia.dichipteroides",NA,"W","N","20090618"
"9E","1st","","k",NA,"W","N","20090618"
"9E","1st","","kyllinga.sp",NA,"W","N","20090618"
"9E","1st","","leucas.glabrata",NA,"W","N","20090618"
"9E","1st","","leucas.martiniscensis",NA,"W","N","20090618"
"9E","1st","","lily.a",NA,"W","N","20090618"
"9E","1st","","lily.b",NA,"W","N","20090618"
"9E","1st","","lippia.javanica",NA,"W","N","20090618"
"9E","1st","","melhania.spp.",NA,"W","N","20090618"
"9E","1st","","misopates.orontium",NA,"W","N","20090618"
"9E","1st","","mollugo.nudicaulis",NA,"W","N","20090618"
"9E","1st","","monechima.debile",2,"W","N","20090618"
"9E","1st","","monsonia.augustifolia",NA,"W","N","20090618"
"9E","1st","","ocimum.sp",NA,"W","N","20090618"
"9E","1st","","osteospermum.vaillantii",NA,"W","N","20090618"
"9E","1st","","oxygonum.sinuatum",NA,"W","N","20090618"
"9E","1st","","pavonia.patens",NA,"W","N","20090618"
"9E","1st","","pelargonium.alchemilloides",NA,"W","N","20090618"
"9E","1st","","pentanisia.ouranogyne",NA,"W","N","20090618"
"9E","1st","","phyllanthus.maderaspatensis",NA,"W","N","20090618"
"9E","1st","","plectranthus.spp",NA,"W","N","20090618"
"9E","1st","","pollichia.campestris",NA,"W","N","20090618"
"9E","1st","","polygala..l.",NA,"W","N","20090618"
"9E","1st","","polygala.sphenoptera",NA,"W","N","20090618"
"9E","1st","","portulaca.oleracea",NA,"W","N","20090618"
"9E","1st","","portulaca.quadrifida",NA,"W","N","20090618"
"9E","1st","","pseudognaphalium..helichrysum.glumaceum.",NA,"W","N","20090618"
"9E","1st","","psilotrichum.schimperi",NA,"W","N","20090618"
"9E","1st","","rhinacanthus.ndorensis",NA,"W","N","20090618"
"9E","1st","","rhynchosia.holstii",NA,"W","N","20090618"
"9E","1st","","schkuhria.pinnata",NA,"W","N","20090618"
"9E","1st","","sida.2",NA,"W","N","20090618"
"9E","1st","","sida.cuneifolia",NA,"W","N","20090618"
"9E","1st","","solanum.incanum",NA,"W","N","20090618"
"9E","1st","","solanum.indicum",NA,"W","N","20090618"
"9E","1st","","tribulus.terrestris",NA,"W","N","20090618"
"9E","1st","","u",NA,"W","N","20090618"
"9E","1st","","w",NA,"W","N","20090618"
"9E","1st","","x_4",NA,"W","N","20090618"
"9E","1st","","x_5",NA,"W","N","20090618"
"9E","1st","","x_6",NA,"W","N","20090618"
"9E","1st","","x_7",NA,"W","N","20090618"
"9E","1st","","x_8",NA,"W","N","20090618"
"9G","1st","","bracharia.lacnantha",NA,"W","N","20090618"
"9G","1st","","lintonia.nutans",NA,"W","N","20090618"
"9G","1st","","pennisetum.mezianum",NA,"W","N","20090618"
"9G","1st","","pennisetum.straminium",NA,"W","N","20090618"
"9G","1st","","themeda.triandra",NA,"W","N","20090618"
"9G","1st","","bare",NA,"W","N","20090618"
"9G","1st","","x_2",NA,"W","N","20090618"
"9G","1st","","aristida.kenyensis",NA,"W","N","20090618"
"9G","1st","","bothriochloa.insculpta",NA,"W","N","20090618"
"9G","1st","","bracharia.3",NA,"W","N","20090618"
"9G","1st","","bracharia.eruciformis",NA,"W","N","20090618"
"9G","1st","","chloris.sp",NA,"W","N","20090618"
"9G","1st","","cynodon.dactylon",NA,"W","N","20090618"
"9G","1st","","cynodon.plectostachyus",NA,"W","N","20090618"
"9G","1st","","cyperus...mariscus.spp",NA,"W","N","20090618"
"9G","1st","","digitaria.2",NA,"W","N","20090618"
"9G","1st","","digitaria.milanjiana",NA,"W","N","20090618"
"9G","1st","","dinebra.retroflexa",NA,"W","N","20090618"
"9G","1st","","eragrostis.tenuifolia",NA,"W","N","20090618"
"9G","1st","","harpachne.schimperi",NA,"W","N","20090618"
"9G","1st","","microchloa.kunthii",NA,"W","N","20090618"
"9G","1st","","panicum.astrosanguinum",NA,"W","N","20090618"
"9G","1st","","setaria.acromelaena..small.",NA,"W","N","20090618"
"9G","1st","","setaria.sphaecealata..big.",NA,"W","N","20090618"
"9G","1st","","sporobolus.pyramidalis",NA,"W","N","20090618"
"9G","1st","","tragus.berteronianus",NA,"W","N","20090618"
"9G","1st","","x_3",NA,"W","N","20090618"
"9G","1st","","acalypha.crenata",NA,"W","N","20090618"
"9G","1st","","aerva.lanata",NA,"W","N","20090618"
"9G","1st","","amaranthus.hibridus",NA,"W","N","20090618"
"9G","1st","","aspilia.pluriseta",NA,"W","N","20090618"
"9G","1st","","asterolinon.adoense..v.",NA,"W","N","20090618"
"9G","1st","","caralluma.acutangula",NA,"W","N","20090618"
"9G","1st","","chenopodium.opulifolium",NA,"W","N","20090618"
"9G","1st","","chenopodium.schraderianum",NA,"W","N","20090618"
"9G","1st","","commelina.spp",NA,"W","N","20090618"
"9G","1st","","commicarpus.pedunculosus",NA,"W","N","20090618"
"9G","1st","","conyza.sp",NA,"W","N","20090618"
"9G","1st","","corchorus.sp",NA,"W","N","20090618"
"9G","1st","","crotelaria.sp",NA,"W","N","20090618"
"9G","1st","","cyathula.orthacantha",NA,"W","N","20090618"
"9G","1st","","dyscoriste.radicans",NA,"W","N","20090618"
"9G","1st","","euphorbia.inaequilatera",NA,"W","N","20090618"
"9G","1st","","evolvulus.alsinoides",NA,"W","N","20090618"
"9G","1st","","fern",NA,"W","N","20090618"
"9G","1st","","gutenbergia.sp",NA,"W","N","20090618"
"9G","1st","","hermannia.uhligii",NA,"W","N","20090618"
"9G","1st","","hibiscus.flavifolius",NA,"W","N","20090618"
"9G","1st","","hibiscus.trionum",NA,"W","N","20090618"
"9G","1st","","indigofera.brevicalyx",NA,"W","N","20090618"
"9G","1st","","indigofera.schimperi",NA,"W","N","20090618"
"9G","1st","","ipomea.sinensis",NA,"W","N","20090618"
"9G","1st","","justicia.dichipteroides",NA,"W","N","20090618"
"9G","1st","","k",NA,"W","N","20090618"
"9G","1st","","kyllinga.sp",NA,"W","N","20090618"
"9G","1st","","leucas.glabrata",NA,"W","N","20090618"
"9G","1st","","leucas.martiniscensis",NA,"W","N","20090618"
"9G","1st","","lily.a",NA,"W","N","20090618"
"9G","1st","","lily.b",NA,"W","N","20090618"
"9G","1st","","lippia.javanica",NA,"W","N","20090618"
"9G","1st","","melhania.spp.",NA,"W","N","20090618"
"9G","1st","","misopates.orontium",NA,"W","N","20090618"
"9G","1st","","mollugo.nudicaulis",NA,"W","N","20090618"
"9G","1st","","monechima.debile",NA,"W","N","20090618"
"9G","1st","","monsonia.augustifolia",NA,"W","N","20090618"
"9G","1st","","ocimum.sp",NA,"W","N","20090618"
"9G","1st","","osteospermum.vaillantii",NA,"W","N","20090618"
"9G","1st","","oxygonum.sinuatum",NA,"W","N","20090618"
"9G","1st","","pavonia.patens",NA,"W","N","20090618"
"9G","1st","","pelargonium.alchemilloides",NA,"W","N","20090618"
"9G","1st","","pentanisia.ouranogyne",NA,"W","N","20090618"
"9G","1st","","phyllanthus.maderaspatensis",NA,"W","N","20090618"
"9G","1st","","plectranthus.spp",NA,"W","N","20090618"
"9G","1st","","pollichia.campestris",NA,"W","N","20090618"
"9G","1st","","polygala..l.",NA,"W","N","20090618"
"9G","1st","","polygala.sphenoptera",NA,"W","N","20090618"
"9G","1st","","portulaca.oleracea",NA,"W","N","20090618"
"9G","1st","","portulaca.quadrifida",NA,"W","N","20090618"
"9G","1st","","pseudognaphalium..helichrysum.glumaceum.",6,"W","N","20090618"
"9G","1st","","psilotrichum.schimperi",NA,"W","N","20090618"
"9G","1st","","rhinacanthus.ndorensis",NA,"W","N","20090618"
"9G","1st","","rhynchosia.holstii",NA,"W","N","20090618"
"9G","1st","","schkuhria.pinnata",NA,"W","N","20090618"
"9G","1st","","sida.2",NA,"W","N","20090618"
"9G","1st","","sida.cuneifolia",NA,"W","N","20090618"
"9G","1st","","solanum.incanum",NA,"W","N","20090618"
"9G","1st","","solanum.indicum",NA,"W","N","20090618"
"9G","1st","","tribulus.terrestris",NA,"W","N","20090618"
"9G","1st","","u",NA,"W","N","20090618"
"9G","1st","","w",NA,"W","N","20090618"
"9G","1st","","x_4",NA,"W","N","20090618"
"9G","1st","","x_5",NA,"W","N","20090618"
"9G","1st","","x_6",NA,"W","N","20090618"
"9G","1st","","x_7",NA,"W","N","20090618"
"9G","1st","","x_8",NA,"W","N","20090618"
"9I","1st","","bracharia.lacnantha",NA,"W","N","20090618"
"9I","1st","","lintonia.nutans",NA,"W","N","20090618"
"9I","1st","","pennisetum.mezianum",NA,"W","N","20090618"
"9I","1st","","pennisetum.straminium",NA,"W","N","20090618"
"9I","1st","","themeda.triandra",NA,"W","N","20090618"
"9I","1st","","bare",1,"W","N","20090618"
"9I","1st","","x_2",NA,"W","N","20090618"
"9I","1st","","aristida.kenyensis",NA,"W","N","20090618"
"9I","1st","","bothriochloa.insculpta",NA,"W","N","20090618"
"9I","1st","","bracharia.3",NA,"W","N","20090618"
"9I","1st","","bracharia.eruciformis",NA,"W","N","20090618"
"9I","1st","","chloris.sp",NA,"W","N","20090618"
"9I","1st","","cynodon.dactylon",NA,"W","N","20090618"
"9I","1st","","cynodon.plectostachyus",NA,"W","N","20090618"
"9I","1st","","cyperus...mariscus.spp",NA,"W","N","20090618"
"9I","1st","","digitaria.2",NA,"W","N","20090618"
"9I","1st","","digitaria.milanjiana",NA,"W","N","20090618"
"9I","1st","","dinebra.retroflexa",NA,"W","N","20090618"
"9I","1st","","eragrostis.tenuifolia",NA,"W","N","20090618"
"9I","1st","","harpachne.schimperi",NA,"W","N","20090618"
"9I","1st","","microchloa.kunthii",NA,"W","N","20090618"
"9I","1st","","panicum.astrosanguinum",NA,"W","N","20090618"
"9I","1st","","setaria.acromelaena..small.",NA,"W","N","20090618"
"9I","1st","","setaria.sphaecealata..big.",NA,"W","N","20090618"
"9I","1st","","sporobolus.pyramidalis",NA,"W","N","20090618"
"9I","1st","","tragus.berteronianus",NA,"W","N","20090618"
"9I","1st","","x_3",NA,"W","N","20090618"
"9I","1st","","acalypha.crenata",NA,"W","N","20090618"
"9I","1st","","aerva.lanata",NA,"W","N","20090618"
"9I","1st","","amaranthus.hibridus",NA,"W","N","20090618"
"9I","1st","","aspilia.pluriseta",NA,"W","N","20090618"
"9I","1st","","asterolinon.adoense..v.",NA,"W","N","20090618"
"9I","1st","","caralluma.acutangula",NA,"W","N","20090618"
"9I","1st","","chenopodium.opulifolium",NA,"W","N","20090618"
"9I","1st","","chenopodium.schraderianum",NA,"W","N","20090618"
"9I","1st","","commelina.spp",NA,"W","N","20090618"
"9I","1st","","commicarpus.pedunculosus",NA,"W","N","20090618"
"9I","1st","","conyza.sp",NA,"W","N","20090618"
"9I","1st","","corchorus.sp",NA,"W","N","20090618"
"9I","1st","","crotelaria.sp",NA,"W","N","20090618"
"9I","1st","","cyathula.orthacantha",NA,"W","N","20090618"
"9I","1st","","dyscoriste.radicans",NA,"W","N","20090618"
"9I","1st","","euphorbia.inaequilatera",NA,"W","N","20090618"
"9I","1st","","evolvulus.alsinoides",NA,"W","N","20090618"
"9I","1st","","fern",NA,"W","N","20090618"
"9I","1st","","gutenbergia.sp",NA,"W","N","20090618"
"9I","1st","","hermannia.uhligii",NA,"W","N","20090618"
"9I","1st","","hibiscus.flavifolius",NA,"W","N","20090618"
"9I","1st","","hibiscus.trionum",NA,"W","N","20090618"
"9I","1st","","indigofera.brevicalyx",NA,"W","N","20090618"
"9I","1st","","indigofera.schimperi",NA,"W","N","20090618"
"9I","1st","","ipomea.sinensis",NA,"W","N","20090618"
"9I","1st","","justicia.dichipteroides",NA,"W","N","20090618"
"9I","1st","","k",NA,"W","N","20090618"
"9I","1st","","kyllinga.sp",NA,"W","N","20090618"
"9I","1st","","leucas.glabrata",NA,"W","N","20090618"
"9I","1st","","leucas.martiniscensis",NA,"W","N","20090618"
"9I","1st","","lily.a",NA,"W","N","20090618"
"9I","1st","","lily.b",NA,"W","N","20090618"
"9I","1st","","lippia.javanica",NA,"W","N","20090618"
"9I","1st","","melhania.spp.",NA,"W","N","20090618"
"9I","1st","","misopates.orontium",NA,"W","N","20090618"
"9I","1st","","mollugo.nudicaulis",NA,"W","N","20090618"
"9I","1st","","monechima.debile",NA,"W","N","20090618"
"9I","1st","","monsonia.augustifolia",NA,"W","N","20090618"
"9I","1st","","ocimum.sp",NA,"W","N","20090618"
"9I","1st","","osteospermum.vaillantii",NA,"W","N","20090618"
"9I","1st","","oxygonum.sinuatum",NA,"W","N","20090618"
"9I","1st","","pavonia.patens",NA,"W","N","20090618"
"9I","1st","","pelargonium.alchemilloides",NA,"W","N","20090618"
"9I","1st","","pentanisia.ouranogyne",NA,"W","N","20090618"
"9I","1st","","phyllanthus.maderaspatensis",NA,"W","N","20090618"
"9I","1st","","plectranthus.spp",NA,"W","N","20090618"
"9I","1st","","pollichia.campestris",NA,"W","N","20090618"
"9I","1st","","polygala..l.",NA,"W","N","20090618"
"9I","1st","","polygala.sphenoptera",NA,"W","N","20090618"
"9I","1st","","portulaca.oleracea",NA,"W","N","20090618"
"9I","1st","","portulaca.quadrifida",NA,"W","N","20090618"
"9I","1st","","pseudognaphalium..helichrysum.glumaceum.",1,"W","N","20090618"
"9I","1st","","psilotrichum.schimperi",NA,"W","N","20090618"
"9I","1st","","rhinacanthus.ndorensis",NA,"W","N","20090618"
"9I","1st","","rhynchosia.holstii",NA,"W","N","20090618"
"9I","1st","","schkuhria.pinnata",NA,"W","N","20090618"
"9I","1st","","sida.2",NA,"W","N","20090618"
"9I","1st","","sida.cuneifolia",NA,"W","N","20090618"
"9I","1st","","solanum.incanum",NA,"W","N","20090618"
"9I","1st","","solanum.indicum",NA,"W","N","20090618"
"9I","1st","","tribulus.terrestris",NA,"W","N","20090618"
"9I","1st","","u",NA,"W","N","20090618"
"9I","1st","","w",NA,"W","N","20090618"
"9I","1st","","x_4",NA,"W","N","20090618"
"9I","1st","","x_5",NA,"W","N","20090618"
"9I","1st","","x_6",NA,"W","N","20090618"
"9I","1st","","x_7",NA,"W","N","20090618"
"9I","1st","","x_8",NA,"W","N","20090618"
"10J","1st","","bracharia.lacnantha",NA,"W","N","20090618"
"10J","1st","","lintonia.nutans",NA,"W","N","20090618"
"10J","1st","","pennisetum.mezianum",NA,"W","N","20090618"
"10J","1st","","pennisetum.straminium",NA,"W","N","20090618"
"10J","1st","","themeda.triandra",NA,"W","N","20090618"
"10J","1st","","bare",3,"W","N","20090618"
"10J","1st","","x_2",NA,"W","N","20090618"
"10J","1st","","aristida.kenyensis",NA,"W","N","20090618"
"10J","1st","","bothriochloa.insculpta",NA,"W","N","20090618"
"10J","1st","","bracharia.3",NA,"W","N","20090618"
"10J","1st","","bracharia.eruciformis",NA,"W","N","20090618"
"10J","1st","","chloris.sp",NA,"W","N","20090618"
"10J","1st","","cynodon.dactylon",NA,"W","N","20090618"
"10J","1st","","cynodon.plectostachyus",NA,"W","N","20090618"
"10J","1st","","cyperus...mariscus.spp",NA,"W","N","20090618"
"10J","1st","","digitaria.2",NA,"W","N","20090618"
"10J","1st","","digitaria.milanjiana",NA,"W","N","20090618"
"10J","1st","","dinebra.retroflexa",NA,"W","N","20090618"
"10J","1st","","eragrostis.tenuifolia",NA,"W","N","20090618"
"10J","1st","","harpachne.schimperi",NA,"W","N","20090618"
"10J","1st","","microchloa.kunthii",NA,"W","N","20090618"
"10J","1st","","panicum.astrosanguinum",NA,"W","N","20090618"
"10J","1st","","setaria.acromelaena..small.",NA,"W","N","20090618"
"10J","1st","","setaria.sphaecealata..big.",NA,"W","N","20090618"
"10J","1st","","sporobolus.pyramidalis",NA,"W","N","20090618"
"10J","1st","","tragus.berteronianus",NA,"W","N","20090618"
"10J","1st","","x_3",NA,"W","N","20090618"
"10J","1st","","acalypha.crenata",NA,"W","N","20090618"
"10J","1st","","aerva.lanata",NA,"W","N","20090618"
"10J","1st","","amaranthus.hibridus",NA,"W","N","20090618"
"10J","1st","","aspilia.pluriseta",NA,"W","N","20090618"
"10J","1st","","asterolinon.adoense..v.",NA,"W","N","20090618"
"10J","1st","","caralluma.acutangula",NA,"W","N","20090618"
"10J","1st","","chenopodium.opulifolium",NA,"W","N","20090618"
"10J","1st","","chenopodium.schraderianum",NA,"W","N","20090618"
"10J","1st","","commelina.spp",NA,"W","N","20090618"
"10J","1st","","commicarpus.pedunculosus",NA,"W","N","20090618"
"10J","1st","","conyza.sp",NA,"W","N","20090618"
"10J","1st","","corchorus.sp",NA,"W","N","20090618"
"10J","1st","","crotelaria.sp",NA,"W","N","20090618"
"10J","1st","","cyathula.orthacantha",NA,"W","N","20090618"
"10J","1st","","dyscoriste.radicans",NA,"W","N","20090618"
"10J","1st","","euphorbia.inaequilatera",NA,"W","N","20090618"
"10J","1st","","evolvulus.alsinoides",NA,"W","N","20090618"
"10J","1st","","fern",NA,"W","N","20090618"
"10J","1st","","gutenbergia.sp",NA,"W","N","20090618"
"10J","1st","","hermannia.uhligii",NA,"W","N","20090618"
"10J","1st","","hibiscus.flavifolius",NA,"W","N","20090618"
"10J","1st","","hibiscus.trionum",NA,"W","N","20090618"
"10J","1st","","indigofera.brevicalyx",NA,"W","N","20090618"
"10J","1st","","indigofera.schimperi",NA,"W","N","20090618"
"10J","1st","","ipomea.sinensis",NA,"W","N","20090618"
"10J","1st","","justicia.dichipteroides",NA,"W","N","20090618"
"10J","1st","","k",NA,"W","N","20090618"
"10J","1st","","kyllinga.sp",NA,"W","N","20090618"
"10J","1st","","leucas.glabrata",NA,"W","N","20090618"
"10J","1st","","leucas.martiniscensis",NA,"W","N","20090618"
"10J","1st","","lily.a",NA,"W","N","20090618"
"10J","1st","","lily.b",NA,"W","N","20090618"
"10J","1st","","lippia.javanica",NA,"W","N","20090618"
"10J","1st","","melhania.spp.",NA,"W","N","20090618"
"10J","1st","","misopates.orontium",NA,"W","N","20090618"
"10J","1st","","mollugo.nudicaulis",NA,"W","N","20090618"
"10J","1st","","monechima.debile",NA,"W","N","20090618"
"10J","1st","","monsonia.augustifolia",NA,"W","N","20090618"
"10J","1st","","ocimum.sp",NA,"W","N","20090618"
"10J","1st","","osteospermum.vaillantii",NA,"W","N","20090618"
"10J","1st","","oxygonum.sinuatum",NA,"W","N","20090618"
"10J","1st","","pavonia.patens",NA,"W","N","20090618"
"10J","1st","","pelargonium.alchemilloides",NA,"W","N","20090618"
"10J","1st","","pentanisia.ouranogyne",NA,"W","N","20090618"
"10J","1st","","phyllanthus.maderaspatensis",NA,"W","N","20090618"
"10J","1st","","plectranthus.spp",NA,"W","N","20090618"
"10J","1st","","pollichia.campestris",NA,"W","N","20090618"
"10J","1st","","polygala..l.",NA,"W","N","20090618"
"10J","1st","","polygala.sphenoptera",NA,"W","N","20090618"
"10J","1st","","portulaca.oleracea",NA,"W","N","20090618"
"10J","1st","","portulaca.quadrifida",NA,"W","N","20090618"
"10J","1st","","pseudognaphalium..helichrysum.glumaceum.",NA,"W","N","20090618"
"10J","1st","","psilotrichum.schimperi",NA,"W","N","20090618"
"10J","1st","","rhinacanthus.ndorensis",NA,"W","N","20090618"
"10J","1st","","rhynchosia.holstii",NA,"W","N","20090618"
"10J","1st","","schkuhria.pinnata",NA,"W","N","20090618"
"10J","1st","","sida.2",NA,"W","N","20090618"
"10J","1st","","sida.cuneifolia",NA,"W","N","20090618"
"10J","1st","","solanum.incanum",NA,"W","N","20090618"
"10J","1st","","solanum.indicum",NA,"W","N","20090618"
"10J","1st","","tribulus.terrestris",NA,"W","N","20090618"
"10J","1st","","u",NA,"W","N","20090618"
"10J","1st","","w",NA,"W","N","20090618"
"10J","1st","","x_4",NA,"W","N","20090618"
"10J","1st","","x_5",NA,"W","N","20090618"
"10J","1st","","x_6",NA,"W","N","20090618"
"10J","1st","","x_7",NA,"W","N","20090618"
"10J","1st","","x_8",NA,"W","N","20090618"
"10H","1st","","bracharia.lacnantha",NA,"W","N","20090618"
"10H","1st","","lintonia.nutans",NA,"W","N","20090618"
"10H","1st","","pennisetum.mezianum",NA,"W","N","20090618"
"10H","1st","","pennisetum.straminium",NA,"W","N","20090618"
"10H","1st","","themeda.triandra",NA,"W","N","20090618"
"10H","1st","","bare",NA,"W","N","20090618"
"10H","1st","","x_2",NA,"W","N","20090618"
"10H","1st","","aristida.kenyensis",NA,"W","N","20090618"
"10H","1st","","bothriochloa.insculpta",NA,"W","N","20090618"
"10H","1st","","bracharia.3",NA,"W","N","20090618"
"10H","1st","","bracharia.eruciformis",NA,"W","N","20090618"
"10H","1st","","chloris.sp",NA,"W","N","20090618"
"10H","1st","","cynodon.dactylon",NA,"W","N","20090618"
"10H","1st","","cynodon.plectostachyus",NA,"W","N","20090618"
"10H","1st","","cyperus...mariscus.spp",NA,"W","N","20090618"
"10H","1st","","digitaria.2",NA,"W","N","20090618"
"10H","1st","","digitaria.milanjiana",NA,"W","N","20090618"
"10H","1st","","dinebra.retroflexa",NA,"W","N","20090618"
"10H","1st","","eragrostis.tenuifolia",NA,"W","N","20090618"
"10H","1st","","harpachne.schimperi",NA,"W","N","20090618"
"10H","1st","","microchloa.kunthii",NA,"W","N","20090618"
"10H","1st","","panicum.astrosanguinum",NA,"W","N","20090618"
"10H","1st","","setaria.acromelaena..small.",NA,"W","N","20090618"
"10H","1st","","setaria.sphaecealata..big.",NA,"W","N","20090618"
"10H","1st","","sporobolus.pyramidalis",NA,"W","N","20090618"
"10H","1st","","tragus.berteronianus",NA,"W","N","20090618"
"10H","1st","","x_3",NA,"W","N","20090618"
"10H","1st","","acalypha.crenata",NA,"W","N","20090618"
"10H","1st","","aerva.lanata",NA,"W","N","20090618"
"10H","1st","","amaranthus.hibridus",NA,"W","N","20090618"
"10H","1st","","aspilia.pluriseta",NA,"W","N","20090618"
"10H","1st","","asterolinon.adoense..v.",NA,"W","N","20090618"
"10H","1st","","caralluma.acutangula",NA,"W","N","20090618"
"10H","1st","","chenopodium.opulifolium",NA,"W","N","20090618"
"10H","1st","","chenopodium.schraderianum",NA,"W","N","20090618"
"10H","1st","","commelina.spp",NA,"W","N","20090618"
"10H","1st","","commicarpus.pedunculosus",NA,"W","N","20090618"
"10H","1st","","conyza.sp",NA,"W","N","20090618"
"10H","1st","","corchorus.sp",NA,"W","N","20090618"
"10H","1st","","crotelaria.sp",NA,"W","N","20090618"
"10H","1st","","cyathula.orthacantha",NA,"W","N","20090618"
"10H","1st","","dyscoriste.radicans",NA,"W","N","20090618"
"10H","1st","","euphorbia.inaequilatera",NA,"W","N","20090618"
"10H","1st","","evolvulus.alsinoides",NA,"W","N","20090618"
"10H","1st","","fern",NA,"W","N","20090618"
"10H","1st","","gutenbergia.sp",NA,"W","N","20090618"
"10H","1st","","hermannia.uhligii",NA,"W","N","20090618"
"10H","1st","","hibiscus.flavifolius",NA,"W","N","20090618"
"10H","1st","","hibiscus.trionum",NA,"W","N","20090618"
"10H","1st","","indigofera.brevicalyx",NA,"W","N","20090618"
"10H","1st","","indigofera.schimperi",NA,"W","N","20090618"
"10H","1st","","ipomea.sinensis",NA,"W","N","20090618"
"10H","1st","","justicia.dichipteroides",NA,"W","N","20090618"
"10H","1st","","k",NA,"W","N","20090618"
"10H","1st","","kyllinga.sp",NA,"W","N","20090618"
"10H","1st","","leucas.glabrata",NA,"W","N","20090618"
"10H","1st","","leucas.martiniscensis",NA,"W","N","20090618"
"10H","1st","","lily.a",NA,"W","N","20090618"
"10H","1st","","lily.b",NA,"W","N","20090618"
"10H","1st","","lippia.javanica",NA,"W","N","20090618"
"10H","1st","","melhania.spp.",NA,"W","N","20090618"
"10H","1st","","misopates.orontium",NA,"W","N","20090618"
"10H","1st","","mollugo.nudicaulis",NA,"W","N","20090618"
"10H","1st","","monechima.debile",NA,"W","N","20090618"
"10H","1st","","monsonia.augustifolia",NA,"W","N","20090618"
"10H","1st","","ocimum.sp",NA,"W","N","20090618"
"10H","1st","","osteospermum.vaillantii",NA,"W","N","20090618"
"10H","1st","","oxygonum.sinuatum",NA,"W","N","20090618"
"10H","1st","","pavonia.patens",NA,"W","N","20090618"
"10H","1st","","pelargonium.alchemilloides",NA,"W","N","20090618"
"10H","1st","","pentanisia.ouranogyne",NA,"W","N","20090618"
"10H","1st","","phyllanthus.maderaspatensis",NA,"W","N","20090618"
"10H","1st","","plectranthus.spp",NA,"W","N","20090618"
"10H","1st","","pollichia.campestris",NA,"W","N","20090618"
"10H","1st","","polygala..l.",NA,"W","N","20090618"
"10H","1st","","polygala.sphenoptera",NA,"W","N","20090618"
"10H","1st","","portulaca.oleracea",NA,"W","N","20090618"
"10H","1st","","portulaca.quadrifida",NA,"W","N","20090618"
"10H","1st","","pseudognaphalium..helichrysum.glumaceum.",NA,"W","N","20090618"
"10H","1st","","psilotrichum.schimperi",NA,"W","N","20090618"
"10H","1st","","rhinacanthus.ndorensis",NA,"W","N","20090618"
"10H","1st","","rhynchosia.holstii",NA,"W","N","20090618"
"10H","1st","","schkuhria.pinnata",NA,"W","N","20090618"
"10H","1st","","sida.2",NA,"W","N","20090618"
"10H","1st","","sida.cuneifolia",NA,"W","N","20090618"
"10H","1st","","solanum.incanum",NA,"W","N","20090618"
"10H","1st","","solanum.indicum",NA,"W","N","20090618"
"10H","1st","","tribulus.terrestris",NA,"W","N","20090618"
"10H","1st","","u",NA,"W","N","20090618"
"10H","1st","","w",NA,"W","N","20090618"
"10H","1st","","x_4",NA,"W","N","20090618"
"10H","1st","","x_5",NA,"W","N","20090618"
"10H","1st","","x_6",NA,"W","N","20090618"
"10H","1st","","x_7",NA,"W","N","20090618"
"10H","1st","","x_8",NA,"W","N","20090618"
"10F","1st","","bracharia.lacnantha",NA,"W","N","20090618"
"10F","1st","","lintonia.nutans",NA,"W","N","20090618"
"10F","1st","","pennisetum.mezianum",NA,"W","N","20090618"
"10F","1st","","pennisetum.straminium",NA,"W","N","20090618"
"10F","1st","","themeda.triandra",NA,"W","N","20090618"
"10F","1st","","bare",2,"W","N","20090618"
"10F","1st","","x_2",NA,"W","N","20090618"
"10F","1st","","aristida.kenyensis",NA,"W","N","20090618"
"10F","1st","","bothriochloa.insculpta",NA,"W","N","20090618"
"10F","1st","","bracharia.3",NA,"W","N","20090618"
"10F","1st","","bracharia.eruciformis",NA,"W","N","20090618"
"10F","1st","","chloris.sp",NA,"W","N","20090618"
"10F","1st","","cynodon.dactylon",NA,"W","N","20090618"
"10F","1st","","cynodon.plectostachyus",NA,"W","N","20090618"
"10F","1st","","cyperus...mariscus.spp",NA,"W","N","20090618"
"10F","1st","","digitaria.2",NA,"W","N","20090618"
"10F","1st","","digitaria.milanjiana",NA,"W","N","20090618"
"10F","1st","","dinebra.retroflexa",NA,"W","N","20090618"
"10F","1st","","eragrostis.tenuifolia",NA,"W","N","20090618"
"10F","1st","","harpachne.schimperi",NA,"W","N","20090618"
"10F","1st","","microchloa.kunthii",NA,"W","N","20090618"
"10F","1st","","panicum.astrosanguinum",NA,"W","N","20090618"
"10F","1st","","setaria.acromelaena..small.",NA,"W","N","20090618"
"10F","1st","","setaria.sphaecealata..big.",NA,"W","N","20090618"
"10F","1st","","sporobolus.pyramidalis",NA,"W","N","20090618"
"10F","1st","","tragus.berteronianus",NA,"W","N","20090618"
"10F","1st","","x_3",NA,"W","N","20090618"
"10F","1st","","acalypha.crenata",NA,"W","N","20090618"
"10F","1st","","aerva.lanata",NA,"W","N","20090618"
"10F","1st","","amaranthus.hibridus",NA,"W","N","20090618"
"10F","1st","","aspilia.pluriseta",NA,"W","N","20090618"
"10F","1st","","asterolinon.adoense..v.",NA,"W","N","20090618"
"10F","1st","","caralluma.acutangula",NA,"W","N","20090618"
"10F","1st","","chenopodium.opulifolium",NA,"W","N","20090618"
"10F","1st","","chenopodium.schraderianum",NA,"W","N","20090618"
"10F","1st","","commelina.spp",NA,"W","N","20090618"
"10F","1st","","commicarpus.pedunculosus",NA,"W","N","20090618"
"10F","1st","","conyza.sp",NA,"W","N","20090618"
"10F","1st","","corchorus.sp",NA,"W","N","20090618"
"10F","1st","","crotelaria.sp",NA,"W","N","20090618"
"10F","1st","","cyathula.orthacantha",NA,"W","N","20090618"
"10F","1st","","dyscoriste.radicans",NA,"W","N","20090618"
"10F","1st","","euphorbia.inaequilatera",NA,"W","N","20090618"
"10F","1st","","evolvulus.alsinoides",NA,"W","N","20090618"
"10F","1st","","fern",NA,"W","N","20090618"
"10F","1st","","gutenbergia.sp",NA,"W","N","20090618"
"10F","1st","","hermannia.uhligii",NA,"W","N","20090618"
"10F","1st","","hibiscus.flavifolius",NA,"W","N","20090618"
"10F","1st","","hibiscus.trionum",NA,"W","N","20090618"
"10F","1st","","indigofera.brevicalyx",NA,"W","N","20090618"
"10F","1st","","indigofera.schimperi",NA,"W","N","20090618"
"10F","1st","","ipomea.sinensis",NA,"W","N","20090618"
"10F","1st","","justicia.dichipteroides",NA,"W","N","20090618"
"10F","1st","","k",NA,"W","N","20090618"
"10F","1st","","kyllinga.sp",NA,"W","N","20090618"
"10F","1st","","leucas.glabrata",NA,"W","N","20090618"
"10F","1st","","leucas.martiniscensis",NA,"W","N","20090618"
"10F","1st","","lily.a",NA,"W","N","20090618"
"10F","1st","","lily.b",NA,"W","N","20090618"
"10F","1st","","lippia.javanica",NA,"W","N","20090618"
"10F","1st","","melhania.spp.",NA,"W","N","20090618"
"10F","1st","","misopates.orontium",NA,"W","N","20090618"
"10F","1st","","mollugo.nudicaulis",NA,"W","N","20090618"
"10F","1st","","monechima.debile",NA,"W","N","20090618"
"10F","1st","","monsonia.augustifolia",NA,"W","N","20090618"
"10F","1st","","ocimum.sp",NA,"W","N","20090618"
"10F","1st","","osteospermum.vaillantii",NA,"W","N","20090618"
"10F","1st","","oxygonum.sinuatum",NA,"W","N","20090618"
"10F","1st","","pavonia.patens",NA,"W","N","20090618"
"10F","1st","","pelargonium.alchemilloides",NA,"W","N","20090618"
"10F","1st","","pentanisia.ouranogyne",NA,"W","N","20090618"
"10F","1st","","phyllanthus.maderaspatensis",NA,"W","N","20090618"
"10F","1st","","plectranthus.spp",NA,"W","N","20090618"
"10F","1st","","pollichia.campestris",NA,"W","N","20090618"
"10F","1st","","polygala..l.",NA,"W","N","20090618"
"10F","1st","","polygala.sphenoptera",NA,"W","N","20090618"
"10F","1st","","portulaca.oleracea",NA,"W","N","20090618"
"10F","1st","","portulaca.quadrifida",NA,"W","N","20090618"
"10F","1st","","pseudognaphalium..helichrysum.glumaceum.",NA,"W","N","20090618"
"10F","1st","","psilotrichum.schimperi",NA,"W","N","20090618"
"10F","1st","","rhinacanthus.ndorensis",NA,"W","N","20090618"
"10F","1st","","rhynchosia.holstii",NA,"W","N","20090618"
"10F","1st","","schkuhria.pinnata",NA,"W","N","20090618"
"10F","1st","","sida.2",NA,"W","N","20090618"
"10F","1st","","sida.cuneifolia",NA,"W","N","20090618"
"10F","1st","","solanum.incanum",NA,"W","N","20090618"
"10F","1st","","solanum.indicum",NA,"W","N","20090618"
"10F","1st","","tribulus.terrestris",NA,"W","N","20090618"
"10F","1st","","u",NA,"W","N","20090618"
"10F","1st","","w",NA,"W","N","20090618"
"10F","1st","","x_4",NA,"W","N","20090618"
"10F","1st","","x_5",NA,"W","N","20090618"
"10F","1st","","x_6",NA,"W","N","20090618"
"10F","1st","","x_7",NA,"W","N","20090618"
"10F","1st","","x_8",NA,"W","N","20090618"
"10D","1st","","bracharia.lacnantha",NA,"W","N","20090618"
"10D","1st","","lintonia.nutans",NA,"W","N","20090618"
"10D","1st","","pennisetum.mezianum",NA,"W","N","20090618"
"10D","1st","","pennisetum.straminium",NA,"W","N","20090618"
"10D","1st","","themeda.triandra",NA,"W","N","20090618"
"10D","1st","","bare",1,"W","N","20090618"
"10D","1st","","x_2",NA,"W","N","20090618"
"10D","1st","","aristida.kenyensis",NA,"W","N","20090618"
"10D","1st","","bothriochloa.insculpta",NA,"W","N","20090618"
"10D","1st","","bracharia.3",NA,"W","N","20090618"
"10D","1st","","bracharia.eruciformis",NA,"W","N","20090618"
"10D","1st","","chloris.sp",NA,"W","N","20090618"
"10D","1st","","cynodon.dactylon",NA,"W","N","20090618"
"10D","1st","","cynodon.plectostachyus",NA,"W","N","20090618"
"10D","1st","","cyperus...mariscus.spp",NA,"W","N","20090618"
"10D","1st","","digitaria.2",NA,"W","N","20090618"
"10D","1st","","digitaria.milanjiana",NA,"W","N","20090618"
"10D","1st","","dinebra.retroflexa",NA,"W","N","20090618"
"10D","1st","","eragrostis.tenuifolia",NA,"W","N","20090618"
"10D","1st","","harpachne.schimperi",NA,"W","N","20090618"
"10D","1st","","microchloa.kunthii",NA,"W","N","20090618"
"10D","1st","","panicum.astrosanguinum",NA,"W","N","20090618"
"10D","1st","","setaria.acromelaena..small.",NA,"W","N","20090618"
"10D","1st","","setaria.sphaecealata..big.",NA,"W","N","20090618"
"10D","1st","","sporobolus.pyramidalis",NA,"W","N","20090618"
"10D","1st","","tragus.berteronianus",NA,"W","N","20090618"
"10D","1st","","x_3",NA,"W","N","20090618"
"10D","1st","","acalypha.crenata",NA,"W","N","20090618"
"10D","1st","","aerva.lanata",NA,"W","N","20090618"
"10D","1st","","amaranthus.hibridus",NA,"W","N","20090618"
"10D","1st","","aspilia.pluriseta",NA,"W","N","20090618"
"10D","1st","","asterolinon.adoense..v.",NA,"W","N","20090618"
"10D","1st","","caralluma.acutangula",NA,"W","N","20090618"
"10D","1st","","chenopodium.opulifolium",NA,"W","N","20090618"
"10D","1st","","chenopodium.schraderianum",NA,"W","N","20090618"
"10D","1st","","commelina.spp",NA,"W","N","20090618"
"10D","1st","","commicarpus.pedunculosus",NA,"W","N","20090618"
"10D","1st","","conyza.sp",NA,"W","N","20090618"
"10D","1st","","corchorus.sp",NA,"W","N","20090618"
"10D","1st","","crotelaria.sp",NA,"W","N","20090618"
"10D","1st","","cyathula.orthacantha",NA,"W","N","20090618"
"10D","1st","","dyscoriste.radicans",1,"W","N","20090618"
"10D","1st","","euphorbia.inaequilatera",NA,"W","N","20090618"
"10D","1st","","evolvulus.alsinoides",NA,"W","N","20090618"
"10D","1st","","fern",NA,"W","N","20090618"
"10D","1st","","gutenbergia.sp",NA,"W","N","20090618"
"10D","1st","","hermannia.uhligii",NA,"W","N","20090618"
"10D","1st","","hibiscus.flavifolius",NA,"W","N","20090618"
"10D","1st","","hibiscus.trionum",NA,"W","N","20090618"
"10D","1st","","indigofera.brevicalyx",NA,"W","N","20090618"
"10D","1st","","indigofera.schimperi",NA,"W","N","20090618"
"10D","1st","","ipomea.sinensis",NA,"W","N","20090618"
"10D","1st","","justicia.dichipteroides",NA,"W","N","20090618"
"10D","1st","","k",NA,"W","N","20090618"
"10D","1st","","kyllinga.sp",NA,"W","N","20090618"
"10D","1st","","leucas.glabrata",NA,"W","N","20090618"
"10D","1st","","leucas.martiniscensis",NA,"W","N","20090618"
"10D","1st","","lily.a",NA,"W","N","20090618"
"10D","1st","","lily.b",NA,"W","N","20090618"
"10D","1st","","lippia.javanica",NA,"W","N","20090618"
"10D","1st","","melhania.spp.",NA,"W","N","20090618"
"10D","1st","","misopates.orontium",NA,"W","N","20090618"
"10D","1st","","mollugo.nudicaulis",NA,"W","N","20090618"
"10D","1st","","monechima.debile",NA,"W","N","20090618"
"10D","1st","","monsonia.augustifolia",NA,"W","N","20090618"
"10D","1st","","ocimum.sp",NA,"W","N","20090618"
"10D","1st","","osteospermum.vaillantii",NA,"W","N","20090618"
"10D","1st","","oxygonum.sinuatum",NA,"W","N","20090618"
"10D","1st","","pavonia.patens",NA,"W","N","20090618"
"10D","1st","","pelargonium.alchemilloides",NA,"W","N","20090618"
"10D","1st","","pentanisia.ouranogyne",NA,"W","N","20090618"
"10D","1st","","phyllanthus.maderaspatensis",NA,"W","N","20090618"
"10D","1st","","plectranthus.spp",NA,"W","N","20090618"
"10D","1st","","pollichia.campestris",NA,"W","N","20090618"
"10D","1st","","polygala..l.",NA,"W","N","20090618"
"10D","1st","","polygala.sphenoptera",NA,"W","N","20090618"
"10D","1st","","portulaca.oleracea",NA,"W","N","20090618"
"10D","1st","","portulaca.quadrifida",NA,"W","N","20090618"
"10D","1st","","pseudognaphalium..helichrysum.glumaceum.",NA,"W","N","20090618"
"10D","1st","","psilotrichum.schimperi",NA,"W","N","20090618"
"10D","1st","","rhinacanthus.ndorensis",NA,"W","N","20090618"
"10D","1st","","rhynchosia.holstii",NA,"W","N","20090618"
"10D","1st","","schkuhria.pinnata",NA,"W","N","20090618"
"10D","1st","","sida.2",NA,"W","N","20090618"
"10D","1st","","sida.cuneifolia",NA,"W","N","20090618"
"10D","1st","","solanum.incanum",NA,"W","N","20090618"
"10D","1st","","solanum.indicum",NA,"W","N","20090618"
"10D","1st","","tribulus.terrestris",NA,"W","N","20090618"
"10D","1st","","u",NA,"W","N","20090618"
"10D","1st","","w",NA,"W","N","20090618"
"10D","1st","","x_4",NA,"W","N","20090618"
"10D","1st","","x_5",NA,"W","N","20090618"
"10D","1st","","x_6",NA,"W","N","20090618"
"10D","1st","","x_7",NA,"W","N","20090618"
"10D","1st","","x_8",NA,"W","N","20090618"
"10B","1st","","bracharia.lacnantha",NA,"W","N","20090618"
"10B","1st","","lintonia.nutans",NA,"W","N","20090618"
"10B","1st","","pennisetum.mezianum",NA,"W","N","20090618"
"10B","1st","","pennisetum.straminium",NA,"W","N","20090618"
"10B","1st","","themeda.triandra",NA,"W","N","20090618"
"10B","1st","","bare",NA,"W","N","20090618"
"10B","1st","","x_2",NA,"W","N","20090618"
"10B","1st","","aristida.kenyensis",NA,"W","N","20090618"
"10B","1st","","bothriochloa.insculpta",NA,"W","N","20090618"
"10B","1st","","bracharia.3",NA,"W","N","20090618"
"10B","1st","","bracharia.eruciformis",NA,"W","N","20090618"
"10B","1st","","chloris.sp",NA,"W","N","20090618"
"10B","1st","","cynodon.dactylon",NA,"W","N","20090618"
"10B","1st","","cynodon.plectostachyus",NA,"W","N","20090618"
"10B","1st","","cyperus...mariscus.spp",NA,"W","N","20090618"
"10B","1st","","digitaria.2",NA,"W","N","20090618"
"10B","1st","","digitaria.milanjiana",NA,"W","N","20090618"
"10B","1st","","dinebra.retroflexa",NA,"W","N","20090618"
"10B","1st","","eragrostis.tenuifolia",NA,"W","N","20090618"
"10B","1st","","harpachne.schimperi",NA,"W","N","20090618"
"10B","1st","","microchloa.kunthii",NA,"W","N","20090618"
"10B","1st","","panicum.astrosanguinum",NA,"W","N","20090618"
"10B","1st","","setaria.acromelaena..small.",NA,"W","N","20090618"
"10B","1st","","setaria.sphaecealata..big.",NA,"W","N","20090618"
"10B","1st","","sporobolus.pyramidalis",NA,"W","N","20090618"
"10B","1st","","tragus.berteronianus",NA,"W","N","20090618"
"10B","1st","","x_3",NA,"W","N","20090618"
"10B","1st","","acalypha.crenata",NA,"W","N","20090618"
"10B","1st","","aerva.lanata",NA,"W","N","20090618"
"10B","1st","","amaranthus.hibridus",NA,"W","N","20090618"
"10B","1st","","aspilia.pluriseta",NA,"W","N","20090618"
"10B","1st","","asterolinon.adoense..v.",NA,"W","N","20090618"
"10B","1st","","caralluma.acutangula",NA,"W","N","20090618"
"10B","1st","","chenopodium.opulifolium",NA,"W","N","20090618"
"10B","1st","","chenopodium.schraderianum",NA,"W","N","20090618"
"10B","1st","","commelina.spp",NA,"W","N","20090618"
"10B","1st","","commicarpus.pedunculosus",NA,"W","N","20090618"
"10B","1st","","conyza.sp",NA,"W","N","20090618"
"10B","1st","","corchorus.sp",NA,"W","N","20090618"
"10B","1st","","crotelaria.sp",NA,"W","N","20090618"
"10B","1st","","cyathula.orthacantha",NA,"W","N","20090618"
"10B","1st","","dyscoriste.radicans",NA,"W","N","20090618"
"10B","1st","","euphorbia.inaequilatera",NA,"W","N","20090618"
"10B","1st","","evolvulus.alsinoides",NA,"W","N","20090618"
"10B","1st","","fern",NA,"W","N","20090618"
"10B","1st","","gutenbergia.sp",NA,"W","N","20090618"
"10B","1st","","hermannia.uhligii",NA,"W","N","20090618"
"10B","1st","","hibiscus.flavifolius",NA,"W","N","20090618"
"10B","1st","","hibiscus.trionum",NA,"W","N","20090618"
"10B","1st","","indigofera.brevicalyx",NA,"W","N","20090618"
"10B","1st","","indigofera.schimperi",NA,"W","N","20090618"
"10B","1st","","ipomea.sinensis",NA,"W","N","20090618"
"10B","1st","","justicia.dichipteroides",NA,"W","N","20090618"
"10B","1st","","k",NA,"W","N","20090618"
"10B","1st","","kyllinga.sp",NA,"W","N","20090618"
"10B","1st","","leucas.glabrata",NA,"W","N","20090618"
"10B","1st","","leucas.martiniscensis",NA,"W","N","20090618"
"10B","1st","","lily.a",NA,"W","N","20090618"
"10B","1st","","lily.b",NA,"W","N","20090618"
"10B","1st","","lippia.javanica",NA,"W","N","20090618"
"10B","1st","","melhania.spp.",NA,"W","N","20090618"
"10B","1st","","misopates.orontium",NA,"W","N","20090618"
"10B","1st","","mollugo.nudicaulis",NA,"W","N","20090618"
"10B","1st","","monechima.debile",NA,"W","N","20090618"
"10B","1st","","monsonia.augustifolia",NA,"W","N","20090618"
"10B","1st","","ocimum.sp",NA,"W","N","20090618"
"10B","1st","","osteospermum.vaillantii",NA,"W","N","20090618"
"10B","1st","","oxygonum.sinuatum",NA,"W","N","20090618"
"10B","1st","","pavonia.patens",NA,"W","N","20090618"
"10B","1st","","pelargonium.alchemilloides",NA,"W","N","20090618"
"10B","1st","","pentanisia.ouranogyne",NA,"W","N","20090618"
"10B","1st","","phyllanthus.maderaspatensis",NA,"W","N","20090618"
"10B","1st","","plectranthus.spp",NA,"W","N","20090618"
"10B","1st","","pollichia.campestris",NA,"W","N","20090618"
"10B","1st","","polygala..l.",NA,"W","N","20090618"
"10B","1st","","polygala.sphenoptera",NA,"W","N","20090618"
"10B","1st","","portulaca.oleracea",NA,"W","N","20090618"
"10B","1st","","portulaca.quadrifida",NA,"W","N","20090618"
"10B","1st","","pseudognaphalium..helichrysum.glumaceum.",NA,"W","N","20090618"
"10B","1st","","psilotrichum.schimperi",NA,"W","N","20090618"
"10B","1st","","rhinacanthus.ndorensis",NA,"W","N","20090618"
"10B","1st","","rhynchosia.holstii",NA,"W","N","20090618"
"10B","1st","","schkuhria.pinnata",NA,"W","N","20090618"
"10B","1st","","sida.2",NA,"W","N","20090618"
"10B","1st","","sida.cuneifolia",NA,"W","N","20090618"
"10B","1st","","solanum.incanum",NA,"W","N","20090618"
"10B","1st","","solanum.indicum",NA,"W","N","20090618"
"10B","1st","","tribulus.terrestris",NA,"W","N","20090618"
"10B","1st","","u",NA,"W","N","20090618"
"10B","1st","","w",NA,"W","N","20090618"
"10B","1st","","x_4",NA,"W","N","20090618"
"10B","1st","","x_5",NA,"W","N","20090618"
"10B","1st","","x_6",NA,"W","N","20090618"
"10B","1st","","x_7",NA,"W","N","20090618"
"10B","1st","","x_8",NA,"W","N","20090618"
"1A","1st","","bracharia.lacnantha",NA,"WC","N","20090619"
"1A","1st","","lintonia.nutans",NA,"WC","N","20090619"
"1A","1st","","pennisetum.mezianum",NA,"WC","N","20090619"
"1A","1st","","pennisetum.straminium",NA,"WC","N","20090619"
"1A","1st","","themeda.triandra",NA,"WC","N","20090619"
"1A","1st","","bare",8,"WC","N","20090619"
"1A","1st","","x_2",NA,"WC","N","20090619"
"1A","1st","","aristida.kenyensis",NA,"WC","N","20090619"
"1A","1st","","bothriochloa.insculpta",NA,"WC","N","20090619"
"1A","1st","","bracharia.3",NA,"WC","N","20090619"
"1A","1st","","bracharia.eruciformis",NA,"WC","N","20090619"
"1A","1st","","chloris.sp",NA,"WC","N","20090619"
"1A","1st","","cynodon.dactylon",NA,"WC","N","20090619"
"1A","1st","","cynodon.plectostachyus",NA,"WC","N","20090619"
"1A","1st","","cyperus...mariscus.spp",NA,"WC","N","20090619"
"1A","1st","","digitaria.2",NA,"WC","N","20090619"
"1A","1st","","digitaria.milanjiana",NA,"WC","N","20090619"
"1A","1st","","dinebra.retroflexa",NA,"WC","N","20090619"
"1A","1st","","eragrostis.tenuifolia",NA,"WC","N","20090619"
"1A","1st","","harpachne.schimperi",NA,"WC","N","20090619"
"1A","1st","","microchloa.kunthii",NA,"WC","N","20090619"
"1A","1st","","panicum.astrosanguinum",NA,"WC","N","20090619"
"1A","1st","","setaria.acromelaena..small.",NA,"WC","N","20090619"
"1A","1st","","setaria.sphaecealata..big.",NA,"WC","N","20090619"
"1A","1st","","sporobolus.pyramidalis",NA,"WC","N","20090619"
"1A","1st","","tragus.berteronianus",NA,"WC","N","20090619"
"1A","1st","","x_3",NA,"WC","N","20090619"
"1A","1st","","acalypha.crenata",NA,"WC","N","20090619"
"1A","1st","","aerva.lanata",NA,"WC","N","20090619"
"1A","1st","","amaranthus.hibridus",NA,"WC","N","20090619"
"1A","1st","","aspilia.pluriseta",NA,"WC","N","20090619"
"1A","1st","","asterolinon.adoense..v.",NA,"WC","N","20090619"
"1A","1st","","caralluma.acutangula",NA,"WC","N","20090619"
"1A","1st","","chenopodium.opulifolium",NA,"WC","N","20090619"
"1A","1st","","chenopodium.schraderianum",NA,"WC","N","20090619"
"1A","1st","","commelina.spp",NA,"WC","N","20090619"
"1A","1st","","commicarpus.pedunculosus",NA,"WC","N","20090619"
"1A","1st","","conyza.sp",NA,"WC","N","20090619"
"1A","1st","","corchorus.sp",NA,"WC","N","20090619"
"1A","1st","","crotelaria.sp",NA,"WC","N","20090619"
"1A","1st","","cyathula.orthacantha",NA,"WC","N","20090619"
"1A","1st","","dyscoriste.radicans",NA,"WC","N","20090619"
"1A","1st","","euphorbia.inaequilatera",NA,"WC","N","20090619"
"1A","1st","","evolvulus.alsinoides",NA,"WC","N","20090619"
"1A","1st","","fern",NA,"WC","N","20090619"
"1A","1st","","gutenbergia.sp",NA,"WC","N","20090619"
"1A","1st","","hermannia.uhligii",NA,"WC","N","20090619"
"1A","1st","","hibiscus.flavifolius",NA,"WC","N","20090619"
"1A","1st","","hibiscus.trionum",NA,"WC","N","20090619"
"1A","1st","","indigofera.brevicalyx",NA,"WC","N","20090619"
"1A","1st","","indigofera.schimperi",NA,"WC","N","20090619"
"1A","1st","","ipomea.sinensis",NA,"WC","N","20090619"
"1A","1st","","justicia.dichipteroides",NA,"WC","N","20090619"
"1A","1st","","k",NA,"WC","N","20090619"
"1A","1st","","kyllinga.sp",NA,"WC","N","20090619"
"1A","1st","","leucas.glabrata",NA,"WC","N","20090619"
"1A","1st","","leucas.martiniscensis",NA,"WC","N","20090619"
"1A","1st","","lily.a",NA,"WC","N","20090619"
"1A","1st","","lily.b",NA,"WC","N","20090619"
"1A","1st","","lippia.javanica",NA,"WC","N","20090619"
"1A","1st","","melhania.spp.",NA,"WC","N","20090619"
"1A","1st","","misopates.orontium",NA,"WC","N","20090619"
"1A","1st","","mollugo.nudicaulis",NA,"WC","N","20090619"
"1A","1st","","monechima.debile",NA,"WC","N","20090619"
"1A","1st","","monsonia.augustifolia",NA,"WC","N","20090619"
"1A","1st","","ocimum.sp",NA,"WC","N","20090619"
"1A","1st","","osteospermum.vaillantii",NA,"WC","N","20090619"
"1A","1st","","oxygonum.sinuatum",NA,"WC","N","20090619"
"1A","1st","","pavonia.patens",NA,"WC","N","20090619"
"1A","1st","","pelargonium.alchemilloides",NA,"WC","N","20090619"
"1A","1st","","pentanisia.ouranogyne",NA,"WC","N","20090619"
"1A","1st","","phyllanthus.maderaspatensis",NA,"WC","N","20090619"
"1A","1st","","plectranthus.spp",NA,"WC","N","20090619"
"1A","1st","","pollichia.campestris",NA,"WC","N","20090619"
"1A","1st","","polygala..l.",NA,"WC","N","20090619"
"1A","1st","","polygala.sphenoptera",NA,"WC","N","20090619"
"1A","1st","","portulaca.oleracea",NA,"WC","N","20090619"
"1A","1st","","portulaca.quadrifida",NA,"WC","N","20090619"
"1A","1st","","pseudognaphalium..helichrysum.glumaceum.",NA,"WC","N","20090619"
"1A","1st","","psilotrichum.schimperi",NA,"WC","N","20090619"
"1A","1st","","rhinacanthus.ndorensis",NA,"WC","N","20090619"
"1A","1st","","rhynchosia.holstii",NA,"WC","N","20090619"
"1A","1st","","schkuhria.pinnata",NA,"WC","N","20090619"
"1A","1st","","sida.2",NA,"WC","N","20090619"
"1A","1st","","sida.cuneifolia",NA,"WC","N","20090619"
"1A","1st","","solanum.incanum",NA,"WC","N","20090619"
"1A","1st","","solanum.indicum",NA,"WC","N","20090619"
"1A","1st","","tribulus.terrestris",NA,"WC","N","20090619"
"1A","1st","","u",NA,"WC","N","20090619"
"1A","1st","","w",NA,"WC","N","20090619"
"1A","1st","","x_4",NA,"WC","N","20090619"
"1A","1st","","x_5",NA,"WC","N","20090619"
"1A","1st","","x_6",NA,"WC","N","20090619"
"1A","1st","","x_7",NA,"WC","N","20090619"
"1A","1st","","x_8",NA,"WC","N","20090619"
"1C","1st","","bracharia.lacnantha",NA,"WC","N","20090619"
"1C","1st","","lintonia.nutans",NA,"WC","N","20090619"
"1C","1st","","pennisetum.mezianum",NA,"WC","N","20090619"
"1C","1st","","pennisetum.straminium",NA,"WC","N","20090619"
"1C","1st","","themeda.triandra",NA,"WC","N","20090619"
"1C","1st","","bare",7,"WC","N","20090619"
"1C","1st","","x_2",NA,"WC","N","20090619"
"1C","1st","","aristida.kenyensis",NA,"WC","N","20090619"
"1C","1st","","bothriochloa.insculpta",NA,"WC","N","20090619"
"1C","1st","","bracharia.3",NA,"WC","N","20090619"
"1C","1st","","bracharia.eruciformis",NA,"WC","N","20090619"
"1C","1st","","chloris.sp",NA,"WC","N","20090619"
"1C","1st","","cynodon.dactylon",NA,"WC","N","20090619"
"1C","1st","","cynodon.plectostachyus",NA,"WC","N","20090619"
"1C","1st","","cyperus...mariscus.spp",NA,"WC","N","20090619"
"1C","1st","","digitaria.2",NA,"WC","N","20090619"
"1C","1st","","digitaria.milanjiana",NA,"WC","N","20090619"
"1C","1st","","dinebra.retroflexa",NA,"WC","N","20090619"
"1C","1st","","eragrostis.tenuifolia",NA,"WC","N","20090619"
"1C","1st","","harpachne.schimperi",NA,"WC","N","20090619"
"1C","1st","","microchloa.kunthii",NA,"WC","N","20090619"
"1C","1st","","panicum.astrosanguinum",NA,"WC","N","20090619"
"1C","1st","","setaria.acromelaena..small.",NA,"WC","N","20090619"
"1C","1st","","setaria.sphaecealata..big.",NA,"WC","N","20090619"
"1C","1st","","sporobolus.pyramidalis",NA,"WC","N","20090619"
"1C","1st","","tragus.berteronianus",NA,"WC","N","20090619"
"1C","1st","","x_3",NA,"WC","N","20090619"
"1C","1st","","acalypha.crenata",NA,"WC","N","20090619"
"1C","1st","","aerva.lanata",NA,"WC","N","20090619"
"1C","1st","","amaranthus.hibridus",NA,"WC","N","20090619"
"1C","1st","","aspilia.pluriseta",NA,"WC","N","20090619"
"1C","1st","","asterolinon.adoense..v.",NA,"WC","N","20090619"
"1C","1st","","caralluma.acutangula",NA,"WC","N","20090619"
"1C","1st","","chenopodium.opulifolium",NA,"WC","N","20090619"
"1C","1st","","chenopodium.schraderianum",NA,"WC","N","20090619"
"1C","1st","","commelina.spp",NA,"WC","N","20090619"
"1C","1st","","commicarpus.pedunculosus",NA,"WC","N","20090619"
"1C","1st","","conyza.sp",NA,"WC","N","20090619"
"1C","1st","","corchorus.sp",NA,"WC","N","20090619"
"1C","1st","","crotelaria.sp",NA,"WC","N","20090619"
"1C","1st","","cyathula.orthacantha",NA,"WC","N","20090619"
"1C","1st","","dyscoriste.radicans",NA,"WC","N","20090619"
"1C","1st","","euphorbia.inaequilatera",NA,"WC","N","20090619"
"1C","1st","","evolvulus.alsinoides",NA,"WC","N","20090619"
"1C","1st","","fern",NA,"WC","N","20090619"
"1C","1st","","gutenbergia.sp",NA,"WC","N","20090619"
"1C","1st","","hermannia.uhligii",NA,"WC","N","20090619"
"1C","1st","","hibiscus.flavifolius",NA,"WC","N","20090619"
"1C","1st","","hibiscus.trionum",NA,"WC","N","20090619"
"1C","1st","","indigofera.brevicalyx",NA,"WC","N","20090619"
"1C","1st","","indigofera.schimperi",NA,"WC","N","20090619"
"1C","1st","","ipomea.sinensis",NA,"WC","N","20090619"
"1C","1st","","justicia.dichipteroides",NA,"WC","N","20090619"
"1C","1st","","k",NA,"WC","N","20090619"
"1C","1st","","kyllinga.sp",NA,"WC","N","20090619"
"1C","1st","","leucas.glabrata",NA,"WC","N","20090619"
"1C","1st","","leucas.martiniscensis",NA,"WC","N","20090619"
"1C","1st","","lily.a",NA,"WC","N","20090619"
"1C","1st","","lily.b",NA,"WC","N","20090619"
"1C","1st","","lippia.javanica",NA,"WC","N","20090619"
"1C","1st","","melhania.spp.",NA,"WC","N","20090619"
"1C","1st","","misopates.orontium",NA,"WC","N","20090619"
"1C","1st","","mollugo.nudicaulis",NA,"WC","N","20090619"
"1C","1st","","monechima.debile",NA,"WC","N","20090619"
"1C","1st","","monsonia.augustifolia",NA,"WC","N","20090619"
"1C","1st","","ocimum.sp",NA,"WC","N","20090619"
"1C","1st","","osteospermum.vaillantii",NA,"WC","N","20090619"
"1C","1st","","oxygonum.sinuatum",NA,"WC","N","20090619"
"1C","1st","","pavonia.patens",NA,"WC","N","20090619"
"1C","1st","","pelargonium.alchemilloides",NA,"WC","N","20090619"
"1C","1st","","pentanisia.ouranogyne",NA,"WC","N","20090619"
"1C","1st","","phyllanthus.maderaspatensis",NA,"WC","N","20090619"
"1C","1st","","plectranthus.spp",NA,"WC","N","20090619"
"1C","1st","","pollichia.campestris",NA,"WC","N","20090619"
"1C","1st","","polygala..l.",NA,"WC","N","20090619"
"1C","1st","","polygala.sphenoptera",NA,"WC","N","20090619"
"1C","1st","","portulaca.oleracea",NA,"WC","N","20090619"
"1C","1st","","portulaca.quadrifida",NA,"WC","N","20090619"
"1C","1st","","pseudognaphalium..helichrysum.glumaceum.",NA,"WC","N","20090619"
"1C","1st","","psilotrichum.schimperi",NA,"WC","N","20090619"
"1C","1st","","rhinacanthus.ndorensis",NA,"WC","N","20090619"
"1C","1st","","rhynchosia.holstii",NA,"WC","N","20090619"
"1C","1st","","schkuhria.pinnata",NA,"WC","N","20090619"
"1C","1st","","sida.2",NA,"WC","N","20090619"
"1C","1st","","sida.cuneifolia",NA,"WC","N","20090619"
"1C","1st","","solanum.incanum",NA,"WC","N","20090619"
"1C","1st","","solanum.indicum",NA,"WC","N","20090619"
"1C","1st","","tribulus.terrestris",NA,"WC","N","20090619"
"1C","1st","","u",NA,"WC","N","20090619"
"1C","1st","","w",NA,"WC","N","20090619"
"1C","1st","","x_4",NA,"WC","N","20090619"
"1C","1st","","x_5",NA,"WC","N","20090619"
"1C","1st","","x_6",NA,"WC","N","20090619"
"1C","1st","","x_7",NA,"WC","N","20090619"
"1C","1st","","x_8",NA,"WC","N","20090619"
"1E","1st","","bracharia.lacnantha",NA,"WC","N","20090619"
"1E","1st","","lintonia.nutans",NA,"WC","N","20090619"
"1E","1st","","pennisetum.mezianum",NA,"WC","N","20090619"
"1E","1st","","pennisetum.straminium",NA,"WC","N","20090619"
"1E","1st","","themeda.triandra",NA,"WC","N","20090619"
"1E","1st","","bare",6,"WC","N","20090619"
"1E","1st","","x_2",NA,"WC","N","20090619"
"1E","1st","","aristida.kenyensis",NA,"WC","N","20090619"
"1E","1st","","bothriochloa.insculpta",NA,"WC","N","20090619"
"1E","1st","","bracharia.3",NA,"WC","N","20090619"
"1E","1st","","bracharia.eruciformis",NA,"WC","N","20090619"
"1E","1st","","chloris.sp",NA,"WC","N","20090619"
"1E","1st","","cynodon.dactylon",NA,"WC","N","20090619"
"1E","1st","","cynodon.plectostachyus",NA,"WC","N","20090619"
"1E","1st","","cyperus...mariscus.spp",NA,"WC","N","20090619"
"1E","1st","","digitaria.2",NA,"WC","N","20090619"
"1E","1st","","digitaria.milanjiana",NA,"WC","N","20090619"
"1E","1st","","dinebra.retroflexa",NA,"WC","N","20090619"
"1E","1st","","eragrostis.tenuifolia",NA,"WC","N","20090619"
"1E","1st","","harpachne.schimperi",NA,"WC","N","20090619"
"1E","1st","","microchloa.kunthii",NA,"WC","N","20090619"
"1E","1st","","panicum.astrosanguinum",NA,"WC","N","20090619"
"1E","1st","","setaria.acromelaena..small.",NA,"WC","N","20090619"
"1E","1st","","setaria.sphaecealata..big.",NA,"WC","N","20090619"
"1E","1st","","sporobolus.pyramidalis",NA,"WC","N","20090619"
"1E","1st","","tragus.berteronianus",NA,"WC","N","20090619"
"1E","1st","","x_3",NA,"WC","N","20090619"
"1E","1st","","acalypha.crenata",NA,"WC","N","20090619"
"1E","1st","","aerva.lanata",NA,"WC","N","20090619"
"1E","1st","","amaranthus.hibridus",NA,"WC","N","20090619"
"1E","1st","","aspilia.pluriseta",NA,"WC","N","20090619"
"1E","1st","","asterolinon.adoense..v.",NA,"WC","N","20090619"
"1E","1st","","caralluma.acutangula",NA,"WC","N","20090619"
"1E","1st","","chenopodium.opulifolium",NA,"WC","N","20090619"
"1E","1st","","chenopodium.schraderianum",NA,"WC","N","20090619"
"1E","1st","","commelina.spp",NA,"WC","N","20090619"
"1E","1st","","commicarpus.pedunculosus",NA,"WC","N","20090619"
"1E","1st","","conyza.sp",NA,"WC","N","20090619"
"1E","1st","","corchorus.sp",NA,"WC","N","20090619"
"1E","1st","","crotelaria.sp",NA,"WC","N","20090619"
"1E","1st","","cyathula.orthacantha",NA,"WC","N","20090619"
"1E","1st","","dyscoriste.radicans",NA,"WC","N","20090619"
"1E","1st","","euphorbia.inaequilatera",NA,"WC","N","20090619"
"1E","1st","","evolvulus.alsinoides",NA,"WC","N","20090619"
"1E","1st","","fern",NA,"WC","N","20090619"
"1E","1st","","gutenbergia.sp",NA,"WC","N","20090619"
"1E","1st","","hermannia.uhligii",NA,"WC","N","20090619"
"1E","1st","","hibiscus.flavifolius",NA,"WC","N","20090619"
"1E","1st","","hibiscus.trionum",NA,"WC","N","20090619"
"1E","1st","","indigofera.brevicalyx",NA,"WC","N","20090619"
"1E","1st","","indigofera.schimperi",NA,"WC","N","20090619"
"1E","1st","","ipomea.sinensis",NA,"WC","N","20090619"
"1E","1st","","justicia.dichipteroides",NA,"WC","N","20090619"
"1E","1st","","k",NA,"WC","N","20090619"
"1E","1st","","kyllinga.sp",NA,"WC","N","20090619"
"1E","1st","","leucas.glabrata",NA,"WC","N","20090619"
"1E","1st","","leucas.martiniscensis",NA,"WC","N","20090619"
"1E","1st","","lily.a",NA,"WC","N","20090619"
"1E","1st","","lily.b",NA,"WC","N","20090619"
"1E","1st","","lippia.javanica",NA,"WC","N","20090619"
"1E","1st","","melhania.spp.",NA,"WC","N","20090619"
"1E","1st","","misopates.orontium",NA,"WC","N","20090619"
"1E","1st","","mollugo.nudicaulis",NA,"WC","N","20090619"
"1E","1st","","monechima.debile",NA,"WC","N","20090619"
"1E","1st","","monsonia.augustifolia",NA,"WC","N","20090619"
"1E","1st","","ocimum.sp",NA,"WC","N","20090619"
"1E","1st","","osteospermum.vaillantii",NA,"WC","N","20090619"
"1E","1st","","oxygonum.sinuatum",NA,"WC","N","20090619"
"1E","1st","","pavonia.patens",NA,"WC","N","20090619"
"1E","1st","","pelargonium.alchemilloides",NA,"WC","N","20090619"
"1E","1st","","pentanisia.ouranogyne",NA,"WC","N","20090619"
"1E","1st","","phyllanthus.maderaspatensis",NA,"WC","N","20090619"
"1E","1st","","plectranthus.spp",NA,"WC","N","20090619"
"1E","1st","","pollichia.campestris",NA,"WC","N","20090619"
"1E","1st","","polygala..l.",NA,"WC","N","20090619"
"1E","1st","","polygala.sphenoptera",NA,"WC","N","20090619"
"1E","1st","","portulaca.oleracea",NA,"WC","N","20090619"
"1E","1st","","portulaca.quadrifida",NA,"WC","N","20090619"
"1E","1st","","pseudognaphalium..helichrysum.glumaceum.",NA,"WC","N","20090619"
"1E","1st","","psilotrichum.schimperi",NA,"WC","N","20090619"
"1E","1st","","rhinacanthus.ndorensis",NA,"WC","N","20090619"
"1E","1st","","rhynchosia.holstii",NA,"WC","N","20090619"
"1E","1st","","schkuhria.pinnata",NA,"WC","N","20090619"
"1E","1st","","sida.2",NA,"WC","N","20090619"
"1E","1st","","sida.cuneifolia",NA,"WC","N","20090619"
"1E","1st","","solanum.incanum",NA,"WC","N","20090619"
"1E","1st","","solanum.indicum",NA,"WC","N","20090619"
"1E","1st","","tribulus.terrestris",NA,"WC","N","20090619"
"1E","1st","","u",NA,"WC","N","20090619"
"1E","1st","","w",NA,"WC","N","20090619"
"1E","1st","","x_4",NA,"WC","N","20090619"
"1E","1st","","x_5",NA,"WC","N","20090619"
"1E","1st","","x_6",NA,"WC","N","20090619"
"1E","1st","","x_7",NA,"WC","N","20090619"
"1E","1st","","x_8",NA,"WC","N","20090619"
"1G","1st","","bracharia.lacnantha",NA,"WC","N","20090619"
"1G","1st","","lintonia.nutans",NA,"WC","N","20090619"
"1G","1st","","pennisetum.mezianum",NA,"WC","N","20090619"
"1G","1st","","pennisetum.straminium",NA,"WC","N","20090619"
"1G","1st","","themeda.triandra",NA,"WC","N","20090619"
"1G","1st","","bare",1,"WC","N","20090619"
"1G","1st","","x_2",NA,"WC","N","20090619"
"1G","1st","","aristida.kenyensis",NA,"WC","N","20090619"
"1G","1st","","bothriochloa.insculpta",NA,"WC","N","20090619"
"1G","1st","","bracharia.3",NA,"WC","N","20090619"
"1G","1st","","bracharia.eruciformis",NA,"WC","N","20090619"
"1G","1st","","chloris.sp",NA,"WC","N","20090619"
"1G","1st","","cynodon.dactylon",NA,"WC","N","20090619"
"1G","1st","","cynodon.plectostachyus",NA,"WC","N","20090619"
"1G","1st","","cyperus...mariscus.spp",NA,"WC","N","20090619"
"1G","1st","","digitaria.2",NA,"WC","N","20090619"
"1G","1st","","digitaria.milanjiana",NA,"WC","N","20090619"
"1G","1st","","dinebra.retroflexa",NA,"WC","N","20090619"
"1G","1st","","eragrostis.tenuifolia",NA,"WC","N","20090619"
"1G","1st","","harpachne.schimperi",NA,"WC","N","20090619"
"1G","1st","","microchloa.kunthii",NA,"WC","N","20090619"
"1G","1st","","panicum.astrosanguinum",NA,"WC","N","20090619"
"1G","1st","","setaria.acromelaena..small.",NA,"WC","N","20090619"
"1G","1st","","setaria.sphaecealata..big.",NA,"WC","N","20090619"
"1G","1st","","sporobolus.pyramidalis",NA,"WC","N","20090619"
"1G","1st","","tragus.berteronianus",NA,"WC","N","20090619"
"1G","1st","","x_3",NA,"WC","N","20090619"
"1G","1st","","acalypha.crenata",NA,"WC","N","20090619"
"1G","1st","","aerva.lanata",NA,"WC","N","20090619"
"1G","1st","","amaranthus.hibridus",NA,"WC","N","20090619"
"1G","1st","","aspilia.pluriseta",NA,"WC","N","20090619"
"1G","1st","","asterolinon.adoense..v.",NA,"WC","N","20090619"
"1G","1st","","caralluma.acutangula",NA,"WC","N","20090619"
"1G","1st","","chenopodium.opulifolium",NA,"WC","N","20090619"
"1G","1st","","chenopodium.schraderianum",NA,"WC","N","20090619"
"1G","1st","","commelina.spp",NA,"WC","N","20090619"
"1G","1st","","commicarpus.pedunculosus",NA,"WC","N","20090619"
"1G","1st","","conyza.sp",NA,"WC","N","20090619"
"1G","1st","","corchorus.sp",NA,"WC","N","20090619"
"1G","1st","","crotelaria.sp",NA,"WC","N","20090619"
"1G","1st","","cyathula.orthacantha",NA,"WC","N","20090619"
"1G","1st","","dyscoriste.radicans",NA,"WC","N","20090619"
"1G","1st","","euphorbia.inaequilatera",NA,"WC","N","20090619"
"1G","1st","","evolvulus.alsinoides",NA,"WC","N","20090619"
"1G","1st","","fern",NA,"WC","N","20090619"
"1G","1st","","gutenbergia.sp",NA,"WC","N","20090619"
"1G","1st","","hermannia.uhligii",NA,"WC","N","20090619"
"1G","1st","","hibiscus.flavifolius",NA,"WC","N","20090619"
"1G","1st","","hibiscus.trionum",NA,"WC","N","20090619"
"1G","1st","","indigofera.brevicalyx",NA,"WC","N","20090619"
"1G","1st","","indigofera.schimperi",NA,"WC","N","20090619"
"1G","1st","","ipomea.sinensis",NA,"WC","N","20090619"
"1G","1st","","justicia.dichipteroides",NA,"WC","N","20090619"
"1G","1st","","k",NA,"WC","N","20090619"
"1G","1st","","kyllinga.sp",NA,"WC","N","20090619"
"1G","1st","","leucas.glabrata",NA,"WC","N","20090619"
"1G","1st","","leucas.martiniscensis",NA,"WC","N","20090619"
"1G","1st","","lily.a",NA,"WC","N","20090619"
"1G","1st","","lily.b",NA,"WC","N","20090619"
"1G","1st","","lippia.javanica",NA,"WC","N","20090619"
"1G","1st","","melhania.spp.",NA,"WC","N","20090619"
"1G","1st","","misopates.orontium",NA,"WC","N","20090619"
"1G","1st","","mollugo.nudicaulis",NA,"WC","N","20090619"
"1G","1st","","monechima.debile",NA,"WC","N","20090619"
"1G","1st","","monsonia.augustifolia",NA,"WC","N","20090619"
"1G","1st","","ocimum.sp",NA,"WC","N","20090619"
"1G","1st","","osteospermum.vaillantii",NA,"WC","N","20090619"
"1G","1st","","oxygonum.sinuatum",NA,"WC","N","20090619"
"1G","1st","","pavonia.patens",NA,"WC","N","20090619"
"1G","1st","","pelargonium.alchemilloides",NA,"WC","N","20090619"
"1G","1st","","pentanisia.ouranogyne",NA,"WC","N","20090619"
"1G","1st","","phyllanthus.maderaspatensis",NA,"WC","N","20090619"
"1G","1st","","plectranthus.spp",NA,"WC","N","20090619"
"1G","1st","","pollichia.campestris",NA,"WC","N","20090619"
"1G","1st","","polygala..l.",NA,"WC","N","20090619"
"1G","1st","","polygala.sphenoptera",NA,"WC","N","20090619"
"1G","1st","","portulaca.oleracea",NA,"WC","N","20090619"
"1G","1st","","portulaca.quadrifida",NA,"WC","N","20090619"
"1G","1st","","pseudognaphalium..helichrysum.glumaceum.",NA,"WC","N","20090619"
"1G","1st","","psilotrichum.schimperi",NA,"WC","N","20090619"
"1G","1st","","rhinacanthus.ndorensis",NA,"WC","N","20090619"
"1G","1st","","rhynchosia.holstii",2,"WC","N","20090619"
"1G","1st","","schkuhria.pinnata",NA,"WC","N","20090619"
"1G","1st","","sida.2",NA,"WC","N","20090619"
"1G","1st","","sida.cuneifolia",NA,"WC","N","20090619"
"1G","1st","","solanum.incanum",NA,"WC","N","20090619"
"1G","1st","","solanum.indicum",NA,"WC","N","20090619"
"1G","1st","","tribulus.terrestris",NA,"WC","N","20090619"
"1G","1st","","u",NA,"WC","N","20090619"
"1G","1st","","w",NA,"WC","N","20090619"
"1G","1st","","x_4",NA,"WC","N","20090619"
"1G","1st","","x_5",NA,"WC","N","20090619"
"1G","1st","","x_6",NA,"WC","N","20090619"
"1G","1st","","x_7",NA,"WC","N","20090619"
"1G","1st","","x_8",NA,"WC","N","20090619"
"1I","1st","","bracharia.lacnantha",NA,"WC","N","20090619"
"1I","1st","","lintonia.nutans",NA,"WC","N","20090619"
"1I","1st","","pennisetum.mezianum",NA,"WC","N","20090619"
"1I","1st","","pennisetum.straminium",NA,"WC","N","20090619"
"1I","1st","","themeda.triandra",NA,"WC","N","20090619"
"1I","1st","","bare",8,"WC","N","20090619"
"1I","1st","","x_2",NA,"WC","N","20090619"
"1I","1st","","aristida.kenyensis",NA,"WC","N","20090619"
"1I","1st","","bothriochloa.insculpta",NA,"WC","N","20090619"
"1I","1st","","bracharia.3",NA,"WC","N","20090619"
"1I","1st","","bracharia.eruciformis",NA,"WC","N","20090619"
"1I","1st","","chloris.sp",NA,"WC","N","20090619"
"1I","1st","","cynodon.dactylon",NA,"WC","N","20090619"
"1I","1st","","cynodon.plectostachyus",NA,"WC","N","20090619"
"1I","1st","","cyperus...mariscus.spp",NA,"WC","N","20090619"
"1I","1st","","digitaria.2",NA,"WC","N","20090619"
"1I","1st","","digitaria.milanjiana",NA,"WC","N","20090619"
"1I","1st","","dinebra.retroflexa",NA,"WC","N","20090619"
"1I","1st","","eragrostis.tenuifolia",NA,"WC","N","20090619"
"1I","1st","","harpachne.schimperi",NA,"WC","N","20090619"
"1I","1st","","microchloa.kunthii",NA,"WC","N","20090619"
"1I","1st","","panicum.astrosanguinum",NA,"WC","N","20090619"
"1I","1st","","setaria.acromelaena..small.",NA,"WC","N","20090619"
"1I","1st","","setaria.sphaecealata..big.",NA,"WC","N","20090619"
"1I","1st","","sporobolus.pyramidalis",NA,"WC","N","20090619"
"1I","1st","","tragus.berteronianus",NA,"WC","N","20090619"
"1I","1st","","x_3",NA,"WC","N","20090619"
"1I","1st","","acalypha.crenata",NA,"WC","N","20090619"
"1I","1st","","aerva.lanata",NA,"WC","N","20090619"
"1I","1st","","amaranthus.hibridus",NA,"WC","N","20090619"
"1I","1st","","aspilia.pluriseta",NA,"WC","N","20090619"
"1I","1st","","asterolinon.adoense..v.",NA,"WC","N","20090619"
"1I","1st","","caralluma.acutangula",NA,"WC","N","20090619"
"1I","1st","","chenopodium.opulifolium",NA,"WC","N","20090619"
"1I","1st","","chenopodium.schraderianum",NA,"WC","N","20090619"
"1I","1st","","commelina.spp",NA,"WC","N","20090619"
"1I","1st","","commicarpus.pedunculosus",NA,"WC","N","20090619"
"1I","1st","","conyza.sp",NA,"WC","N","20090619"
"1I","1st","","corchorus.sp",NA,"WC","N","20090619"
"1I","1st","","crotelaria.sp",NA,"WC","N","20090619"
"1I","1st","","cyathula.orthacantha",NA,"WC","N","20090619"
"1I","1st","","dyscoriste.radicans",NA,"WC","N","20090619"
"1I","1st","","euphorbia.inaequilatera",NA,"WC","N","20090619"
"1I","1st","","evolvulus.alsinoides",NA,"WC","N","20090619"
"1I","1st","","fern",NA,"WC","N","20090619"
"1I","1st","","gutenbergia.sp",NA,"WC","N","20090619"
"1I","1st","","hermannia.uhligii",NA,"WC","N","20090619"
"1I","1st","","hibiscus.flavifolius",NA,"WC","N","20090619"
"1I","1st","","hibiscus.trionum",NA,"WC","N","20090619"
"1I","1st","","indigofera.brevicalyx",NA,"WC","N","20090619"
"1I","1st","","indigofera.schimperi",NA,"WC","N","20090619"
"1I","1st","","ipomea.sinensis",NA,"WC","N","20090619"
"1I","1st","","justicia.dichipteroides",NA,"WC","N","20090619"
"1I","1st","","k",NA,"WC","N","20090619"
"1I","1st","","kyllinga.sp",NA,"WC","N","20090619"
"1I","1st","","leucas.glabrata",NA,"WC","N","20090619"
"1I","1st","","leucas.martiniscensis",NA,"WC","N","20090619"
"1I","1st","","lily.a",NA,"WC","N","20090619"
"1I","1st","","lily.b",NA,"WC","N","20090619"
"1I","1st","","lippia.javanica",NA,"WC","N","20090619"
"1I","1st","","melhania.spp.",NA,"WC","N","20090619"
"1I","1st","","misopates.orontium",NA,"WC","N","20090619"
"1I","1st","","mollugo.nudicaulis",NA,"WC","N","20090619"
"1I","1st","","monechima.debile",NA,"WC","N","20090619"
"1I","1st","","monsonia.augustifolia",NA,"WC","N","20090619"
"1I","1st","","ocimum.sp",NA,"WC","N","20090619"
"1I","1st","","osteospermum.vaillantii",NA,"WC","N","20090619"
"1I","1st","","oxygonum.sinuatum",NA,"WC","N","20090619"
"1I","1st","","pavonia.patens",NA,"WC","N","20090619"
"1I","1st","","pelargonium.alchemilloides",NA,"WC","N","20090619"
"1I","1st","","pentanisia.ouranogyne",NA,"WC","N","20090619"
"1I","1st","","phyllanthus.maderaspatensis",NA,"WC","N","20090619"
"1I","1st","","plectranthus.spp",NA,"WC","N","20090619"
"1I","1st","","pollichia.campestris",NA,"WC","N","20090619"
"1I","1st","","polygala..l.",NA,"WC","N","20090619"
"1I","1st","","polygala.sphenoptera",NA,"WC","N","20090619"
"1I","1st","","portulaca.oleracea",NA,"WC","N","20090619"
"1I","1st","","portulaca.quadrifida",NA,"WC","N","20090619"
"1I","1st","","pseudognaphalium..helichrysum.glumaceum.",NA,"WC","N","20090619"
"1I","1st","","psilotrichum.schimperi",NA,"WC","N","20090619"
"1I","1st","","rhinacanthus.ndorensis",NA,"WC","N","20090619"
"1I","1st","","rhynchosia.holstii",NA,"WC","N","20090619"
"1I","1st","","schkuhria.pinnata",NA,"WC","N","20090619"
"1I","1st","","sida.2",NA,"WC","N","20090619"
"1I","1st","","sida.cuneifolia",NA,"WC","N","20090619"
"1I","1st","","solanum.incanum",NA,"WC","N","20090619"
"1I","1st","","solanum.indicum",NA,"WC","N","20090619"
"1I","1st","","tribulus.terrestris",NA,"WC","N","20090619"
"1I","1st","","u",NA,"WC","N","20090619"
"1I","1st","","w",NA,"WC","N","20090619"
"1I","1st","","x_4",NA,"WC","N","20090619"
"1I","1st","","x_5",NA,"WC","N","20090619"
"1I","1st","","x_6",NA,"WC","N","20090619"
"1I","1st","","x_7",NA,"WC","N","20090619"
"1I","1st","","x_8",NA,"WC","N","20090619"
"2J","1st","","bracharia.lacnantha",NA,"WC","N","20090619"
"2J","1st","","lintonia.nutans",1,"WC","N","20090619"
"2J","1st","","pennisetum.mezianum",NA,"WC","N","20090619"
"2J","1st","","pennisetum.straminium",NA,"WC","N","20090619"
"2J","1st","","themeda.triandra",NA,"WC","N","20090619"
"2J","1st","","bare",9,"WC","N","20090619"
"2J","1st","","x_2",NA,"WC","N","20090619"
"2J","1st","","aristida.kenyensis",NA,"WC","N","20090619"
"2J","1st","","bothriochloa.insculpta",NA,"WC","N","20090619"
"2J","1st","","bracharia.3",NA,"WC","N","20090619"
"2J","1st","","bracharia.eruciformis",NA,"WC","N","20090619"
"2J","1st","","chloris.sp",NA,"WC","N","20090619"
"2J","1st","","cynodon.dactylon",NA,"WC","N","20090619"
"2J","1st","","cynodon.plectostachyus",NA,"WC","N","20090619"
"2J","1st","","cyperus...mariscus.spp",NA,"WC","N","20090619"
"2J","1st","","digitaria.2",NA,"WC","N","20090619"
"2J","1st","","digitaria.milanjiana",NA,"WC","N","20090619"
"2J","1st","","dinebra.retroflexa",NA,"WC","N","20090619"
"2J","1st","","eragrostis.tenuifolia",NA,"WC","N","20090619"
"2J","1st","","harpachne.schimperi",NA,"WC","N","20090619"
"2J","1st","","microchloa.kunthii",NA,"WC","N","20090619"
"2J","1st","","panicum.astrosanguinum",NA,"WC","N","20090619"
"2J","1st","","setaria.acromelaena..small.",NA,"WC","N","20090619"
"2J","1st","","setaria.sphaecealata..big.",NA,"WC","N","20090619"
"2J","1st","","sporobolus.pyramidalis",NA,"WC","N","20090619"
"2J","1st","","tragus.berteronianus",NA,"WC","N","20090619"
"2J","1st","","x_3",NA,"WC","N","20090619"
"2J","1st","","acalypha.crenata",NA,"WC","N","20090619"
"2J","1st","","aerva.lanata",NA,"WC","N","20090619"
"2J","1st","","amaranthus.hibridus",NA,"WC","N","20090619"
"2J","1st","","aspilia.pluriseta",NA,"WC","N","20090619"
"2J","1st","","asterolinon.adoense..v.",NA,"WC","N","20090619"
"2J","1st","","caralluma.acutangula",NA,"WC","N","20090619"
"2J","1st","","chenopodium.opulifolium",NA,"WC","N","20090619"
"2J","1st","","chenopodium.schraderianum",NA,"WC","N","20090619"
"2J","1st","","commelina.spp",NA,"WC","N","20090619"
"2J","1st","","commicarpus.pedunculosus",NA,"WC","N","20090619"
"2J","1st","","conyza.sp",NA,"WC","N","20090619"
"2J","1st","","corchorus.sp",NA,"WC","N","20090619"
"2J","1st","","crotelaria.sp",NA,"WC","N","20090619"
"2J","1st","","cyathula.orthacantha",NA,"WC","N","20090619"
"2J","1st","","dyscoriste.radicans",NA,"WC","N","20090619"
"2J","1st","","euphorbia.inaequilatera",NA,"WC","N","20090619"
"2J","1st","","evolvulus.alsinoides",NA,"WC","N","20090619"
"2J","1st","","fern",NA,"WC","N","20090619"
"2J","1st","","gutenbergia.sp",NA,"WC","N","20090619"
"2J","1st","","hermannia.uhligii",NA,"WC","N","20090619"
"2J","1st","","hibiscus.flavifolius",NA,"WC","N","20090619"
"2J","1st","","hibiscus.trionum",NA,"WC","N","20090619"
"2J","1st","","indigofera.brevicalyx",NA,"WC","N","20090619"
"2J","1st","","indigofera.schimperi",NA,"WC","N","20090619"
"2J","1st","","ipomea.sinensis",NA,"WC","N","20090619"
"2J","1st","","justicia.dichipteroides",NA,"WC","N","20090619"
"2J","1st","","k",NA,"WC","N","20090619"
"2J","1st","","kyllinga.sp",NA,"WC","N","20090619"
"2J","1st","","leucas.glabrata",NA,"WC","N","20090619"
"2J","1st","","leucas.martiniscensis",NA,"WC","N","20090619"
"2J","1st","","lily.a",NA,"WC","N","20090619"
"2J","1st","","lily.b",NA,"WC","N","20090619"
"2J","1st","","lippia.javanica",NA,"WC","N","20090619"
"2J","1st","","melhania.spp.",NA,"WC","N","20090619"
"2J","1st","","misopates.orontium",NA,"WC","N","20090619"
"2J","1st","","mollugo.nudicaulis",NA,"WC","N","20090619"
"2J","1st","","monechima.debile",NA,"WC","N","20090619"
"2J","1st","","monsonia.augustifolia",NA,"WC","N","20090619"
"2J","1st","","ocimum.sp",NA,"WC","N","20090619"
"2J","1st","","osteospermum.vaillantii",NA,"WC","N","20090619"
"2J","1st","","oxygonum.sinuatum",NA,"WC","N","20090619"
"2J","1st","","pavonia.patens",NA,"WC","N","20090619"
"2J","1st","","pelargonium.alchemilloides",NA,"WC","N","20090619"
"2J","1st","","pentanisia.ouranogyne",NA,"WC","N","20090619"
"2J","1st","","phyllanthus.maderaspatensis",NA,"WC","N","20090619"
"2J","1st","","plectranthus.spp",NA,"WC","N","20090619"
"2J","1st","","pollichia.campestris",NA,"WC","N","20090619"
"2J","1st","","polygala..l.",NA,"WC","N","20090619"
"2J","1st","","polygala.sphenoptera",NA,"WC","N","20090619"
"2J","1st","","portulaca.oleracea",NA,"WC","N","20090619"
"2J","1st","","portulaca.quadrifida",NA,"WC","N","20090619"
"2J","1st","","pseudognaphalium..helichrysum.glumaceum.",NA,"WC","N","20090619"
"2J","1st","","psilotrichum.schimperi",NA,"WC","N","20090619"
"2J","1st","","rhinacanthus.ndorensis",NA,"WC","N","20090619"
"2J","1st","","rhynchosia.holstii",NA,"WC","N","20090619"
"2J","1st","","schkuhria.pinnata",NA,"WC","N","20090619"
"2J","1st","","sida.2",NA,"WC","N","20090619"
"2J","1st","","sida.cuneifolia",NA,"WC","N","20090619"
"2J","1st","","solanum.incanum",NA,"WC","N","20090619"
"2J","1st","","solanum.indicum",NA,"WC","N","20090619"
"2J","1st","","tribulus.terrestris",NA,"WC","N","20090619"
"2J","1st","","u",NA,"WC","N","20090619"
"2J","1st","","w",NA,"WC","N","20090619"
"2J","1st","","x_4",NA,"WC","N","20090619"
"2J","1st","","x_5",NA,"WC","N","20090619"
"2J","1st","","x_6",NA,"WC","N","20090619"
"2J","1st","","x_7",NA,"WC","N","20090619"
"2J","1st","","x_8",NA,"WC","N","20090619"
"2J","All","Lvs","bracharia.lacnantha",NA,"WC","N","20090619"
"2J","All","Lvs","lintonia.nutans",2,"WC","N","20090619"
"2J","All","Lvs","pennisetum.mezianum",NA,"WC","N","20090619"
"2J","All","Lvs","pennisetum.straminium",NA,"WC","N","20090619"
"2J","All","Lvs","themeda.triandra",NA,"WC","N","20090619"
"2J","All","Lvs","bare",NA,"WC","N","20090619"
"2J","All","Lvs","x_2",NA,"WC","N","20090619"
"2J","All","Lvs","aristida.kenyensis",NA,"WC","N","20090619"
"2J","All","Lvs","bothriochloa.insculpta",NA,"WC","N","20090619"
"2J","All","Lvs","bracharia.3",NA,"WC","N","20090619"
"2J","All","Lvs","bracharia.eruciformis",NA,"WC","N","20090619"
"2J","All","Lvs","chloris.sp",NA,"WC","N","20090619"
"2J","All","Lvs","cynodon.dactylon",NA,"WC","N","20090619"
"2J","All","Lvs","cynodon.plectostachyus",NA,"WC","N","20090619"
"2J","All","Lvs","cyperus...mariscus.spp",NA,"WC","N","20090619"
"2J","All","Lvs","digitaria.2",NA,"WC","N","20090619"
"2J","All","Lvs","digitaria.milanjiana",NA,"WC","N","20090619"
"2J","All","Lvs","dinebra.retroflexa",NA,"WC","N","20090619"
"2J","All","Lvs","eragrostis.tenuifolia",NA,"WC","N","20090619"
"2J","All","Lvs","harpachne.schimperi",NA,"WC","N","20090619"
"2J","All","Lvs","microchloa.kunthii",NA,"WC","N","20090619"
"2J","All","Lvs","panicum.astrosanguinum",NA,"WC","N","20090619"
"2J","All","Lvs","setaria.acromelaena..small.",NA,"WC","N","20090619"
"2J","All","Lvs","setaria.sphaecealata..big.",NA,"WC","N","20090619"
"2J","All","Lvs","sporobolus.pyramidalis",NA,"WC","N","20090619"
"2J","All","Lvs","tragus.berteronianus",NA,"WC","N","20090619"
"2J","All","Lvs","x_3",NA,"WC","N","20090619"
"2J","All","Lvs","acalypha.crenata",NA,"WC","N","20090619"
"2J","All","Lvs","aerva.lanata",NA,"WC","N","20090619"
"2J","All","Lvs","amaranthus.hibridus",NA,"WC","N","20090619"
"2J","All","Lvs","aspilia.pluriseta",NA,"WC","N","20090619"
"2J","All","Lvs","asterolinon.adoense..v.",NA,"WC","N","20090619"
"2J","All","Lvs","caralluma.acutangula",NA,"WC","N","20090619"
"2J","All","Lvs","chenopodium.opulifolium",NA,"WC","N","20090619"
"2J","All","Lvs","chenopodium.schraderianum",NA,"WC","N","20090619"
"2J","All","Lvs","commelina.spp",NA,"WC","N","20090619"
"2J","All","Lvs","commicarpus.pedunculosus",NA,"WC","N","20090619"
"2J","All","Lvs","conyza.sp",NA,"WC","N","20090619"
"2J","All","Lvs","corchorus.sp",NA,"WC","N","20090619"
"2J","All","Lvs","crotelaria.sp",NA,"WC","N","20090619"
"2J","All","Lvs","cyathula.orthacantha",NA,"WC","N","20090619"
"2J","All","Lvs","dyscoriste.radicans",NA,"WC","N","20090619"
"2J","All","Lvs","euphorbia.inaequilatera",NA,"WC","N","20090619"
"2J","All","Lvs","evolvulus.alsinoides",NA,"WC","N","20090619"
"2J","All","Lvs","fern",NA,"WC","N","20090619"
"2J","All","Lvs","gutenbergia.sp",NA,"WC","N","20090619"
"2J","All","Lvs","hermannia.uhligii",NA,"WC","N","20090619"
"2J","All","Lvs","hibiscus.flavifolius",NA,"WC","N","20090619"
"2J","All","Lvs","hibiscus.trionum",NA,"WC","N","20090619"
"2J","All","Lvs","indigofera.brevicalyx",NA,"WC","N","20090619"
"2J","All","Lvs","indigofera.schimperi",NA,"WC","N","20090619"
"2J","All","Lvs","ipomea.sinensis",NA,"WC","N","20090619"
"2J","All","Lvs","justicia.dichipteroides",NA,"WC","N","20090619"
"2J","All","Lvs","k",NA,"WC","N","20090619"
"2J","All","Lvs","kyllinga.sp",NA,"WC","N","20090619"
"2J","All","Lvs","leucas.glabrata",NA,"WC","N","20090619"
"2J","All","Lvs","leucas.martiniscensis",NA,"WC","N","20090619"
"2J","All","Lvs","lily.a",NA,"WC","N","20090619"
"2J","All","Lvs","lily.b",NA,"WC","N","20090619"
"2J","All","Lvs","lippia.javanica",NA,"WC","N","20090619"
"2J","All","Lvs","melhania.spp.",NA,"WC","N","20090619"
"2J","All","Lvs","misopates.orontium",NA,"WC","N","20090619"
"2J","All","Lvs","mollugo.nudicaulis",NA,"WC","N","20090619"
"2J","All","Lvs","monechima.debile",NA,"WC","N","20090619"
"2J","All","Lvs","monsonia.augustifolia",NA,"WC","N","20090619"
"2J","All","Lvs","ocimum.sp",NA,"WC","N","20090619"
"2J","All","Lvs","osteospermum.vaillantii",NA,"WC","N","20090619"
"2J","All","Lvs","oxygonum.sinuatum",NA,"WC","N","20090619"
"2J","All","Lvs","pavonia.patens",NA,"WC","N","20090619"
"2J","All","Lvs","pelargonium.alchemilloides",NA,"WC","N","20090619"
"2J","All","Lvs","pentanisia.ouranogyne",NA,"WC","N","20090619"
"2J","All","Lvs","phyllanthus.maderaspatensis",NA,"WC","N","20090619"
"2J","All","Lvs","plectranthus.spp",NA,"WC","N","20090619"
"2J","All","Lvs","pollichia.campestris",NA,"WC","N","20090619"
"2J","All","Lvs","polygala..l.",NA,"WC","N","20090619"
"2J","All","Lvs","polygala.sphenoptera",NA,"WC","N","20090619"
"2J","All","Lvs","portulaca.oleracea",NA,"WC","N","20090619"
"2J","All","Lvs","portulaca.quadrifida",NA,"WC","N","20090619"
"2J","All","Lvs","pseudognaphalium..helichrysum.glumaceum.",NA,"WC","N","20090619"
"2J","All","Lvs","psilotrichum.schimperi",NA,"WC","N","20090619"
"2J","All","Lvs","rhinacanthus.ndorensis",NA,"WC","N","20090619"
"2J","All","Lvs","rhynchosia.holstii",NA,"WC","N","20090619"
"2J","All","Lvs","schkuhria.pinnata",NA,"WC","N","20090619"
"2J","All","Lvs","sida.2",NA,"WC","N","20090619"
"2J","All","Lvs","sida.cuneifolia",NA,"WC","N","20090619"
"2J","All","Lvs","solanum.incanum",NA,"WC","N","20090619"
"2J","All","Lvs","solanum.indicum",NA,"WC","N","20090619"
"2J","All","Lvs","tribulus.terrestris",NA,"WC","N","20090619"
"2J","All","Lvs","u",NA,"WC","N","20090619"
"2J","All","Lvs","w",NA,"WC","N","20090619"
"2J","All","Lvs","x_4",NA,"WC","N","20090619"
"2J","All","Lvs","x_5",NA,"WC","N","20090619"
"2J","All","Lvs","x_6",NA,"WC","N","20090619"
"2J","All","Lvs","x_7",NA,"WC","N","20090619"
"2J","All","Lvs","x_8",NA,"WC","N","20090619"
"2J","All","Stm","bracharia.lacnantha",NA,"WC","N","20090619"
"2J","All","Stm","lintonia.nutans",NA,"WC","N","20090619"
"2J","All","Stm","pennisetum.mezianum",NA,"WC","N","20090619"
"2J","All","Stm","pennisetum.straminium",NA,"WC","N","20090619"
"2J","All","Stm","themeda.triandra",NA,"WC","N","20090619"
"2J","All","Stm","bare",NA,"WC","N","20090619"
"2J","All","Stm","x_2",NA,"WC","N","20090619"
"2J","All","Stm","aristida.kenyensis",NA,"WC","N","20090619"
"2J","All","Stm","bothriochloa.insculpta",NA,"WC","N","20090619"
"2J","All","Stm","bracharia.3",NA,"WC","N","20090619"
"2J","All","Stm","bracharia.eruciformis",NA,"WC","N","20090619"
"2J","All","Stm","chloris.sp",NA,"WC","N","20090619"
"2J","All","Stm","cynodon.dactylon",NA,"WC","N","20090619"
"2J","All","Stm","cynodon.plectostachyus",NA,"WC","N","20090619"
"2J","All","Stm","cyperus...mariscus.spp",NA,"WC","N","20090619"
"2J","All","Stm","digitaria.2",NA,"WC","N","20090619"
"2J","All","Stm","digitaria.milanjiana",NA,"WC","N","20090619"
"2J","All","Stm","dinebra.retroflexa",NA,"WC","N","20090619"
"2J","All","Stm","eragrostis.tenuifolia",NA,"WC","N","20090619"
"2J","All","Stm","harpachne.schimperi",NA,"WC","N","20090619"
"2J","All","Stm","microchloa.kunthii",NA,"WC","N","20090619"
"2J","All","Stm","panicum.astrosanguinum",NA,"WC","N","20090619"
"2J","All","Stm","setaria.acromelaena..small.",NA,"WC","N","20090619"
"2J","All","Stm","setaria.sphaecealata..big.",NA,"WC","N","20090619"
"2J","All","Stm","sporobolus.pyramidalis",NA,"WC","N","20090619"
"2J","All","Stm","tragus.berteronianus",NA,"WC","N","20090619"
"2J","All","Stm","x_3",NA,"WC","N","20090619"
"2J","All","Stm","acalypha.crenata",NA,"WC","N","20090619"
"2J","All","Stm","aerva.lanata",NA,"WC","N","20090619"
"2J","All","Stm","amaranthus.hibridus",NA,"WC","N","20090619"
"2J","All","Stm","aspilia.pluriseta",NA,"WC","N","20090619"
"2J","All","Stm","asterolinon.adoense..v.",NA,"WC","N","20090619"
"2J","All","Stm","caralluma.acutangula",NA,"WC","N","20090619"
"2J","All","Stm","chenopodium.opulifolium",NA,"WC","N","20090619"
"2J","All","Stm","chenopodium.schraderianum",NA,"WC","N","20090619"
"2J","All","Stm","commelina.spp",NA,"WC","N","20090619"
"2J","All","Stm","commicarpus.pedunculosus",NA,"WC","N","20090619"
"2J","All","Stm","conyza.sp",NA,"WC","N","20090619"
"2J","All","Stm","corchorus.sp",NA,"WC","N","20090619"
"2J","All","Stm","crotelaria.sp",NA,"WC","N","20090619"
"2J","All","Stm","cyathula.orthacantha",NA,"WC","N","20090619"
"2J","All","Stm","dyscoriste.radicans",NA,"WC","N","20090619"
"2J","All","Stm","euphorbia.inaequilatera",NA,"WC","N","20090619"
"2J","All","Stm","evolvulus.alsinoides",NA,"WC","N","20090619"
"2J","All","Stm","fern",NA,"WC","N","20090619"
"2J","All","Stm","gutenbergia.sp",NA,"WC","N","20090619"
"2J","All","Stm","hermannia.uhligii",NA,"WC","N","20090619"
"2J","All","Stm","hibiscus.flavifolius",NA,"WC","N","20090619"
"2J","All","Stm","hibiscus.trionum",NA,"WC","N","20090619"
"2J","All","Stm","indigofera.brevicalyx",NA,"WC","N","20090619"
"2J","All","Stm","indigofera.schimperi",NA,"WC","N","20090619"
"2J","All","Stm","ipomea.sinensis",NA,"WC","N","20090619"
"2J","All","Stm","justicia.dichipteroides",NA,"WC","N","20090619"
"2J","All","Stm","k",NA,"WC","N","20090619"
"2J","All","Stm","kyllinga.sp",NA,"WC","N","20090619"
"2J","All","Stm","leucas.glabrata",NA,"WC","N","20090619"
"2J","All","Stm","leucas.martiniscensis",NA,"WC","N","20090619"
"2J","All","Stm","lily.a",NA,"WC","N","20090619"
"2J","All","Stm","lily.b",NA,"WC","N","20090619"
"2J","All","Stm","lippia.javanica",NA,"WC","N","20090619"
"2J","All","Stm","melhania.spp.",NA,"WC","N","20090619"
"2J","All","Stm","misopates.orontium",NA,"WC","N","20090619"
"2J","All","Stm","mollugo.nudicaulis",NA,"WC","N","20090619"
"2J","All","Stm","monechima.debile",NA,"WC","N","20090619"
"2J","All","Stm","monsonia.augustifolia",NA,"WC","N","20090619"
"2J","All","Stm","ocimum.sp",NA,"WC","N","20090619"
"2J","All","Stm","osteospermum.vaillantii",NA,"WC","N","20090619"
"2J","All","Stm","oxygonum.sinuatum",NA,"WC","N","20090619"
"2J","All","Stm","pavonia.patens",NA,"WC","N","20090619"
"2J","All","Stm","pelargonium.alchemilloides",NA,"WC","N","20090619"
"2J","All","Stm","pentanisia.ouranogyne",NA,"WC","N","20090619"
"2J","All","Stm","phyllanthus.maderaspatensis",NA,"WC","N","20090619"
"2J","All","Stm","plectranthus.spp",NA,"WC","N","20090619"
"2J","All","Stm","pollichia.campestris",NA,"WC","N","20090619"
"2J","All","Stm","polygala..l.",NA,"WC","N","20090619"
"2J","All","Stm","polygala.sphenoptera",NA,"WC","N","20090619"
"2J","All","Stm","portulaca.oleracea",NA,"WC","N","20090619"
"2J","All","Stm","portulaca.quadrifida",NA,"WC","N","20090619"
"2J","All","Stm","pseudognaphalium..helichrysum.glumaceum.",NA,"WC","N","20090619"
"2J","All","Stm","psilotrichum.schimperi",NA,"WC","N","20090619"
"2J","All","Stm","rhinacanthus.ndorensis",NA,"WC","N","20090619"
"2J","All","Stm","rhynchosia.holstii",NA,"WC","N","20090619"
"2J","All","Stm","schkuhria.pinnata",NA,"WC","N","20090619"
"2J","All","Stm","sida.2",NA,"WC","N","20090619"
"2J","All","Stm","sida.cuneifolia",NA,"WC","N","20090619"
"2J","All","Stm","solanum.incanum",NA,"WC","N","20090619"
"2J","All","Stm","solanum.indicum",NA,"WC","N","20090619"
"2J","All","Stm","tribulus.terrestris",NA,"WC","N","20090619"
"2J","All","Stm","u",NA,"WC","N","20090619"
"2J","All","Stm","w",NA,"WC","N","20090619"
"2J","All","Stm","x_4",NA,"WC","N","20090619"
"2J","All","Stm","x_5",NA,"WC","N","20090619"
"2J","All","Stm","x_6",NA,"WC","N","20090619"
"2J","All","Stm","x_7",NA,"WC","N","20090619"
"2J","All","Stm","x_8",NA,"WC","N","20090619"
"2H","1st","","bracharia.lacnantha",NA,"WC","N","20090619"
"2H","1st","","lintonia.nutans",3,"WC","N","20090619"
"2H","1st","","pennisetum.mezianum",NA,"WC","N","20090619"
"2H","1st","","pennisetum.straminium",2,"WC","N","20090619"
"2H","1st","","themeda.triandra",NA,"WC","N","20090619"
"2H","1st","","bare",5,"WC","N","20090619"
"2H","1st","","x_2",NA,"WC","N","20090619"
"2H","1st","","aristida.kenyensis",NA,"WC","N","20090619"
"2H","1st","","bothriochloa.insculpta",NA,"WC","N","20090619"
"2H","1st","","bracharia.3",NA,"WC","N","20090619"
"2H","1st","","bracharia.eruciformis",NA,"WC","N","20090619"
"2H","1st","","chloris.sp",NA,"WC","N","20090619"
"2H","1st","","cynodon.dactylon",NA,"WC","N","20090619"
"2H","1st","","cynodon.plectostachyus",NA,"WC","N","20090619"
"2H","1st","","cyperus...mariscus.spp",NA,"WC","N","20090619"
"2H","1st","","digitaria.2",NA,"WC","N","20090619"
"2H","1st","","digitaria.milanjiana",NA,"WC","N","20090619"
"2H","1st","","dinebra.retroflexa",NA,"WC","N","20090619"
"2H","1st","","eragrostis.tenuifolia",NA,"WC","N","20090619"
"2H","1st","","harpachne.schimperi",NA,"WC","N","20090619"
"2H","1st","","microchloa.kunthii",NA,"WC","N","20090619"
"2H","1st","","panicum.astrosanguinum",NA,"WC","N","20090619"
"2H","1st","","setaria.acromelaena..small.",NA,"WC","N","20090619"
"2H","1st","","setaria.sphaecealata..big.",NA,"WC","N","20090619"
"2H","1st","","sporobolus.pyramidalis",NA,"WC","N","20090619"
"2H","1st","","tragus.berteronianus",NA,"WC","N","20090619"
"2H","1st","","x_3",NA,"WC","N","20090619"
"2H","1st","","acalypha.crenata",NA,"WC","N","20090619"
"2H","1st","","aerva.lanata",NA,"WC","N","20090619"
"2H","1st","","amaranthus.hibridus",NA,"WC","N","20090619"
"2H","1st","","aspilia.pluriseta",NA,"WC","N","20090619"
"2H","1st","","asterolinon.adoense..v.",NA,"WC","N","20090619"
"2H","1st","","caralluma.acutangula",NA,"WC","N","20090619"
"2H","1st","","chenopodium.opulifolium",NA,"WC","N","20090619"
"2H","1st","","chenopodium.schraderianum",NA,"WC","N","20090619"
"2H","1st","","commelina.spp",NA,"WC","N","20090619"
"2H","1st","","commicarpus.pedunculosus",NA,"WC","N","20090619"
"2H","1st","","conyza.sp",NA,"WC","N","20090619"
"2H","1st","","corchorus.sp",NA,"WC","N","20090619"
"2H","1st","","crotelaria.sp",NA,"WC","N","20090619"
"2H","1st","","cyathula.orthacantha",NA,"WC","N","20090619"
"2H","1st","","dyscoriste.radicans",NA,"WC","N","20090619"
"2H","1st","","euphorbia.inaequilatera",NA,"WC","N","20090619"
"2H","1st","","evolvulus.alsinoides",NA,"WC","N","20090619"
"2H","1st","","fern",NA,"WC","N","20090619"
"2H","1st","","gutenbergia.sp",NA,"WC","N","20090619"
"2H","1st","","hermannia.uhligii",NA,"WC","N","20090619"
"2H","1st","","hibiscus.flavifolius",NA,"WC","N","20090619"
"2H","1st","","hibiscus.trionum",NA,"WC","N","20090619"
"2H","1st","","indigofera.brevicalyx",NA,"WC","N","20090619"
"2H","1st","","indigofera.schimperi",NA,"WC","N","20090619"
"2H","1st","","ipomea.sinensis",NA,"WC","N","20090619"
"2H","1st","","justicia.dichipteroides",NA,"WC","N","20090619"
"2H","1st","","k",NA,"WC","N","20090619"
"2H","1st","","kyllinga.sp",NA,"WC","N","20090619"
"2H","1st","","leucas.glabrata",NA,"WC","N","20090619"
"2H","1st","","leucas.martiniscensis",NA,"WC","N","20090619"
"2H","1st","","lily.a",NA,"WC","N","20090619"
"2H","1st","","lily.b",NA,"WC","N","20090619"
"2H","1st","","lippia.javanica",NA,"WC","N","20090619"
"2H","1st","","melhania.spp.",NA,"WC","N","20090619"
"2H","1st","","misopates.orontium",NA,"WC","N","20090619"
"2H","1st","","mollugo.nudicaulis",NA,"WC","N","20090619"
"2H","1st","","monechima.debile",NA,"WC","N","20090619"
"2H","1st","","monsonia.augustifolia",NA,"WC","N","20090619"
"2H","1st","","ocimum.sp",NA,"WC","N","20090619"
"2H","1st","","osteospermum.vaillantii",NA,"WC","N","20090619"
"2H","1st","","oxygonum.sinuatum",NA,"WC","N","20090619"
"2H","1st","","pavonia.patens",NA,"WC","N","20090619"
"2H","1st","","pelargonium.alchemilloides",NA,"WC","N","20090619"
"2H","1st","","pentanisia.ouranogyne",NA,"WC","N","20090619"
"2H","1st","","phyllanthus.maderaspatensis",NA,"WC","N","20090619"
"2H","1st","","plectranthus.spp",NA,"WC","N","20090619"
"2H","1st","","pollichia.campestris",NA,"WC","N","20090619"
"2H","1st","","polygala..l.",NA,"WC","N","20090619"
"2H","1st","","polygala.sphenoptera",NA,"WC","N","20090619"
"2H","1st","","portulaca.oleracea",NA,"WC","N","20090619"
"2H","1st","","portulaca.quadrifida",NA,"WC","N","20090619"
"2H","1st","","pseudognaphalium..helichrysum.glumaceum.",NA,"WC","N","20090619"
"2H","1st","","psilotrichum.schimperi",NA,"WC","N","20090619"
"2H","1st","","rhinacanthus.ndorensis",NA,"WC","N","20090619"
"2H","1st","","rhynchosia.holstii",NA,"WC","N","20090619"
"2H","1st","","schkuhria.pinnata",NA,"WC","N","20090619"
"2H","1st","","sida.2",NA,"WC","N","20090619"
"2H","1st","","sida.cuneifolia",NA,"WC","N","20090619"
"2H","1st","","solanum.incanum",NA,"WC","N","20090619"
"2H","1st","","solanum.indicum",NA,"WC","N","20090619"
"2H","1st","","tribulus.terrestris",NA,"WC","N","20090619"
"2H","1st","","u",NA,"WC","N","20090619"
"2H","1st","","w",NA,"WC","N","20090619"
"2H","1st","","x_4",NA,"WC","N","20090619"
"2H","1st","","x_5",NA,"WC","N","20090619"
"2H","1st","","x_6",NA,"WC","N","20090619"
"2H","1st","","x_7",NA,"WC","N","20090619"
"2H","1st","","x_8",NA,"WC","N","20090619"
"2H","All","Lvs","bracharia.lacnantha",NA,"WC","N","20090619"
"2H","All","Lvs","lintonia.nutans",11,"WC","N","20090619"
"2H","All","Lvs","pennisetum.mezianum",NA,"WC","N","20090619"
"2H","All","Lvs","pennisetum.straminium",2,"WC","N","20090619"
"2H","All","Lvs","themeda.triandra",NA,"WC","N","20090619"
"2H","All","Lvs","bare",NA,"WC","N","20090619"
"2H","All","Lvs","x_2",NA,"WC","N","20090619"
"2H","All","Lvs","aristida.kenyensis",NA,"WC","N","20090619"
"2H","All","Lvs","bothriochloa.insculpta",NA,"WC","N","20090619"
"2H","All","Lvs","bracharia.3",NA,"WC","N","20090619"
"2H","All","Lvs","bracharia.eruciformis",NA,"WC","N","20090619"
"2H","All","Lvs","chloris.sp",NA,"WC","N","20090619"
"2H","All","Lvs","cynodon.dactylon",NA,"WC","N","20090619"
"2H","All","Lvs","cynodon.plectostachyus",NA,"WC","N","20090619"
"2H","All","Lvs","cyperus...mariscus.spp",NA,"WC","N","20090619"
"2H","All","Lvs","digitaria.2",NA,"WC","N","20090619"
"2H","All","Lvs","digitaria.milanjiana",NA,"WC","N","20090619"
"2H","All","Lvs","dinebra.retroflexa",NA,"WC","N","20090619"
"2H","All","Lvs","eragrostis.tenuifolia",NA,"WC","N","20090619"
"2H","All","Lvs","harpachne.schimperi",NA,"WC","N","20090619"
"2H","All","Lvs","microchloa.kunthii",NA,"WC","N","20090619"
"2H","All","Lvs","panicum.astrosanguinum",NA,"WC","N","20090619"
"2H","All","Lvs","setaria.acromelaena..small.",NA,"WC","N","20090619"
"2H","All","Lvs","setaria.sphaecealata..big.",NA,"WC","N","20090619"
"2H","All","Lvs","sporobolus.pyramidalis",NA,"WC","N","20090619"
"2H","All","Lvs","tragus.berteronianus",NA,"WC","N","20090619"
"2H","All","Lvs","x_3",NA,"WC","N","20090619"
"2H","All","Lvs","acalypha.crenata",NA,"WC","N","20090619"
"2H","All","Lvs","aerva.lanata",NA,"WC","N","20090619"
"2H","All","Lvs","amaranthus.hibridus",NA,"WC","N","20090619"
"2H","All","Lvs","aspilia.pluriseta",NA,"WC","N","20090619"
"2H","All","Lvs","asterolinon.adoense..v.",NA,"WC","N","20090619"
"2H","All","Lvs","caralluma.acutangula",NA,"WC","N","20090619"
"2H","All","Lvs","chenopodium.opulifolium",NA,"WC","N","20090619"
"2H","All","Lvs","chenopodium.schraderianum",NA,"WC","N","20090619"
"2H","All","Lvs","commelina.spp",NA,"WC","N","20090619"
"2H","All","Lvs","commicarpus.pedunculosus",NA,"WC","N","20090619"
"2H","All","Lvs","conyza.sp",NA,"WC","N","20090619"
"2H","All","Lvs","corchorus.sp",NA,"WC","N","20090619"
"2H","All","Lvs","crotelaria.sp",NA,"WC","N","20090619"
"2H","All","Lvs","cyathula.orthacantha",NA,"WC","N","20090619"
"2H","All","Lvs","dyscoriste.radicans",NA,"WC","N","20090619"
"2H","All","Lvs","euphorbia.inaequilatera",NA,"WC","N","20090619"
"2H","All","Lvs","evolvulus.alsinoides",NA,"WC","N","20090619"
"2H","All","Lvs","fern",NA,"WC","N","20090619"
"2H","All","Lvs","gutenbergia.sp",NA,"WC","N","20090619"
"2H","All","Lvs","hermannia.uhligii",NA,"WC","N","20090619"
"2H","All","Lvs","hibiscus.flavifolius",NA,"WC","N","20090619"
"2H","All","Lvs","hibiscus.trionum",NA,"WC","N","20090619"
"2H","All","Lvs","indigofera.brevicalyx",NA,"WC","N","20090619"
"2H","All","Lvs","indigofera.schimperi",NA,"WC","N","20090619"
"2H","All","Lvs","ipomea.sinensis",NA,"WC","N","20090619"
"2H","All","Lvs","justicia.dichipteroides",NA,"WC","N","20090619"
"2H","All","Lvs","k",NA,"WC","N","20090619"
"2H","All","Lvs","kyllinga.sp",NA,"WC","N","20090619"
"2H","All","Lvs","leucas.glabrata",NA,"WC","N","20090619"
"2H","All","Lvs","leucas.martiniscensis",NA,"WC","N","20090619"
"2H","All","Lvs","lily.a",NA,"WC","N","20090619"
"2H","All","Lvs","lily.b",NA,"WC","N","20090619"
"2H","All","Lvs","lippia.javanica",NA,"WC","N","20090619"
"2H","All","Lvs","melhania.spp.",NA,"WC","N","20090619"
"2H","All","Lvs","misopates.orontium",NA,"WC","N","20090619"
"2H","All","Lvs","mollugo.nudicaulis",NA,"WC","N","20090619"
"2H","All","Lvs","monechima.debile",NA,"WC","N","20090619"
"2H","All","Lvs","monsonia.augustifolia",NA,"WC","N","20090619"
"2H","All","Lvs","ocimum.sp",NA,"WC","N","20090619"
"2H","All","Lvs","osteospermum.vaillantii",NA,"WC","N","20090619"
"2H","All","Lvs","oxygonum.sinuatum",NA,"WC","N","20090619"
"2H","All","Lvs","pavonia.patens",NA,"WC","N","20090619"
"2H","All","Lvs","pelargonium.alchemilloides",NA,"WC","N","20090619"
"2H","All","Lvs","pentanisia.ouranogyne",NA,"WC","N","20090619"
"2H","All","Lvs","phyllanthus.maderaspatensis",NA,"WC","N","20090619"
"2H","All","Lvs","plectranthus.spp",NA,"WC","N","20090619"
"2H","All","Lvs","pollichia.campestris",NA,"WC","N","20090619"
"2H","All","Lvs","polygala..l.",NA,"WC","N","20090619"
"2H","All","Lvs","polygala.sphenoptera",NA,"WC","N","20090619"
"2H","All","Lvs","portulaca.oleracea",NA,"WC","N","20090619"
"2H","All","Lvs","portulaca.quadrifida",NA,"WC","N","20090619"
"2H","All","Lvs","pseudognaphalium..helichrysum.glumaceum.",NA,"WC","N","20090619"
"2H","All","Lvs","psilotrichum.schimperi",NA,"WC","N","20090619"
"2H","All","Lvs","rhinacanthus.ndorensis",NA,"WC","N","20090619"
"2H","All","Lvs","rhynchosia.holstii",NA,"WC","N","20090619"
"2H","All","Lvs","schkuhria.pinnata",NA,"WC","N","20090619"
"2H","All","Lvs","sida.2",NA,"WC","N","20090619"
"2H","All","Lvs","sida.cuneifolia",NA,"WC","N","20090619"
"2H","All","Lvs","solanum.incanum",NA,"WC","N","20090619"
"2H","All","Lvs","solanum.indicum",NA,"WC","N","20090619"
"2H","All","Lvs","tribulus.terrestris",NA,"WC","N","20090619"
"2H","All","Lvs","u",NA,"WC","N","20090619"
"2H","All","Lvs","w",NA,"WC","N","20090619"
"2H","All","Lvs","x_4",NA,"WC","N","20090619"
"2H","All","Lvs","x_5",NA,"WC","N","20090619"
"2H","All","Lvs","x_6",NA,"WC","N","20090619"
"2H","All","Lvs","x_7",NA,"WC","N","20090619"
"2H","All","Lvs","x_8",NA,"WC","N","20090619"
"2H","All","Stm","bracharia.lacnantha",NA,"WC","N","20090619"
"2H","All","Stm","lintonia.nutans",1,"WC","N","20090619"
"2H","All","Stm","pennisetum.mezianum",NA,"WC","N","20090619"
"2H","All","Stm","pennisetum.straminium",NA,"WC","N","20090619"
"2H","All","Stm","themeda.triandra",NA,"WC","N","20090619"
"2H","All","Stm","bare",NA,"WC","N","20090619"
"2H","All","Stm","x_2",NA,"WC","N","20090619"
"2H","All","Stm","aristida.kenyensis",NA,"WC","N","20090619"
"2H","All","Stm","bothriochloa.insculpta",NA,"WC","N","20090619"
"2H","All","Stm","bracharia.3",NA,"WC","N","20090619"
"2H","All","Stm","bracharia.eruciformis",NA,"WC","N","20090619"
"2H","All","Stm","chloris.sp",NA,"WC","N","20090619"
"2H","All","Stm","cynodon.dactylon",NA,"WC","N","20090619"
"2H","All","Stm","cynodon.plectostachyus",NA,"WC","N","20090619"
"2H","All","Stm","cyperus...mariscus.spp",NA,"WC","N","20090619"
"2H","All","Stm","digitaria.2",NA,"WC","N","20090619"
"2H","All","Stm","digitaria.milanjiana",NA,"WC","N","20090619"
"2H","All","Stm","dinebra.retroflexa",NA,"WC","N","20090619"
"2H","All","Stm","eragrostis.tenuifolia",NA,"WC","N","20090619"
"2H","All","Stm","harpachne.schimperi",NA,"WC","N","20090619"
"2H","All","Stm","microchloa.kunthii",NA,"WC","N","20090619"
"2H","All","Stm","panicum.astrosanguinum",NA,"WC","N","20090619"
"2H","All","Stm","setaria.acromelaena..small.",NA,"WC","N","20090619"
"2H","All","Stm","setaria.sphaecealata..big.",NA,"WC","N","20090619"
"2H","All","Stm","sporobolus.pyramidalis",NA,"WC","N","20090619"
"2H","All","Stm","tragus.berteronianus",NA,"WC","N","20090619"
"2H","All","Stm","x_3",NA,"WC","N","20090619"
"2H","All","Stm","acalypha.crenata",NA,"WC","N","20090619"
"2H","All","Stm","aerva.lanata",NA,"WC","N","20090619"
"2H","All","Stm","amaranthus.hibridus",NA,"WC","N","20090619"
"2H","All","Stm","aspilia.pluriseta",NA,"WC","N","20090619"
"2H","All","Stm","asterolinon.adoense..v.",NA,"WC","N","20090619"
"2H","All","Stm","caralluma.acutangula",NA,"WC","N","20090619"
"2H","All","Stm","chenopodium.opulifolium",NA,"WC","N","20090619"
"2H","All","Stm","chenopodium.schraderianum",NA,"WC","N","20090619"
"2H","All","Stm","commelina.spp",NA,"WC","N","20090619"
"2H","All","Stm","commicarpus.pedunculosus",NA,"WC","N","20090619"
"2H","All","Stm","conyza.sp",NA,"WC","N","20090619"
"2H","All","Stm","corchorus.sp",NA,"WC","N","20090619"
"2H","All","Stm","crotelaria.sp",NA,"WC","N","20090619"
"2H","All","Stm","cyathula.orthacantha",NA,"WC","N","20090619"
"2H","All","Stm","dyscoriste.radicans",NA,"WC","N","20090619"
"2H","All","Stm","euphorbia.inaequilatera",NA,"WC","N","20090619"
"2H","All","Stm","evolvulus.alsinoides",NA,"WC","N","20090619"
"2H","All","Stm","fern",NA,"WC","N","20090619"
"2H","All","Stm","gutenbergia.sp",NA,"WC","N","20090619"
"2H","All","Stm","hermannia.uhligii",NA,"WC","N","20090619"
"2H","All","Stm","hibiscus.flavifolius",NA,"WC","N","20090619"
"2H","All","Stm","hibiscus.trionum",NA,"WC","N","20090619"
"2H","All","Stm","indigofera.brevicalyx",NA,"WC","N","20090619"
"2H","All","Stm","indigofera.schimperi",NA,"WC","N","20090619"
"2H","All","Stm","ipomea.sinensis",NA,"WC","N","20090619"
"2H","All","Stm","justicia.dichipteroides",NA,"WC","N","20090619"
"2H","All","Stm","k",NA,"WC","N","20090619"
"2H","All","Stm","kyllinga.sp",NA,"WC","N","20090619"
"2H","All","Stm","leucas.glabrata",NA,"WC","N","20090619"
"2H","All","Stm","leucas.martiniscensis",NA,"WC","N","20090619"
"2H","All","Stm","lily.a",NA,"WC","N","20090619"
"2H","All","Stm","lily.b",NA,"WC","N","20090619"
"2H","All","Stm","lippia.javanica",NA,"WC","N","20090619"
"2H","All","Stm","melhania.spp.",NA,"WC","N","20090619"
"2H","All","Stm","misopates.orontium",NA,"WC","N","20090619"
"2H","All","Stm","mollugo.nudicaulis",NA,"WC","N","20090619"
"2H","All","Stm","monechima.debile",NA,"WC","N","20090619"
"2H","All","Stm","monsonia.augustifolia",NA,"WC","N","20090619"
"2H","All","Stm","ocimum.sp",NA,"WC","N","20090619"
"2H","All","Stm","osteospermum.vaillantii",NA,"WC","N","20090619"
"2H","All","Stm","oxygonum.sinuatum",NA,"WC","N","20090619"
"2H","All","Stm","pavonia.patens",NA,"WC","N","20090619"
"2H","All","Stm","pelargonium.alchemilloides",NA,"WC","N","20090619"
"2H","All","Stm","pentanisia.ouranogyne",NA,"WC","N","20090619"
"2H","All","Stm","phyllanthus.maderaspatensis",NA,"WC","N","20090619"
"2H","All","Stm","plectranthus.spp",NA,"WC","N","20090619"
"2H","All","Stm","pollichia.campestris",NA,"WC","N","20090619"
"2H","All","Stm","polygala..l.",NA,"WC","N","20090619"
"2H","All","Stm","polygala.sphenoptera",NA,"WC","N","20090619"
"2H","All","Stm","portulaca.oleracea",NA,"WC","N","20090619"
"2H","All","Stm","portulaca.quadrifida",NA,"WC","N","20090619"
"2H","All","Stm","pseudognaphalium..helichrysum.glumaceum.",NA,"WC","N","20090619"
"2H","All","Stm","psilotrichum.schimperi",NA,"WC","N","20090619"
"2H","All","Stm","rhinacanthus.ndorensis",NA,"WC","N","20090619"
"2H","All","Stm","rhynchosia.holstii",NA,"WC","N","20090619"
"2H","All","Stm","schkuhria.pinnata",NA,"WC","N","20090619"
"2H","All","Stm","sida.2",NA,"WC","N","20090619"
"2H","All","Stm","sida.cuneifolia",NA,"WC","N","20090619"
"2H","All","Stm","solanum.incanum",NA,"WC","N","20090619"
"2H","All","Stm","solanum.indicum",NA,"WC","N","20090619"
"2H","All","Stm","tribulus.terrestris",NA,"WC","N","20090619"
"2H","All","Stm","u",NA,"WC","N","20090619"
"2H","All","Stm","w",NA,"WC","N","20090619"
"2H","All","Stm","x_4",NA,"WC","N","20090619"
"2H","All","Stm","x_5",NA,"WC","N","20090619"
"2H","All","Stm","x_6",NA,"WC","N","20090619"
"2H","All","Stm","x_7",NA,"WC","N","20090619"
"2H","All","Stm","x_8",NA,"WC","N","20090619"
"2F","1st","","bracharia.lacnantha",3,"WC","N","20090619"
"2F","1st","","lintonia.nutans",NA,"WC","N","20090619"
"2F","1st","","pennisetum.mezianum",NA,"WC","N","20090619"
"2F","1st","","pennisetum.straminium",4,"WC","N","20090619"
"2F","1st","","themeda.triandra",NA,"WC","N","20090619"
"2F","1st","","bare",4,"WC","N","20090619"
"2F","1st","","x_2",NA,"WC","N","20090619"
"2F","1st","","aristida.kenyensis",NA,"WC","N","20090619"
"2F","1st","","bothriochloa.insculpta",NA,"WC","N","20090619"
"2F","1st","","bracharia.3",NA,"WC","N","20090619"
"2F","1st","","bracharia.eruciformis",NA,"WC","N","20090619"
"2F","1st","","chloris.sp",NA,"WC","N","20090619"
"2F","1st","","cynodon.dactylon",NA,"WC","N","20090619"
"2F","1st","","cynodon.plectostachyus",NA,"WC","N","20090619"
"2F","1st","","cyperus...mariscus.spp",NA,"WC","N","20090619"
"2F","1st","","digitaria.2",NA,"WC","N","20090619"
"2F","1st","","digitaria.milanjiana",NA,"WC","N","20090619"
"2F","1st","","dinebra.retroflexa",NA,"WC","N","20090619"
"2F","1st","","eragrostis.tenuifolia",NA,"WC","N","20090619"
"2F","1st","","harpachne.schimperi",NA,"WC","N","20090619"
"2F","1st","","microchloa.kunthii",NA,"WC","N","20090619"
"2F","1st","","panicum.astrosanguinum",NA,"WC","N","20090619"
"2F","1st","","setaria.acromelaena..small.",NA,"WC","N","20090619"
"2F","1st","","setaria.sphaecealata..big.",NA,"WC","N","20090619"
"2F","1st","","sporobolus.pyramidalis",NA,"WC","N","20090619"
"2F","1st","","tragus.berteronianus",NA,"WC","N","20090619"
"2F","1st","","x_3",NA,"WC","N","20090619"
"2F","1st","","acalypha.crenata",NA,"WC","N","20090619"
"2F","1st","","aerva.lanata",NA,"WC","N","20090619"
"2F","1st","","amaranthus.hibridus",NA,"WC","N","20090619"
"2F","1st","","aspilia.pluriseta",NA,"WC","N","20090619"
"2F","1st","","asterolinon.adoense..v.",NA,"WC","N","20090619"
"2F","1st","","caralluma.acutangula",NA,"WC","N","20090619"
"2F","1st","","chenopodium.opulifolium",NA,"WC","N","20090619"
"2F","1st","","chenopodium.schraderianum",NA,"WC","N","20090619"
"2F","1st","","commelina.spp",NA,"WC","N","20090619"
"2F","1st","","commicarpus.pedunculosus",NA,"WC","N","20090619"
"2F","1st","","conyza.sp",NA,"WC","N","20090619"
"2F","1st","","corchorus.sp",NA,"WC","N","20090619"
"2F","1st","","crotelaria.sp",NA,"WC","N","20090619"
"2F","1st","","cyathula.orthacantha",NA,"WC","N","20090619"
"2F","1st","","dyscoriste.radicans",NA,"WC","N","20090619"
"2F","1st","","euphorbia.inaequilatera",NA,"WC","N","20090619"
"2F","1st","","evolvulus.alsinoides",NA,"WC","N","20090619"
"2F","1st","","fern",NA,"WC","N","20090619"
"2F","1st","","gutenbergia.sp",NA,"WC","N","20090619"
"2F","1st","","hermannia.uhligii",NA,"WC","N","20090619"
"2F","1st","","hibiscus.flavifolius",NA,"WC","N","20090619"
"2F","1st","","hibiscus.trionum",NA,"WC","N","20090619"
"2F","1st","","indigofera.brevicalyx",NA,"WC","N","20090619"
"2F","1st","","indigofera.schimperi",1,"WC","N","20090619"
"2F","1st","","ipomea.sinensis",NA,"WC","N","20090619"
"2F","1st","","justicia.dichipteroides",NA,"WC","N","20090619"
"2F","1st","","k",NA,"WC","N","20090619"
"2F","1st","","kyllinga.sp",NA,"WC","N","20090619"
"2F","1st","","leucas.glabrata",NA,"WC","N","20090619"
"2F","1st","","leucas.martiniscensis",NA,"WC","N","20090619"
"2F","1st","","lily.a",NA,"WC","N","20090619"
"2F","1st","","lily.b",NA,"WC","N","20090619"
"2F","1st","","lippia.javanica",NA,"WC","N","20090619"
"2F","1st","","melhania.spp.",NA,"WC","N","20090619"
"2F","1st","","misopates.orontium",NA,"WC","N","20090619"
"2F","1st","","mollugo.nudicaulis",NA,"WC","N","20090619"
"2F","1st","","monechima.debile",NA,"WC","N","20090619"
"2F","1st","","monsonia.augustifolia",NA,"WC","N","20090619"
"2F","1st","","ocimum.sp",NA,"WC","N","20090619"
"2F","1st","","osteospermum.vaillantii",NA,"WC","N","20090619"
"2F","1st","","oxygonum.sinuatum",NA,"WC","N","20090619"
"2F","1st","","pavonia.patens",NA,"WC","N","20090619"
"2F","1st","","pelargonium.alchemilloides",NA,"WC","N","20090619"
"2F","1st","","pentanisia.ouranogyne",NA,"WC","N","20090619"
"2F","1st","","phyllanthus.maderaspatensis",NA,"WC","N","20090619"
"2F","1st","","plectranthus.spp",NA,"WC","N","20090619"
"2F","1st","","pollichia.campestris",NA,"WC","N","20090619"
"2F","1st","","polygala..l.",NA,"WC","N","20090619"
"2F","1st","","polygala.sphenoptera",NA,"WC","N","20090619"
"2F","1st","","portulaca.oleracea",NA,"WC","N","20090619"
"2F","1st","","portulaca.quadrifida",NA,"WC","N","20090619"
"2F","1st","","pseudognaphalium..helichrysum.glumaceum.",NA,"WC","N","20090619"
"2F","1st","","psilotrichum.schimperi",NA,"WC","N","20090619"
"2F","1st","","rhinacanthus.ndorensis",NA,"WC","N","20090619"
"2F","1st","","rhynchosia.holstii",NA,"WC","N","20090619"
"2F","1st","","schkuhria.pinnata",NA,"WC","N","20090619"
"2F","1st","","sida.2",NA,"WC","N","20090619"
"2F","1st","","sida.cuneifolia",NA,"WC","N","20090619"
"2F","1st","","solanum.incanum",NA,"WC","N","20090619"
"2F","1st","","solanum.indicum",NA,"WC","N","20090619"
"2F","1st","","tribulus.terrestris",NA,"WC","N","20090619"
"2F","1st","","u",NA,"WC","N","20090619"
"2F","1st","","w",NA,"WC","N","20090619"
"2F","1st","","x_4",NA,"WC","N","20090619"
"2F","1st","","x_5",NA,"WC","N","20090619"
"2F","1st","","x_6",NA,"WC","N","20090619"
"2F","1st","","x_7",NA,"WC","N","20090619"
"2F","1st","","x_8",NA,"WC","N","20090619"
"2F","All","Lvs","bracharia.lacnantha",8,"WC","N","20090619"
"2F","All","Lvs","lintonia.nutans",NA,"WC","N","20090619"
"2F","All","Lvs","pennisetum.mezianum",NA,"WC","N","20090619"
"2F","All","Lvs","pennisetum.straminium",2,"WC","N","20090619"
"2F","All","Lvs","themeda.triandra",NA,"WC","N","20090619"
"2F","All","Lvs","bare",NA,"WC","N","20090619"
"2F","All","Lvs","x_2",NA,"WC","N","20090619"
"2F","All","Lvs","aristida.kenyensis",NA,"WC","N","20090619"
"2F","All","Lvs","bothriochloa.insculpta",NA,"WC","N","20090619"
"2F","All","Lvs","bracharia.3",NA,"WC","N","20090619"
"2F","All","Lvs","bracharia.eruciformis",NA,"WC","N","20090619"
"2F","All","Lvs","chloris.sp",NA,"WC","N","20090619"
"2F","All","Lvs","cynodon.dactylon",NA,"WC","N","20090619"
"2F","All","Lvs","cynodon.plectostachyus",NA,"WC","N","20090619"
"2F","All","Lvs","cyperus...mariscus.spp",NA,"WC","N","20090619"
"2F","All","Lvs","digitaria.2",NA,"WC","N","20090619"
"2F","All","Lvs","digitaria.milanjiana",NA,"WC","N","20090619"
"2F","All","Lvs","dinebra.retroflexa",NA,"WC","N","20090619"
"2F","All","Lvs","eragrostis.tenuifolia",NA,"WC","N","20090619"
"2F","All","Lvs","harpachne.schimperi",NA,"WC","N","20090619"
"2F","All","Lvs","microchloa.kunthii",NA,"WC","N","20090619"
"2F","All","Lvs","panicum.astrosanguinum",NA,"WC","N","20090619"
"2F","All","Lvs","setaria.acromelaena..small.",NA,"WC","N","20090619"
"2F","All","Lvs","setaria.sphaecealata..big.",NA,"WC","N","20090619"
"2F","All","Lvs","sporobolus.pyramidalis",NA,"WC","N","20090619"
"2F","All","Lvs","tragus.berteronianus",NA,"WC","N","20090619"
"2F","All","Lvs","x_3",NA,"WC","N","20090619"
"2F","All","Lvs","acalypha.crenata",NA,"WC","N","20090619"
"2F","All","Lvs","aerva.lanata",NA,"WC","N","20090619"
"2F","All","Lvs","amaranthus.hibridus",NA,"WC","N","20090619"
"2F","All","Lvs","aspilia.pluriseta",NA,"WC","N","20090619"
"2F","All","Lvs","asterolinon.adoense..v.",NA,"WC","N","20090619"
"2F","All","Lvs","caralluma.acutangula",NA,"WC","N","20090619"
"2F","All","Lvs","chenopodium.opulifolium",NA,"WC","N","20090619"
"2F","All","Lvs","chenopodium.schraderianum",NA,"WC","N","20090619"
"2F","All","Lvs","commelina.spp",NA,"WC","N","20090619"
"2F","All","Lvs","commicarpus.pedunculosus",NA,"WC","N","20090619"
"2F","All","Lvs","conyza.sp",NA,"WC","N","20090619"
"2F","All","Lvs","corchorus.sp",NA,"WC","N","20090619"
"2F","All","Lvs","crotelaria.sp",NA,"WC","N","20090619"
"2F","All","Lvs","cyathula.orthacantha",NA,"WC","N","20090619"
"2F","All","Lvs","dyscoriste.radicans",NA,"WC","N","20090619"
"2F","All","Lvs","euphorbia.inaequilatera",NA,"WC","N","20090619"
"2F","All","Lvs","evolvulus.alsinoides",NA,"WC","N","20090619"
"2F","All","Lvs","fern",NA,"WC","N","20090619"
"2F","All","Lvs","gutenbergia.sp",NA,"WC","N","20090619"
"2F","All","Lvs","hermannia.uhligii",NA,"WC","N","20090619"
"2F","All","Lvs","hibiscus.flavifolius",NA,"WC","N","20090619"
"2F","All","Lvs","hibiscus.trionum",NA,"WC","N","20090619"
"2F","All","Lvs","indigofera.brevicalyx",NA,"WC","N","20090619"
"2F","All","Lvs","indigofera.schimperi",NA,"WC","N","20090619"
"2F","All","Lvs","ipomea.sinensis",NA,"WC","N","20090619"
"2F","All","Lvs","justicia.dichipteroides",NA,"WC","N","20090619"
"2F","All","Lvs","k",NA,"WC","N","20090619"
"2F","All","Lvs","kyllinga.sp",NA,"WC","N","20090619"
"2F","All","Lvs","leucas.glabrata",NA,"WC","N","20090619"
"2F","All","Lvs","leucas.martiniscensis",NA,"WC","N","20090619"
"2F","All","Lvs","lily.a",NA,"WC","N","20090619"
"2F","All","Lvs","lily.b",NA,"WC","N","20090619"
"2F","All","Lvs","lippia.javanica",NA,"WC","N","20090619"
"2F","All","Lvs","melhania.spp.",NA,"WC","N","20090619"
"2F","All","Lvs","misopates.orontium",NA,"WC","N","20090619"
"2F","All","Lvs","mollugo.nudicaulis",NA,"WC","N","20090619"
"2F","All","Lvs","monechima.debile",NA,"WC","N","20090619"
"2F","All","Lvs","monsonia.augustifolia",NA,"WC","N","20090619"
"2F","All","Lvs","ocimum.sp",NA,"WC","N","20090619"
"2F","All","Lvs","osteospermum.vaillantii",NA,"WC","N","20090619"
"2F","All","Lvs","oxygonum.sinuatum",NA,"WC","N","20090619"
"2F","All","Lvs","pavonia.patens",NA,"WC","N","20090619"
"2F","All","Lvs","pelargonium.alchemilloides",NA,"WC","N","20090619"
"2F","All","Lvs","pentanisia.ouranogyne",NA,"WC","N","20090619"
"2F","All","Lvs","phyllanthus.maderaspatensis",NA,"WC","N","20090619"
"2F","All","Lvs","plectranthus.spp",NA,"WC","N","20090619"
"2F","All","Lvs","pollichia.campestris",NA,"WC","N","20090619"
"2F","All","Lvs","polygala..l.",NA,"WC","N","20090619"
"2F","All","Lvs","polygala.sphenoptera",NA,"WC","N","20090619"
"2F","All","Lvs","portulaca.oleracea",NA,"WC","N","20090619"
"2F","All","Lvs","portulaca.quadrifida",NA,"WC","N","20090619"
"2F","All","Lvs","pseudognaphalium..helichrysum.glumaceum.",NA,"WC","N","20090619"
"2F","All","Lvs","psilotrichum.schimperi",NA,"WC","N","20090619"
"2F","All","Lvs","rhinacanthus.ndorensis",NA,"WC","N","20090619"
"2F","All","Lvs","rhynchosia.holstii",NA,"WC","N","20090619"
"2F","All","Lvs","schkuhria.pinnata",NA,"WC","N","20090619"
"2F","All","Lvs","sida.2",NA,"WC","N","20090619"
"2F","All","Lvs","sida.cuneifolia",NA,"WC","N","20090619"
"2F","All","Lvs","solanum.incanum",NA,"WC","N","20090619"
"2F","All","Lvs","solanum.indicum",NA,"WC","N","20090619"
"2F","All","Lvs","tribulus.terrestris",NA,"WC","N","20090619"
"2F","All","Lvs","u",NA,"WC","N","20090619"
"2F","All","Lvs","w",NA,"WC","N","20090619"
"2F","All","Lvs","x_4",NA,"WC","N","20090619"
"2F","All","Lvs","x_5",NA,"WC","N","20090619"
"2F","All","Lvs","x_6",NA,"WC","N","20090619"
"2F","All","Lvs","x_7",NA,"WC","N","20090619"
"2F","All","Lvs","x_8",NA,"WC","N","20090619"
"2F","All","Stm","bracharia.lacnantha",3,"WC","N","20090619"
"2F","All","Stm","lintonia.nutans",NA,"WC","N","20090619"
"2F","All","Stm","pennisetum.mezianum",NA,"WC","N","20090619"
"2F","All","Stm","pennisetum.straminium",4,"WC","N","20090619"
"2F","All","Stm","themeda.triandra",NA,"WC","N","20090619"
"2F","All","Stm","bare",NA,"WC","N","20090619"
"2F","All","Stm","x_2",NA,"WC","N","20090619"
"2F","All","Stm","aristida.kenyensis",NA,"WC","N","20090619"
"2F","All","Stm","bothriochloa.insculpta",NA,"WC","N","20090619"
"2F","All","Stm","bracharia.3",NA,"WC","N","20090619"
"2F","All","Stm","bracharia.eruciformis",NA,"WC","N","20090619"
"2F","All","Stm","chloris.sp",NA,"WC","N","20090619"
"2F","All","Stm","cynodon.dactylon",NA,"WC","N","20090619"
"2F","All","Stm","cynodon.plectostachyus",NA,"WC","N","20090619"
"2F","All","Stm","cyperus...mariscus.spp",NA,"WC","N","20090619"
"2F","All","Stm","digitaria.2",NA,"WC","N","20090619"
"2F","All","Stm","digitaria.milanjiana",NA,"WC","N","20090619"
"2F","All","Stm","dinebra.retroflexa",NA,"WC","N","20090619"
"2F","All","Stm","eragrostis.tenuifolia",NA,"WC","N","20090619"
"2F","All","Stm","harpachne.schimperi",NA,"WC","N","20090619"
"2F","All","Stm","microchloa.kunthii",NA,"WC","N","20090619"
"2F","All","Stm","panicum.astrosanguinum",NA,"WC","N","20090619"
"2F","All","Stm","setaria.acromelaena..small.",NA,"WC","N","20090619"
"2F","All","Stm","setaria.sphaecealata..big.",NA,"WC","N","20090619"
"2F","All","Stm","sporobolus.pyramidalis",NA,"WC","N","20090619"
"2F","All","Stm","tragus.berteronianus",NA,"WC","N","20090619"
"2F","All","Stm","x_3",NA,"WC","N","20090619"
"2F","All","Stm","acalypha.crenata",NA,"WC","N","20090619"
"2F","All","Stm","aerva.lanata",NA,"WC","N","20090619"
"2F","All","Stm","amaranthus.hibridus",NA,"WC","N","20090619"
"2F","All","Stm","aspilia.pluriseta",NA,"WC","N","20090619"
"2F","All","Stm","asterolinon.adoense..v.",NA,"WC","N","20090619"
"2F","All","Stm","caralluma.acutangula",NA,"WC","N","20090619"
"2F","All","Stm","chenopodium.opulifolium",NA,"WC","N","20090619"
"2F","All","Stm","chenopodium.schraderianum",NA,"WC","N","20090619"
"2F","All","Stm","commelina.spp",NA,"WC","N","20090619"
"2F","All","Stm","commicarpus.pedunculosus",NA,"WC","N","20090619"
"2F","All","Stm","conyza.sp",NA,"WC","N","20090619"
"2F","All","Stm","corchorus.sp",NA,"WC","N","20090619"
"2F","All","Stm","crotelaria.sp",NA,"WC","N","20090619"
"2F","All","Stm","cyathula.orthacantha",NA,"WC","N","20090619"
"2F","All","Stm","dyscoriste.radicans",NA,"WC","N","20090619"
"2F","All","Stm","euphorbia.inaequilatera",NA,"WC","N","20090619"
"2F","All","Stm","evolvulus.alsinoides",NA,"WC","N","20090619"
"2F","All","Stm","fern",NA,"WC","N","20090619"
"2F","All","Stm","gutenbergia.sp",NA,"WC","N","20090619"
"2F","All","Stm","hermannia.uhligii",NA,"WC","N","20090619"
"2F","All","Stm","hibiscus.flavifolius",NA,"WC","N","20090619"
"2F","All","Stm","hibiscus.trionum",NA,"WC","N","20090619"
"2F","All","Stm","indigofera.brevicalyx",NA,"WC","N","20090619"
"2F","All","Stm","indigofera.schimperi",1,"WC","N","20090619"
"2F","All","Stm","ipomea.sinensis",NA,"WC","N","20090619"
"2F","All","Stm","justicia.dichipteroides",NA,"WC","N","20090619"
"2F","All","Stm","k",NA,"WC","N","20090619"
"2F","All","Stm","kyllinga.sp",NA,"WC","N","20090619"
"2F","All","Stm","leucas.glabrata",NA,"WC","N","20090619"
"2F","All","Stm","leucas.martiniscensis",NA,"WC","N","20090619"
"2F","All","Stm","lily.a",NA,"WC","N","20090619"
"2F","All","Stm","lily.b",NA,"WC","N","20090619"
"2F","All","Stm","lippia.javanica",NA,"WC","N","20090619"
"2F","All","Stm","melhania.spp.",NA,"WC","N","20090619"
"2F","All","Stm","misopates.orontium",NA,"WC","N","20090619"
"2F","All","Stm","mollugo.nudicaulis",NA,"WC","N","20090619"
"2F","All","Stm","monechima.debile",NA,"WC","N","20090619"
"2F","All","Stm","monsonia.augustifolia",NA,"WC","N","20090619"
"2F","All","Stm","ocimum.sp",NA,"WC","N","20090619"
"2F","All","Stm","osteospermum.vaillantii",NA,"WC","N","20090619"
"2F","All","Stm","oxygonum.sinuatum",NA,"WC","N","20090619"
"2F","All","Stm","pavonia.patens",NA,"WC","N","20090619"
"2F","All","Stm","pelargonium.alchemilloides",NA,"WC","N","20090619"
"2F","All","Stm","pentanisia.ouranogyne",NA,"WC","N","20090619"
"2F","All","Stm","phyllanthus.maderaspatensis",NA,"WC","N","20090619"
"2F","All","Stm","plectranthus.spp",NA,"WC","N","20090619"
"2F","All","Stm","pollichia.campestris",NA,"WC","N","20090619"
"2F","All","Stm","polygala..l.",NA,"WC","N","20090619"
"2F","All","Stm","polygala.sphenoptera",NA,"WC","N","20090619"
"2F","All","Stm","portulaca.oleracea",NA,"WC","N","20090619"
"2F","All","Stm","portulaca.quadrifida",NA,"WC","N","20090619"
"2F","All","Stm","pseudognaphalium..helichrysum.glumaceum.",NA,"WC","N","20090619"
"2F","All","Stm","psilotrichum.schimperi",NA,"WC","N","20090619"
"2F","All","Stm","rhinacanthus.ndorensis",NA,"WC","N","20090619"
"2F","All","Stm","rhynchosia.holstii",NA,"WC","N","20090619"
"2F","All","Stm","schkuhria.pinnata",NA,"WC","N","20090619"
"2F","All","Stm","sida.2",NA,"WC","N","20090619"
"2F","All","Stm","sida.cuneifolia",NA,"WC","N","20090619"
"2F","All","Stm","solanum.incanum",NA,"WC","N","20090619"
"2F","All","Stm","solanum.indicum",NA,"WC","N","20090619"
"2F","All","Stm","tribulus.terrestris",NA,"WC","N","20090619"
"2F","All","Stm","u",NA,"WC","N","20090619"
"2F","All","Stm","w",NA,"WC","N","20090619"
"2F","All","Stm","x_4",NA,"WC","N","20090619"
"2F","All","Stm","x_5",NA,"WC","N","20090619"
"2F","All","Stm","x_6",NA,"WC","N","20090619"
"2F","All","Stm","x_7",NA,"WC","N","20090619"
"2F","All","Stm","x_8",NA,"WC","N","20090619"
"2D","1st","","bracharia.lacnantha",8,"WC","N","20090619"
"2D","1st","","lintonia.nutans",NA,"WC","N","20090619"
"2D","1st","","pennisetum.mezianum",NA,"WC","N","20090619"
"2D","1st","","pennisetum.straminium",2,"WC","N","20090619"
"2D","1st","","themeda.triandra",NA,"WC","N","20090619"
"2D","1st","","bare",1,"WC","N","20090619"
"2D","1st","","x_2",NA,"WC","N","20090619"
"2D","1st","","aristida.kenyensis",NA,"WC","N","20090619"
"2D","1st","","bothriochloa.insculpta",NA,"WC","N","20090619"
"2D","1st","","bracharia.3",NA,"WC","N","20090619"
"2D","1st","","bracharia.eruciformis",NA,"WC","N","20090619"
"2D","1st","","chloris.sp",NA,"WC","N","20090619"
"2D","1st","","cynodon.dactylon",NA,"WC","N","20090619"
"2D","1st","","cynodon.plectostachyus",NA,"WC","N","20090619"
"2D","1st","","cyperus...mariscus.spp",NA,"WC","N","20090619"
"2D","1st","","digitaria.2",NA,"WC","N","20090619"
"2D","1st","","digitaria.milanjiana",NA,"WC","N","20090619"
"2D","1st","","dinebra.retroflexa",NA,"WC","N","20090619"
"2D","1st","","eragrostis.tenuifolia",NA,"WC","N","20090619"
"2D","1st","","harpachne.schimperi",NA,"WC","N","20090619"
"2D","1st","","microchloa.kunthii",NA,"WC","N","20090619"
"2D","1st","","panicum.astrosanguinum",NA,"WC","N","20090619"
"2D","1st","","setaria.acromelaena..small.",NA,"WC","N","20090619"
"2D","1st","","setaria.sphaecealata..big.",NA,"WC","N","20090619"
"2D","1st","","sporobolus.pyramidalis",NA,"WC","N","20090619"
"2D","1st","","tragus.berteronianus",NA,"WC","N","20090619"
"2D","1st","","x_3",NA,"WC","N","20090619"
"2D","1st","","acalypha.crenata",NA,"WC","N","20090619"
"2D","1st","","aerva.lanata",NA,"WC","N","20090619"
"2D","1st","","amaranthus.hibridus",NA,"WC","N","20090619"
"2D","1st","","aspilia.pluriseta",NA,"WC","N","20090619"
"2D","1st","","asterolinon.adoense..v.",NA,"WC","N","20090619"
"2D","1st","","caralluma.acutangula",NA,"WC","N","20090619"
"2D","1st","","chenopodium.opulifolium",NA,"WC","N","20090619"
"2D","1st","","chenopodium.schraderianum",NA,"WC","N","20090619"
"2D","1st","","commelina.spp",NA,"WC","N","20090619"
"2D","1st","","commicarpus.pedunculosus",NA,"WC","N","20090619"
"2D","1st","","conyza.sp",NA,"WC","N","20090619"
"2D","1st","","corchorus.sp",NA,"WC","N","20090619"
"2D","1st","","crotelaria.sp",NA,"WC","N","20090619"
"2D","1st","","cyathula.orthacantha",NA,"WC","N","20090619"
"2D","1st","","dyscoriste.radicans",NA,"WC","N","20090619"
"2D","1st","","euphorbia.inaequilatera",NA,"WC","N","20090619"
"2D","1st","","evolvulus.alsinoides",NA,"WC","N","20090619"
"2D","1st","","fern",NA,"WC","N","20090619"
"2D","1st","","gutenbergia.sp",NA,"WC","N","20090619"
"2D","1st","","hermannia.uhligii",NA,"WC","N","20090619"
"2D","1st","","hibiscus.flavifolius",NA,"WC","N","20090619"
"2D","1st","","hibiscus.trionum",NA,"WC","N","20090619"
"2D","1st","","indigofera.brevicalyx",NA,"WC","N","20090619"
"2D","1st","","indigofera.schimperi",NA,"WC","N","20090619"
"2D","1st","","ipomea.sinensis",NA,"WC","N","20090619"
"2D","1st","","justicia.dichipteroides",NA,"WC","N","20090619"
"2D","1st","","k",NA,"WC","N","20090619"
"2D","1st","","kyllinga.sp",NA,"WC","N","20090619"
"2D","1st","","leucas.glabrata",NA,"WC","N","20090619"
"2D","1st","","leucas.martiniscensis",NA,"WC","N","20090619"
"2D","1st","","lily.a",NA,"WC","N","20090619"
"2D","1st","","lily.b",NA,"WC","N","20090619"
"2D","1st","","lippia.javanica",NA,"WC","N","20090619"
"2D","1st","","melhania.spp.",NA,"WC","N","20090619"
"2D","1st","","misopates.orontium",NA,"WC","N","20090619"
"2D","1st","","mollugo.nudicaulis",NA,"WC","N","20090619"
"2D","1st","","monechima.debile",NA,"WC","N","20090619"
"2D","1st","","monsonia.augustifolia",NA,"WC","N","20090619"
"2D","1st","","ocimum.sp",NA,"WC","N","20090619"
"2D","1st","","osteospermum.vaillantii",NA,"WC","N","20090619"
"2D","1st","","oxygonum.sinuatum",NA,"WC","N","20090619"
"2D","1st","","pavonia.patens",NA,"WC","N","20090619"
"2D","1st","","pelargonium.alchemilloides",NA,"WC","N","20090619"
"2D","1st","","pentanisia.ouranogyne",NA,"WC","N","20090619"
"2D","1st","","phyllanthus.maderaspatensis",NA,"WC","N","20090619"
"2D","1st","","plectranthus.spp",NA,"WC","N","20090619"
"2D","1st","","pollichia.campestris",NA,"WC","N","20090619"
"2D","1st","","polygala..l.",NA,"WC","N","20090619"
"2D","1st","","polygala.sphenoptera",NA,"WC","N","20090619"
"2D","1st","","portulaca.oleracea",NA,"WC","N","20090619"
"2D","1st","","portulaca.quadrifida",NA,"WC","N","20090619"
"2D","1st","","pseudognaphalium..helichrysum.glumaceum.",NA,"WC","N","20090619"
"2D","1st","","psilotrichum.schimperi",NA,"WC","N","20090619"
"2D","1st","","rhinacanthus.ndorensis",NA,"WC","N","20090619"
"2D","1st","","rhynchosia.holstii",NA,"WC","N","20090619"
"2D","1st","","schkuhria.pinnata",NA,"WC","N","20090619"
"2D","1st","","sida.2",NA,"WC","N","20090619"
"2D","1st","","sida.cuneifolia",NA,"WC","N","20090619"
"2D","1st","","solanum.incanum",NA,"WC","N","20090619"
"2D","1st","","solanum.indicum",NA,"WC","N","20090619"
"2D","1st","","tribulus.terrestris",NA,"WC","N","20090619"
"2D","1st","","u",NA,"WC","N","20090619"
"2D","1st","","w",NA,"WC","N","20090619"
"2D","1st","","x_4",NA,"WC","N","20090619"
"2D","1st","","x_5",NA,"WC","N","20090619"
"2D","1st","","x_6",NA,"WC","N","20090619"
"2D","1st","","x_7",NA,"WC","N","20090619"
"2D","1st","","x_8",NA,"WC","N","20090619"
"2D","All","Lvs","bracharia.lacnantha",13,"WC","N","20090619"
"2D","All","Lvs","lintonia.nutans",NA,"WC","N","20090619"
"2D","All","Lvs","pennisetum.mezianum",NA,"WC","N","20090619"
"2D","All","Lvs","pennisetum.straminium",NA,"WC","N","20090619"
"2D","All","Lvs","themeda.triandra",NA,"WC","N","20090619"
"2D","All","Lvs","bare",NA,"WC","N","20090619"
"2D","All","Lvs","x_2",NA,"WC","N","20090619"
"2D","All","Lvs","aristida.kenyensis",NA,"WC","N","20090619"
"2D","All","Lvs","bothriochloa.insculpta",NA,"WC","N","20090619"
"2D","All","Lvs","bracharia.3",NA,"WC","N","20090619"
"2D","All","Lvs","bracharia.eruciformis",NA,"WC","N","20090619"
"2D","All","Lvs","chloris.sp",NA,"WC","N","20090619"
"2D","All","Lvs","cynodon.dactylon",NA,"WC","N","20090619"
"2D","All","Lvs","cynodon.plectostachyus",NA,"WC","N","20090619"
"2D","All","Lvs","cyperus...mariscus.spp",NA,"WC","N","20090619"
"2D","All","Lvs","digitaria.2",NA,"WC","N","20090619"
"2D","All","Lvs","digitaria.milanjiana",NA,"WC","N","20090619"
"2D","All","Lvs","dinebra.retroflexa",NA,"WC","N","20090619"
"2D","All","Lvs","eragrostis.tenuifolia",NA,"WC","N","20090619"
"2D","All","Lvs","harpachne.schimperi",NA,"WC","N","20090619"
"2D","All","Lvs","microchloa.kunthii",NA,"WC","N","20090619"
"2D","All","Lvs","panicum.astrosanguinum",NA,"WC","N","20090619"
"2D","All","Lvs","setaria.acromelaena..small.",NA,"WC","N","20090619"
"2D","All","Lvs","setaria.sphaecealata..big.",NA,"WC","N","20090619"
"2D","All","Lvs","sporobolus.pyramidalis",NA,"WC","N","20090619"
"2D","All","Lvs","tragus.berteronianus",NA,"WC","N","20090619"
"2D","All","Lvs","x_3",NA,"WC","N","20090619"
"2D","All","Lvs","acalypha.crenata",NA,"WC","N","20090619"
"2D","All","Lvs","aerva.lanata",NA,"WC","N","20090619"
"2D","All","Lvs","amaranthus.hibridus",NA,"WC","N","20090619"
"2D","All","Lvs","aspilia.pluriseta",NA,"WC","N","20090619"
"2D","All","Lvs","asterolinon.adoense..v.",NA,"WC","N","20090619"
"2D","All","Lvs","caralluma.acutangula",NA,"WC","N","20090619"
"2D","All","Lvs","chenopodium.opulifolium",NA,"WC","N","20090619"
"2D","All","Lvs","chenopodium.schraderianum",NA,"WC","N","20090619"
"2D","All","Lvs","commelina.spp",NA,"WC","N","20090619"
"2D","All","Lvs","commicarpus.pedunculosus",NA,"WC","N","20090619"
"2D","All","Lvs","conyza.sp",NA,"WC","N","20090619"
"2D","All","Lvs","corchorus.sp",NA,"WC","N","20090619"
"2D","All","Lvs","crotelaria.sp",NA,"WC","N","20090619"
"2D","All","Lvs","cyathula.orthacantha",NA,"WC","N","20090619"
"2D","All","Lvs","dyscoriste.radicans",NA,"WC","N","20090619"
"2D","All","Lvs","euphorbia.inaequilatera",NA,"WC","N","20090619"
"2D","All","Lvs","evolvulus.alsinoides",NA,"WC","N","20090619"
"2D","All","Lvs","fern",NA,"WC","N","20090619"
"2D","All","Lvs","gutenbergia.sp",NA,"WC","N","20090619"
"2D","All","Lvs","hermannia.uhligii",NA,"WC","N","20090619"
"2D","All","Lvs","hibiscus.flavifolius",NA,"WC","N","20090619"
"2D","All","Lvs","hibiscus.trionum",NA,"WC","N","20090619"
"2D","All","Lvs","indigofera.brevicalyx",NA,"WC","N","20090619"
"2D","All","Lvs","indigofera.schimperi",NA,"WC","N","20090619"
"2D","All","Lvs","ipomea.sinensis",NA,"WC","N","20090619"
"2D","All","Lvs","justicia.dichipteroides",NA,"WC","N","20090619"
"2D","All","Lvs","k",NA,"WC","N","20090619"
"2D","All","Lvs","kyllinga.sp",NA,"WC","N","20090619"
"2D","All","Lvs","leucas.glabrata",NA,"WC","N","20090619"
"2D","All","Lvs","leucas.martiniscensis",NA,"WC","N","20090619"
"2D","All","Lvs","lily.a",NA,"WC","N","20090619"
"2D","All","Lvs","lily.b",NA,"WC","N","20090619"
"2D","All","Lvs","lippia.javanica",NA,"WC","N","20090619"
"2D","All","Lvs","melhania.spp.",NA,"WC","N","20090619"
"2D","All","Lvs","misopates.orontium",NA,"WC","N","20090619"
"2D","All","Lvs","mollugo.nudicaulis",NA,"WC","N","20090619"
"2D","All","Lvs","monechima.debile",NA,"WC","N","20090619"
"2D","All","Lvs","monsonia.augustifolia",NA,"WC","N","20090619"
"2D","All","Lvs","ocimum.sp",NA,"WC","N","20090619"
"2D","All","Lvs","osteospermum.vaillantii",NA,"WC","N","20090619"
"2D","All","Lvs","oxygonum.sinuatum",NA,"WC","N","20090619"
"2D","All","Lvs","pavonia.patens",NA,"WC","N","20090619"
"2D","All","Lvs","pelargonium.alchemilloides",NA,"WC","N","20090619"
"2D","All","Lvs","pentanisia.ouranogyne",NA,"WC","N","20090619"
"2D","All","Lvs","phyllanthus.maderaspatensis",NA,"WC","N","20090619"
"2D","All","Lvs","plectranthus.spp",NA,"WC","N","20090619"
"2D","All","Lvs","pollichia.campestris",NA,"WC","N","20090619"
"2D","All","Lvs","polygala..l.",NA,"WC","N","20090619"
"2D","All","Lvs","polygala.sphenoptera",NA,"WC","N","20090619"
"2D","All","Lvs","portulaca.oleracea",NA,"WC","N","20090619"
"2D","All","Lvs","portulaca.quadrifida",NA,"WC","N","20090619"
"2D","All","Lvs","pseudognaphalium..helichrysum.glumaceum.",NA,"WC","N","20090619"
"2D","All","Lvs","psilotrichum.schimperi",NA,"WC","N","20090619"
"2D","All","Lvs","rhinacanthus.ndorensis",NA,"WC","N","20090619"
"2D","All","Lvs","rhynchosia.holstii",NA,"WC","N","20090619"
"2D","All","Lvs","schkuhria.pinnata",NA,"WC","N","20090619"
"2D","All","Lvs","sida.2",NA,"WC","N","20090619"
"2D","All","Lvs","sida.cuneifolia",NA,"WC","N","20090619"
"2D","All","Lvs","solanum.incanum",NA,"WC","N","20090619"
"2D","All","Lvs","solanum.indicum",NA,"WC","N","20090619"
"2D","All","Lvs","tribulus.terrestris",NA,"WC","N","20090619"
"2D","All","Lvs","u",NA,"WC","N","20090619"
"2D","All","Lvs","w",NA,"WC","N","20090619"
"2D","All","Lvs","x_4",NA,"WC","N","20090619"
"2D","All","Lvs","x_5",NA,"WC","N","20090619"
"2D","All","Lvs","x_6",NA,"WC","N","20090619"
"2D","All","Lvs","x_7",NA,"WC","N","20090619"
"2D","All","Lvs","x_8",NA,"WC","N","20090619"
"2D","All","Stm","bracharia.lacnantha",4,"WC","N","20090619"
"2D","All","Stm","lintonia.nutans",NA,"WC","N","20090619"
"2D","All","Stm","pennisetum.mezianum",NA,"WC","N","20090619"
"2D","All","Stm","pennisetum.straminium",2,"WC","N","20090619"
"2D","All","Stm","themeda.triandra",NA,"WC","N","20090619"
"2D","All","Stm","bare",NA,"WC","N","20090619"
"2D","All","Stm","x_2",NA,"WC","N","20090619"
"2D","All","Stm","aristida.kenyensis",NA,"WC","N","20090619"
"2D","All","Stm","bothriochloa.insculpta",NA,"WC","N","20090619"
"2D","All","Stm","bracharia.3",NA,"WC","N","20090619"
"2D","All","Stm","bracharia.eruciformis",NA,"WC","N","20090619"
"2D","All","Stm","chloris.sp",NA,"WC","N","20090619"
"2D","All","Stm","cynodon.dactylon",NA,"WC","N","20090619"
"2D","All","Stm","cynodon.plectostachyus",NA,"WC","N","20090619"
"2D","All","Stm","cyperus...mariscus.spp",NA,"WC","N","20090619"
"2D","All","Stm","digitaria.2",NA,"WC","N","20090619"
"2D","All","Stm","digitaria.milanjiana",NA,"WC","N","20090619"
"2D","All","Stm","dinebra.retroflexa",NA,"WC","N","20090619"
"2D","All","Stm","eragrostis.tenuifolia",NA,"WC","N","20090619"
"2D","All","Stm","harpachne.schimperi",NA,"WC","N","20090619"
"2D","All","Stm","microchloa.kunthii",NA,"WC","N","20090619"
"2D","All","Stm","panicum.astrosanguinum",NA,"WC","N","20090619"
"2D","All","Stm","setaria.acromelaena..small.",NA,"WC","N","20090619"
"2D","All","Stm","setaria.sphaecealata..big.",NA,"WC","N","20090619"
"2D","All","Stm","sporobolus.pyramidalis",NA,"WC","N","20090619"
"2D","All","Stm","tragus.berteronianus",NA,"WC","N","20090619"
"2D","All","Stm","x_3",NA,"WC","N","20090619"
"2D","All","Stm","acalypha.crenata",NA,"WC","N","20090619"
"2D","All","Stm","aerva.lanata",NA,"WC","N","20090619"
"2D","All","Stm","amaranthus.hibridus",NA,"WC","N","20090619"
"2D","All","Stm","aspilia.pluriseta",NA,"WC","N","20090619"
"2D","All","Stm","asterolinon.adoense..v.",NA,"WC","N","20090619"
"2D","All","Stm","caralluma.acutangula",NA,"WC","N","20090619"
"2D","All","Stm","chenopodium.opulifolium",NA,"WC","N","20090619"
"2D","All","Stm","chenopodium.schraderianum",NA,"WC","N","20090619"
"2D","All","Stm","commelina.spp",NA,"WC","N","20090619"
"2D","All","Stm","commicarpus.pedunculosus",NA,"WC","N","20090619"
"2D","All","Stm","conyza.sp",NA,"WC","N","20090619"
"2D","All","Stm","corchorus.sp",NA,"WC","N","20090619"
"2D","All","Stm","crotelaria.sp",NA,"WC","N","20090619"
"2D","All","Stm","cyathula.orthacantha",NA,"WC","N","20090619"
"2D","All","Stm","dyscoriste.radicans",NA,"WC","N","20090619"
"2D","All","Stm","euphorbia.inaequilatera",NA,"WC","N","20090619"
"2D","All","Stm","evolvulus.alsinoides",NA,"WC","N","20090619"
"2D","All","Stm","fern",NA,"WC","N","20090619"
"2D","All","Stm","gutenbergia.sp",NA,"WC","N","20090619"
"2D","All","Stm","hermannia.uhligii",NA,"WC","N","20090619"
"2D","All","Stm","hibiscus.flavifolius",NA,"WC","N","20090619"
"2D","All","Stm","hibiscus.trionum",NA,"WC","N","20090619"
"2D","All","Stm","indigofera.brevicalyx",NA,"WC","N","20090619"
"2D","All","Stm","indigofera.schimperi",NA,"WC","N","20090619"
"2D","All","Stm","ipomea.sinensis",NA,"WC","N","20090619"
"2D","All","Stm","justicia.dichipteroides",NA,"WC","N","20090619"
"2D","All","Stm","k",NA,"WC","N","20090619"
"2D","All","Stm","kyllinga.sp",NA,"WC","N","20090619"
"2D","All","Stm","leucas.glabrata",NA,"WC","N","20090619"
"2D","All","Stm","leucas.martiniscensis",NA,"WC","N","20090619"
"2D","All","Stm","lily.a",NA,"WC","N","20090619"
"2D","All","Stm","lily.b",NA,"WC","N","20090619"
"2D","All","Stm","lippia.javanica",NA,"WC","N","20090619"
"2D","All","Stm","melhania.spp.",NA,"WC","N","20090619"
"2D","All","Stm","misopates.orontium",NA,"WC","N","20090619"
"2D","All","Stm","mollugo.nudicaulis",NA,"WC","N","20090619"
"2D","All","Stm","monechima.debile",NA,"WC","N","20090619"
"2D","All","Stm","monsonia.augustifolia",NA,"WC","N","20090619"
"2D","All","Stm","ocimum.sp",NA,"WC","N","20090619"
"2D","All","Stm","osteospermum.vaillantii",NA,"WC","N","20090619"
"2D","All","Stm","oxygonum.sinuatum",NA,"WC","N","20090619"
"2D","All","Stm","pavonia.patens",NA,"WC","N","20090619"
"2D","All","Stm","pelargonium.alchemilloides",NA,"WC","N","20090619"
"2D","All","Stm","pentanisia.ouranogyne",NA,"WC","N","20090619"
"2D","All","Stm","phyllanthus.maderaspatensis",NA,"WC","N","20090619"
"2D","All","Stm","plectranthus.spp",NA,"WC","N","20090619"
"2D","All","Stm","pollichia.campestris",NA,"WC","N","20090619"
"2D","All","Stm","polygala..l.",NA,"WC","N","20090619"
"2D","All","Stm","polygala.sphenoptera",NA,"WC","N","20090619"
"2D","All","Stm","portulaca.oleracea",NA,"WC","N","20090619"
"2D","All","Stm","portulaca.quadrifida",NA,"WC","N","20090619"
"2D","All","Stm","pseudognaphalium..helichrysum.glumaceum.",NA,"WC","N","20090619"
"2D","All","Stm","psilotrichum.schimperi",NA,"WC","N","20090619"
"2D","All","Stm","rhinacanthus.ndorensis",NA,"WC","N","20090619"
"2D","All","Stm","rhynchosia.holstii",NA,"WC","N","20090619"
"2D","All","Stm","schkuhria.pinnata",NA,"WC","N","20090619"
"2D","All","Stm","sida.2",NA,"WC","N","20090619"
"2D","All","Stm","sida.cuneifolia",NA,"WC","N","20090619"
"2D","All","Stm","solanum.incanum",NA,"WC","N","20090619"
"2D","All","Stm","solanum.indicum",NA,"WC","N","20090619"
"2D","All","Stm","tribulus.terrestris",NA,"WC","N","20090619"
"2D","All","Stm","u",NA,"WC","N","20090619"
"2D","All","Stm","w",NA,"WC","N","20090619"
"2D","All","Stm","x_4",NA,"WC","N","20090619"
"2D","All","Stm","x_5",NA,"WC","N","20090619"
"2D","All","Stm","x_6",NA,"WC","N","20090619"
"2D","All","Stm","x_7",NA,"WC","N","20090619"
"2D","All","Stm","x_8",NA,"WC","N","20090619"
"2B","1st","","bracharia.lacnantha",2,"WC","N","20090619"
"2B","1st","","lintonia.nutans",NA,"WC","N","20090619"
"2B","1st","","pennisetum.mezianum",NA,"WC","N","20090619"
"2B","1st","","pennisetum.straminium",1,"WC","N","20090619"
"2B","1st","","themeda.triandra",NA,"WC","N","20090619"
"2B","1st","","bare",7,"WC","N","20090619"
"2B","1st","","x_2",NA,"WC","N","20090619"
"2B","1st","","aristida.kenyensis",NA,"WC","N","20090619"
"2B","1st","","bothriochloa.insculpta",NA,"WC","N","20090619"
"2B","1st","","bracharia.3",NA,"WC","N","20090619"
"2B","1st","","bracharia.eruciformis",NA,"WC","N","20090619"
"2B","1st","","chloris.sp",NA,"WC","N","20090619"
"2B","1st","","cynodon.dactylon",NA,"WC","N","20090619"
"2B","1st","","cynodon.plectostachyus",NA,"WC","N","20090619"
"2B","1st","","cyperus...mariscus.spp",NA,"WC","N","20090619"
"2B","1st","","digitaria.2",NA,"WC","N","20090619"
"2B","1st","","digitaria.milanjiana",NA,"WC","N","20090619"
"2B","1st","","dinebra.retroflexa",NA,"WC","N","20090619"
"2B","1st","","eragrostis.tenuifolia",NA,"WC","N","20090619"
"2B","1st","","harpachne.schimperi",NA,"WC","N","20090619"
"2B","1st","","microchloa.kunthii",NA,"WC","N","20090619"
"2B","1st","","panicum.astrosanguinum",NA,"WC","N","20090619"
"2B","1st","","setaria.acromelaena..small.",NA,"WC","N","20090619"
"2B","1st","","setaria.sphaecealata..big.",NA,"WC","N","20090619"
"2B","1st","","sporobolus.pyramidalis",NA,"WC","N","20090619"
"2B","1st","","tragus.berteronianus",NA,"WC","N","20090619"
"2B","1st","","x_3",NA,"WC","N","20090619"
"2B","1st","","acalypha.crenata",NA,"WC","N","20090619"
"2B","1st","","aerva.lanata",NA,"WC","N","20090619"
"2B","1st","","amaranthus.hibridus",NA,"WC","N","20090619"
"2B","1st","","aspilia.pluriseta",NA,"WC","N","20090619"
"2B","1st","","asterolinon.adoense..v.",NA,"WC","N","20090619"
"2B","1st","","caralluma.acutangula",NA,"WC","N","20090619"
"2B","1st","","chenopodium.opulifolium",NA,"WC","N","20090619"
"2B","1st","","chenopodium.schraderianum",NA,"WC","N","20090619"
"2B","1st","","commelina.spp",NA,"WC","N","20090619"
"2B","1st","","commicarpus.pedunculosus",NA,"WC","N","20090619"
"2B","1st","","conyza.sp",NA,"WC","N","20090619"
"2B","1st","","corchorus.sp",NA,"WC","N","20090619"
"2B","1st","","crotelaria.sp",NA,"WC","N","20090619"
"2B","1st","","cyathula.orthacantha",NA,"WC","N","20090619"
"2B","1st","","dyscoriste.radicans",NA,"WC","N","20090619"
"2B","1st","","euphorbia.inaequilatera",NA,"WC","N","20090619"
"2B","1st","","evolvulus.alsinoides",NA,"WC","N","20090619"
"2B","1st","","fern",NA,"WC","N","20090619"
"2B","1st","","gutenbergia.sp",NA,"WC","N","20090619"
"2B","1st","","hermannia.uhligii",NA,"WC","N","20090619"
"2B","1st","","hibiscus.flavifolius",NA,"WC","N","20090619"
"2B","1st","","hibiscus.trionum",NA,"WC","N","20090619"
"2B","1st","","indigofera.brevicalyx",NA,"WC","N","20090619"
"2B","1st","","indigofera.schimperi",NA,"WC","N","20090619"
"2B","1st","","ipomea.sinensis",NA,"WC","N","20090619"
"2B","1st","","justicia.dichipteroides",NA,"WC","N","20090619"
"2B","1st","","k",NA,"WC","N","20090619"
"2B","1st","","kyllinga.sp",NA,"WC","N","20090619"
"2B","1st","","leucas.glabrata",NA,"WC","N","20090619"
"2B","1st","","leucas.martiniscensis",NA,"WC","N","20090619"
"2B","1st","","lily.a",NA,"WC","N","20090619"
"2B","1st","","lily.b",NA,"WC","N","20090619"
"2B","1st","","lippia.javanica",NA,"WC","N","20090619"
"2B","1st","","melhania.spp.",NA,"WC","N","20090619"
"2B","1st","","misopates.orontium",NA,"WC","N","20090619"
"2B","1st","","mollugo.nudicaulis",NA,"WC","N","20090619"
"2B","1st","","monechima.debile",NA,"WC","N","20090619"
"2B","1st","","monsonia.augustifolia",NA,"WC","N","20090619"
"2B","1st","","ocimum.sp",NA,"WC","N","20090619"
"2B","1st","","osteospermum.vaillantii",NA,"WC","N","20090619"
"2B","1st","","oxygonum.sinuatum",NA,"WC","N","20090619"
"2B","1st","","pavonia.patens",NA,"WC","N","20090619"
"2B","1st","","pelargonium.alchemilloides",NA,"WC","N","20090619"
"2B","1st","","pentanisia.ouranogyne",NA,"WC","N","20090619"
"2B","1st","","phyllanthus.maderaspatensis",NA,"WC","N","20090619"
"2B","1st","","plectranthus.spp",NA,"WC","N","20090619"
"2B","1st","","pollichia.campestris",NA,"WC","N","20090619"
"2B","1st","","polygala..l.",NA,"WC","N","20090619"
"2B","1st","","polygala.sphenoptera",NA,"WC","N","20090619"
"2B","1st","","portulaca.oleracea",NA,"WC","N","20090619"
"2B","1st","","portulaca.quadrifida",NA,"WC","N","20090619"
"2B","1st","","pseudognaphalium..helichrysum.glumaceum.",NA,"WC","N","20090619"
"2B","1st","","psilotrichum.schimperi",NA,"WC","N","20090619"
"2B","1st","","rhinacanthus.ndorensis",NA,"WC","N","20090619"
"2B","1st","","rhynchosia.holstii",NA,"WC","N","20090619"
"2B","1st","","schkuhria.pinnata",NA,"WC","N","20090619"
"2B","1st","","sida.2",NA,"WC","N","20090619"
"2B","1st","","sida.cuneifolia",NA,"WC","N","20090619"
"2B","1st","","solanum.incanum",NA,"WC","N","20090619"
"2B","1st","","solanum.indicum",NA,"WC","N","20090619"
"2B","1st","","tribulus.terrestris",NA,"WC","N","20090619"
"2B","1st","","u",NA,"WC","N","20090619"
"2B","1st","","w",NA,"WC","N","20090619"
"2B","1st","","x_4",NA,"WC","N","20090619"
"2B","1st","","x_5",NA,"WC","N","20090619"
"2B","1st","","x_6",NA,"WC","N","20090619"
"2B","1st","","x_7",NA,"WC","N","20090619"
"2B","1st","","x_8",NA,"WC","N","20090619"
"2B","All","Lvs","bracharia.lacnantha",2,"WC","N","20090619"
"2B","All","Lvs","lintonia.nutans",NA,"WC","N","20090619"
"2B","All","Lvs","pennisetum.mezianum",NA,"WC","N","20090619"
"2B","All","Lvs","pennisetum.straminium",NA,"WC","N","20090619"
"2B","All","Lvs","themeda.triandra",NA,"WC","N","20090619"
"2B","All","Lvs","bare",NA,"WC","N","20090619"
"2B","All","Lvs","x_2",NA,"WC","N","20090619"
"2B","All","Lvs","aristida.kenyensis",NA,"WC","N","20090619"
"2B","All","Lvs","bothriochloa.insculpta",NA,"WC","N","20090619"
"2B","All","Lvs","bracharia.3",NA,"WC","N","20090619"
"2B","All","Lvs","bracharia.eruciformis",NA,"WC","N","20090619"
"2B","All","Lvs","chloris.sp",NA,"WC","N","20090619"
"2B","All","Lvs","cynodon.dactylon",NA,"WC","N","20090619"
"2B","All","Lvs","cynodon.plectostachyus",NA,"WC","N","20090619"
"2B","All","Lvs","cyperus...mariscus.spp",NA,"WC","N","20090619"
"2B","All","Lvs","digitaria.2",NA,"WC","N","20090619"
"2B","All","Lvs","digitaria.milanjiana",NA,"WC","N","20090619"
"2B","All","Lvs","dinebra.retroflexa",NA,"WC","N","20090619"
"2B","All","Lvs","eragrostis.tenuifolia",NA,"WC","N","20090619"
"2B","All","Lvs","harpachne.schimperi",NA,"WC","N","20090619"
"2B","All","Lvs","microchloa.kunthii",NA,"WC","N","20090619"
"2B","All","Lvs","panicum.astrosanguinum",NA,"WC","N","20090619"
"2B","All","Lvs","setaria.acromelaena..small.",NA,"WC","N","20090619"
"2B","All","Lvs","setaria.sphaecealata..big.",NA,"WC","N","20090619"
"2B","All","Lvs","sporobolus.pyramidalis",NA,"WC","N","20090619"
"2B","All","Lvs","tragus.berteronianus",NA,"WC","N","20090619"
"2B","All","Lvs","x_3",NA,"WC","N","20090619"
"2B","All","Lvs","acalypha.crenata",NA,"WC","N","20090619"
"2B","All","Lvs","aerva.lanata",NA,"WC","N","20090619"
"2B","All","Lvs","amaranthus.hibridus",NA,"WC","N","20090619"
"2B","All","Lvs","aspilia.pluriseta",NA,"WC","N","20090619"
"2B","All","Lvs","asterolinon.adoense..v.",NA,"WC","N","20090619"
"2B","All","Lvs","caralluma.acutangula",NA,"WC","N","20090619"
"2B","All","Lvs","chenopodium.opulifolium",NA,"WC","N","20090619"
"2B","All","Lvs","chenopodium.schraderianum",NA,"WC","N","20090619"
"2B","All","Lvs","commelina.spp",NA,"WC","N","20090619"
"2B","All","Lvs","commicarpus.pedunculosus",NA,"WC","N","20090619"
"2B","All","Lvs","conyza.sp",NA,"WC","N","20090619"
"2B","All","Lvs","corchorus.sp",NA,"WC","N","20090619"
"2B","All","Lvs","crotelaria.sp",NA,"WC","N","20090619"
"2B","All","Lvs","cyathula.orthacantha",NA,"WC","N","20090619"
"2B","All","Lvs","dyscoriste.radicans",NA,"WC","N","20090619"
"2B","All","Lvs","euphorbia.inaequilatera",NA,"WC","N","20090619"
"2B","All","Lvs","evolvulus.alsinoides",NA,"WC","N","20090619"
"2B","All","Lvs","fern",NA,"WC","N","20090619"
"2B","All","Lvs","gutenbergia.sp",NA,"WC","N","20090619"
"2B","All","Lvs","hermannia.uhligii",NA,"WC","N","20090619"
"2B","All","Lvs","hibiscus.flavifolius",NA,"WC","N","20090619"
"2B","All","Lvs","hibiscus.trionum",NA,"WC","N","20090619"
"2B","All","Lvs","indigofera.brevicalyx",NA,"WC","N","20090619"
"2B","All","Lvs","indigofera.schimperi",NA,"WC","N","20090619"
"2B","All","Lvs","ipomea.sinensis",NA,"WC","N","20090619"
"2B","All","Lvs","justicia.dichipteroides",NA,"WC","N","20090619"
"2B","All","Lvs","k",NA,"WC","N","20090619"
"2B","All","Lvs","kyllinga.sp",NA,"WC","N","20090619"
"2B","All","Lvs","leucas.glabrata",NA,"WC","N","20090619"
"2B","All","Lvs","leucas.martiniscensis",NA,"WC","N","20090619"
"2B","All","Lvs","lily.a",NA,"WC","N","20090619"
"2B","All","Lvs","lily.b",NA,"WC","N","20090619"
"2B","All","Lvs","lippia.javanica",NA,"WC","N","20090619"
"2B","All","Lvs","melhania.spp.",NA,"WC","N","20090619"
"2B","All","Lvs","misopates.orontium",NA,"WC","N","20090619"
"2B","All","Lvs","mollugo.nudicaulis",NA,"WC","N","20090619"
"2B","All","Lvs","monechima.debile",NA,"WC","N","20090619"
"2B","All","Lvs","monsonia.augustifolia",NA,"WC","N","20090619"
"2B","All","Lvs","ocimum.sp",NA,"WC","N","20090619"
"2B","All","Lvs","osteospermum.vaillantii",NA,"WC","N","20090619"
"2B","All","Lvs","oxygonum.sinuatum",NA,"WC","N","20090619"
"2B","All","Lvs","pavonia.patens",NA,"WC","N","20090619"
"2B","All","Lvs","pelargonium.alchemilloides",NA,"WC","N","20090619"
"2B","All","Lvs","pentanisia.ouranogyne",NA,"WC","N","20090619"
"2B","All","Lvs","phyllanthus.maderaspatensis",NA,"WC","N","20090619"
"2B","All","Lvs","plectranthus.spp",NA,"WC","N","20090619"
"2B","All","Lvs","pollichia.campestris",NA,"WC","N","20090619"
"2B","All","Lvs","polygala..l.",NA,"WC","N","20090619"
"2B","All","Lvs","polygala.sphenoptera",NA,"WC","N","20090619"
"2B","All","Lvs","portulaca.oleracea",NA,"WC","N","20090619"
"2B","All","Lvs","portulaca.quadrifida",NA,"WC","N","20090619"
"2B","All","Lvs","pseudognaphalium..helichrysum.glumaceum.",NA,"WC","N","20090619"
"2B","All","Lvs","psilotrichum.schimperi",NA,"WC","N","20090619"
"2B","All","Lvs","rhinacanthus.ndorensis",NA,"WC","N","20090619"
"2B","All","Lvs","rhynchosia.holstii",NA,"WC","N","20090619"
"2B","All","Lvs","schkuhria.pinnata",NA,"WC","N","20090619"
"2B","All","Lvs","sida.2",NA,"WC","N","20090619"
"2B","All","Lvs","sida.cuneifolia",NA,"WC","N","20090619"
"2B","All","Lvs","solanum.incanum",NA,"WC","N","20090619"
"2B","All","Lvs","solanum.indicum",NA,"WC","N","20090619"
"2B","All","Lvs","tribulus.terrestris",NA,"WC","N","20090619"
"2B","All","Lvs","u",NA,"WC","N","20090619"
"2B","All","Lvs","w",NA,"WC","N","20090619"
"2B","All","Lvs","x_4",NA,"WC","N","20090619"
"2B","All","Lvs","x_5",NA,"WC","N","20090619"
"2B","All","Lvs","x_6",NA,"WC","N","20090619"
"2B","All","Lvs","x_7",NA,"WC","N","20090619"
"2B","All","Lvs","x_8",NA,"WC","N","20090619"
"2B","All","Stm","bracharia.lacnantha",NA,"WC","N","20090619"
"2B","All","Stm","lintonia.nutans",NA,"WC","N","20090619"
"2B","All","Stm","pennisetum.mezianum",NA,"WC","N","20090619"
"2B","All","Stm","pennisetum.straminium",1,"WC","N","20090619"
"2B","All","Stm","themeda.triandra",NA,"WC","N","20090619"
"2B","All","Stm","bare",NA,"WC","N","20090619"
"2B","All","Stm","x_2",NA,"WC","N","20090619"
"2B","All","Stm","aristida.kenyensis",NA,"WC","N","20090619"
"2B","All","Stm","bothriochloa.insculpta",NA,"WC","N","20090619"
"2B","All","Stm","bracharia.3",NA,"WC","N","20090619"
"2B","All","Stm","bracharia.eruciformis",NA,"WC","N","20090619"
"2B","All","Stm","chloris.sp",NA,"WC","N","20090619"
"2B","All","Stm","cynodon.dactylon",NA,"WC","N","20090619"
"2B","All","Stm","cynodon.plectostachyus",NA,"WC","N","20090619"
"2B","All","Stm","cyperus...mariscus.spp",NA,"WC","N","20090619"
"2B","All","Stm","digitaria.2",NA,"WC","N","20090619"
"2B","All","Stm","digitaria.milanjiana",NA,"WC","N","20090619"
"2B","All","Stm","dinebra.retroflexa",NA,"WC","N","20090619"
"2B","All","Stm","eragrostis.tenuifolia",NA,"WC","N","20090619"
"2B","All","Stm","harpachne.schimperi",NA,"WC","N","20090619"
"2B","All","Stm","microchloa.kunthii",NA,"WC","N","20090619"
"2B","All","Stm","panicum.astrosanguinum",NA,"WC","N","20090619"
"2B","All","Stm","setaria.acromelaena..small.",NA,"WC","N","20090619"
"2B","All","Stm","setaria.sphaecealata..big.",NA,"WC","N","20090619"
"2B","All","Stm","sporobolus.pyramidalis",NA,"WC","N","20090619"
"2B","All","Stm","tragus.berteronianus",NA,"WC","N","20090619"
"2B","All","Stm","x_3",NA,"WC","N","20090619"
"2B","All","Stm","acalypha.crenata",NA,"WC","N","20090619"
"2B","All","Stm","aerva.lanata",NA,"WC","N","20090619"
"2B","All","Stm","amaranthus.hibridus",NA,"WC","N","20090619"
"2B","All","Stm","aspilia.pluriseta",NA,"WC","N","20090619"
"2B","All","Stm","asterolinon.adoense..v.",NA,"WC","N","20090619"
"2B","All","Stm","caralluma.acutangula",NA,"WC","N","20090619"
"2B","All","Stm","chenopodium.opulifolium",NA,"WC","N","20090619"
"2B","All","Stm","chenopodium.schraderianum",NA,"WC","N","20090619"
"2B","All","Stm","commelina.spp",NA,"WC","N","20090619"
"2B","All","Stm","commicarpus.pedunculosus",NA,"WC","N","20090619"
"2B","All","Stm","conyza.sp",NA,"WC","N","20090619"
"2B","All","Stm","corchorus.sp",NA,"WC","N","20090619"
"2B","All","Stm","crotelaria.sp",NA,"WC","N","20090619"
"2B","All","Stm","cyathula.orthacantha",NA,"WC","N","20090619"
"2B","All","Stm","dyscoriste.radicans",NA,"WC","N","20090619"
"2B","All","Stm","euphorbia.inaequilatera",NA,"WC","N","20090619"
"2B","All","Stm","evolvulus.alsinoides",NA,"WC","N","20090619"
"2B","All","Stm","fern",NA,"WC","N","20090619"
"2B","All","Stm","gutenbergia.sp",NA,"WC","N","20090619"
"2B","All","Stm","hermannia.uhligii",NA,"WC","N","20090619"
"2B","All","Stm","hibiscus.flavifolius",NA,"WC","N","20090619"
"2B","All","Stm","hibiscus.trionum",NA,"WC","N","20090619"
"2B","All","Stm","indigofera.brevicalyx",NA,"WC","N","20090619"
"2B","All","Stm","indigofera.schimperi",NA,"WC","N","20090619"
"2B","All","Stm","ipomea.sinensis",NA,"WC","N","20090619"
"2B","All","Stm","justicia.dichipteroides",NA,"WC","N","20090619"
"2B","All","Stm","k",NA,"WC","N","20090619"
"2B","All","Stm","kyllinga.sp",NA,"WC","N","20090619"
"2B","All","Stm","leucas.glabrata",NA,"WC","N","20090619"
"2B","All","Stm","leucas.martiniscensis",NA,"WC","N","20090619"
"2B","All","Stm","lily.a",NA,"WC","N","20090619"
"2B","All","Stm","lily.b",NA,"WC","N","20090619"
"2B","All","Stm","lippia.javanica",NA,"WC","N","20090619"
"2B","All","Stm","melhania.spp.",NA,"WC","N","20090619"
"2B","All","Stm","misopates.orontium",NA,"WC","N","20090619"
"2B","All","Stm","mollugo.nudicaulis",NA,"WC","N","20090619"
"2B","All","Stm","monechima.debile",NA,"WC","N","20090619"
"2B","All","Stm","monsonia.augustifolia",NA,"WC","N","20090619"
"2B","All","Stm","ocimum.sp",NA,"WC","N","20090619"
"2B","All","Stm","osteospermum.vaillantii",NA,"WC","N","20090619"
"2B","All","Stm","oxygonum.sinuatum",NA,"WC","N","20090619"
"2B","All","Stm","pavonia.patens",NA,"WC","N","20090619"
"2B","All","Stm","pelargonium.alchemilloides",NA,"WC","N","20090619"
"2B","All","Stm","pentanisia.ouranogyne",NA,"WC","N","20090619"
"2B","All","Stm","phyllanthus.maderaspatensis",NA,"WC","N","20090619"
"2B","All","Stm","plectranthus.spp",NA,"WC","N","20090619"
"2B","All","Stm","pollichia.campestris",NA,"WC","N","20090619"
"2B","All","Stm","polygala..l.",NA,"WC","N","20090619"
"2B","All","Stm","polygala.sphenoptera",NA,"WC","N","20090619"
"2B","All","Stm","portulaca.oleracea",NA,"WC","N","20090619"
"2B","All","Stm","portulaca.quadrifida",NA,"WC","N","20090619"
"2B","All","Stm","pseudognaphalium..helichrysum.glumaceum.",NA,"WC","N","20090619"
"2B","All","Stm","psilotrichum.schimperi",NA,"WC","N","20090619"
"2B","All","Stm","rhinacanthus.ndorensis",NA,"WC","N","20090619"
"2B","All","Stm","rhynchosia.holstii",NA,"WC","N","20090619"
"2B","All","Stm","schkuhria.pinnata",NA,"WC","N","20090619"
"2B","All","Stm","sida.2",NA,"WC","N","20090619"
"2B","All","Stm","sida.cuneifolia",NA,"WC","N","20090619"
"2B","All","Stm","solanum.incanum",NA,"WC","N","20090619"
"2B","All","Stm","solanum.indicum",NA,"WC","N","20090619"
"2B","All","Stm","tribulus.terrestris",NA,"WC","N","20090619"
"2B","All","Stm","u",NA,"WC","N","20090619"
"2B","All","Stm","w",NA,"WC","N","20090619"
"2B","All","Stm","x_4",NA,"WC","N","20090619"
"2B","All","Stm","x_5",NA,"WC","N","20090619"
"2B","All","Stm","x_6",NA,"WC","N","20090619"
"2B","All","Stm","x_7",NA,"WC","N","20090619"
"2B","All","Stm","x_8",NA,"WC","N","20090619"
"3A","1st","","bracharia.lacnantha",NA,"WC","N","20090619"
"3A","1st","","lintonia.nutans",NA,"WC","N","20090619"
"3A","1st","","pennisetum.mezianum",NA,"WC","N","20090619"
"3A","1st","","pennisetum.straminium",NA,"WC","N","20090619"
"3A","1st","","themeda.triandra",NA,"WC","N","20090619"
"3A","1st","","bare",8,"WC","N","20090619"
"3A","1st","","x_2",NA,"WC","N","20090619"
"3A","1st","","aristida.kenyensis",NA,"WC","N","20090619"
"3A","1st","","bothriochloa.insculpta",NA,"WC","N","20090619"
"3A","1st","","bracharia.3",NA,"WC","N","20090619"
"3A","1st","","bracharia.eruciformis",NA,"WC","N","20090619"
"3A","1st","","chloris.sp",NA,"WC","N","20090619"
"3A","1st","","cynodon.dactylon",NA,"WC","N","20090619"
"3A","1st","","cynodon.plectostachyus",NA,"WC","N","20090619"
"3A","1st","","cyperus...mariscus.spp",NA,"WC","N","20090619"
"3A","1st","","digitaria.2",NA,"WC","N","20090619"
"3A","1st","","digitaria.milanjiana",NA,"WC","N","20090619"
"3A","1st","","dinebra.retroflexa",NA,"WC","N","20090619"
"3A","1st","","eragrostis.tenuifolia",NA,"WC","N","20090619"
"3A","1st","","harpachne.schimperi",NA,"WC","N","20090619"
"3A","1st","","microchloa.kunthii",NA,"WC","N","20090619"
"3A","1st","","panicum.astrosanguinum",NA,"WC","N","20090619"
"3A","1st","","setaria.acromelaena..small.",NA,"WC","N","20090619"
"3A","1st","","setaria.sphaecealata..big.",NA,"WC","N","20090619"
"3A","1st","","sporobolus.pyramidalis",NA,"WC","N","20090619"
"3A","1st","","tragus.berteronianus",NA,"WC","N","20090619"
"3A","1st","","x_3",NA,"WC","N","20090619"
"3A","1st","","acalypha.crenata",NA,"WC","N","20090619"
"3A","1st","","aerva.lanata",NA,"WC","N","20090619"
"3A","1st","","amaranthus.hibridus",NA,"WC","N","20090619"
"3A","1st","","aspilia.pluriseta",NA,"WC","N","20090619"
"3A","1st","","asterolinon.adoense..v.",NA,"WC","N","20090619"
"3A","1st","","caralluma.acutangula",NA,"WC","N","20090619"
"3A","1st","","chenopodium.opulifolium",NA,"WC","N","20090619"
"3A","1st","","chenopodium.schraderianum",NA,"WC","N","20090619"
"3A","1st","","commelina.spp",NA,"WC","N","20090619"
"3A","1st","","commicarpus.pedunculosus",NA,"WC","N","20090619"
"3A","1st","","conyza.sp",NA,"WC","N","20090619"
"3A","1st","","corchorus.sp",NA,"WC","N","20090619"
"3A","1st","","crotelaria.sp",NA,"WC","N","20090619"
"3A","1st","","cyathula.orthacantha",NA,"WC","N","20090619"
"3A","1st","","dyscoriste.radicans",NA,"WC","N","20090619"
"3A","1st","","euphorbia.inaequilatera",NA,"WC","N","20090619"
"3A","1st","","evolvulus.alsinoides",NA,"WC","N","20090619"
"3A","1st","","fern",NA,"WC","N","20090619"
"3A","1st","","gutenbergia.sp",NA,"WC","N","20090619"
"3A","1st","","hermannia.uhligii",NA,"WC","N","20090619"
"3A","1st","","hibiscus.flavifolius",NA,"WC","N","20090619"
"3A","1st","","hibiscus.trionum",NA,"WC","N","20090619"
"3A","1st","","indigofera.brevicalyx",NA,"WC","N","20090619"
"3A","1st","","indigofera.schimperi",NA,"WC","N","20090619"
"3A","1st","","ipomea.sinensis",NA,"WC","N","20090619"
"3A","1st","","justicia.dichipteroides",NA,"WC","N","20090619"
"3A","1st","","k",NA,"WC","N","20090619"
"3A","1st","","kyllinga.sp",NA,"WC","N","20090619"
"3A","1st","","leucas.glabrata",NA,"WC","N","20090619"
"3A","1st","","leucas.martiniscensis",NA,"WC","N","20090619"
"3A","1st","","lily.a",NA,"WC","N","20090619"
"3A","1st","","lily.b",NA,"WC","N","20090619"
"3A","1st","","lippia.javanica",NA,"WC","N","20090619"
"3A","1st","","melhania.spp.",NA,"WC","N","20090619"
"3A","1st","","misopates.orontium",NA,"WC","N","20090619"
"3A","1st","","mollugo.nudicaulis",NA,"WC","N","20090619"
"3A","1st","","monechima.debile",NA,"WC","N","20090619"
"3A","1st","","monsonia.augustifolia",NA,"WC","N","20090619"
"3A","1st","","ocimum.sp",NA,"WC","N","20090619"
"3A","1st","","osteospermum.vaillantii",NA,"WC","N","20090619"
"3A","1st","","oxygonum.sinuatum",NA,"WC","N","20090619"
"3A","1st","","pavonia.patens",NA,"WC","N","20090619"
"3A","1st","","pelargonium.alchemilloides",NA,"WC","N","20090619"
"3A","1st","","pentanisia.ouranogyne",NA,"WC","N","20090619"
"3A","1st","","phyllanthus.maderaspatensis",NA,"WC","N","20090619"
"3A","1st","","plectranthus.spp",NA,"WC","N","20090619"
"3A","1st","","pollichia.campestris",NA,"WC","N","20090619"
"3A","1st","","polygala..l.",NA,"WC","N","20090619"
"3A","1st","","polygala.sphenoptera",NA,"WC","N","20090619"
"3A","1st","","portulaca.oleracea",NA,"WC","N","20090619"
"3A","1st","","portulaca.quadrifida",NA,"WC","N","20090619"
"3A","1st","","pseudognaphalium..helichrysum.glumaceum.",NA,"WC","N","20090619"
"3A","1st","","psilotrichum.schimperi",NA,"WC","N","20090619"
"3A","1st","","rhinacanthus.ndorensis",NA,"WC","N","20090619"
"3A","1st","","rhynchosia.holstii",NA,"WC","N","20090619"
"3A","1st","","schkuhria.pinnata",NA,"WC","N","20090619"
"3A","1st","","sida.2",NA,"WC","N","20090619"
"3A","1st","","sida.cuneifolia",NA,"WC","N","20090619"
"3A","1st","","solanum.incanum",NA,"WC","N","20090619"
"3A","1st","","solanum.indicum",NA,"WC","N","20090619"
"3A","1st","","tribulus.terrestris",NA,"WC","N","20090619"
"3A","1st","","u",NA,"WC","N","20090619"
"3A","1st","","w",NA,"WC","N","20090619"
"3A","1st","","x_4",NA,"WC","N","20090619"
"3A","1st","","x_5",NA,"WC","N","20090619"
"3A","1st","","x_6",NA,"WC","N","20090619"
"3A","1st","","x_7",NA,"WC","N","20090619"
"3A","1st","","x_8",NA,"WC","N","20090619"
"3C","1st","","bracharia.lacnantha",NA,"WC","N","20090619"
"3C","1st","","lintonia.nutans",NA,"WC","N","20090619"
"3C","1st","","pennisetum.mezianum",NA,"WC","N","20090619"
"3C","1st","","pennisetum.straminium",NA,"WC","N","20090619"
"3C","1st","","themeda.triandra",NA,"WC","N","20090619"
"3C","1st","","bare",4,"WC","N","20090619"
"3C","1st","","x_2",NA,"WC","N","20090619"
"3C","1st","","aristida.kenyensis",NA,"WC","N","20090619"
"3C","1st","","bothriochloa.insculpta",NA,"WC","N","20090619"
"3C","1st","","bracharia.3",NA,"WC","N","20090619"
"3C","1st","","bracharia.eruciformis",NA,"WC","N","20090619"
"3C","1st","","chloris.sp",NA,"WC","N","20090619"
"3C","1st","","cynodon.dactylon",NA,"WC","N","20090619"
"3C","1st","","cynodon.plectostachyus",NA,"WC","N","20090619"
"3C","1st","","cyperus...mariscus.spp",NA,"WC","N","20090619"
"3C","1st","","digitaria.2",NA,"WC","N","20090619"
"3C","1st","","digitaria.milanjiana",NA,"WC","N","20090619"
"3C","1st","","dinebra.retroflexa",NA,"WC","N","20090619"
"3C","1st","","eragrostis.tenuifolia",NA,"WC","N","20090619"
"3C","1st","","harpachne.schimperi",NA,"WC","N","20090619"
"3C","1st","","microchloa.kunthii",NA,"WC","N","20090619"
"3C","1st","","panicum.astrosanguinum",NA,"WC","N","20090619"
"3C","1st","","setaria.acromelaena..small.",NA,"WC","N","20090619"
"3C","1st","","setaria.sphaecealata..big.",NA,"WC","N","20090619"
"3C","1st","","sporobolus.pyramidalis",NA,"WC","N","20090619"
"3C","1st","","tragus.berteronianus",NA,"WC","N","20090619"
"3C","1st","","x_3",NA,"WC","N","20090619"
"3C","1st","","acalypha.crenata",NA,"WC","N","20090619"
"3C","1st","","aerva.lanata",NA,"WC","N","20090619"
"3C","1st","","amaranthus.hibridus",NA,"WC","N","20090619"
"3C","1st","","aspilia.pluriseta",NA,"WC","N","20090619"
"3C","1st","","asterolinon.adoense..v.",NA,"WC","N","20090619"
"3C","1st","","caralluma.acutangula",NA,"WC","N","20090619"
"3C","1st","","chenopodium.opulifolium",NA,"WC","N","20090619"
"3C","1st","","chenopodium.schraderianum",NA,"WC","N","20090619"
"3C","1st","","commelina.spp",NA,"WC","N","20090619"
"3C","1st","","commicarpus.pedunculosus",NA,"WC","N","20090619"
"3C","1st","","conyza.sp",NA,"WC","N","20090619"
"3C","1st","","corchorus.sp",NA,"WC","N","20090619"
"3C","1st","","crotelaria.sp",NA,"WC","N","20090619"
"3C","1st","","cyathula.orthacantha",NA,"WC","N","20090619"
"3C","1st","","dyscoriste.radicans",NA,"WC","N","20090619"
"3C","1st","","euphorbia.inaequilatera",NA,"WC","N","20090619"
"3C","1st","","evolvulus.alsinoides",NA,"WC","N","20090619"
"3C","1st","","fern",NA,"WC","N","20090619"
"3C","1st","","gutenbergia.sp",NA,"WC","N","20090619"
"3C","1st","","hermannia.uhligii",NA,"WC","N","20090619"
"3C","1st","","hibiscus.flavifolius",NA,"WC","N","20090619"
"3C","1st","","hibiscus.trionum",NA,"WC","N","20090619"
"3C","1st","","indigofera.brevicalyx",NA,"WC","N","20090619"
"3C","1st","","indigofera.schimperi",NA,"WC","N","20090619"
"3C","1st","","ipomea.sinensis",NA,"WC","N","20090619"
"3C","1st","","justicia.dichipteroides",NA,"WC","N","20090619"
"3C","1st","","k",NA,"WC","N","20090619"
"3C","1st","","kyllinga.sp",NA,"WC","N","20090619"
"3C","1st","","leucas.glabrata",NA,"WC","N","20090619"
"3C","1st","","leucas.martiniscensis",NA,"WC","N","20090619"
"3C","1st","","lily.a",NA,"WC","N","20090619"
"3C","1st","","lily.b",NA,"WC","N","20090619"
"3C","1st","","lippia.javanica",NA,"WC","N","20090619"
"3C","1st","","melhania.spp.",NA,"WC","N","20090619"
"3C","1st","","misopates.orontium",NA,"WC","N","20090619"
"3C","1st","","mollugo.nudicaulis",NA,"WC","N","20090619"
"3C","1st","","monechima.debile",NA,"WC","N","20090619"
"3C","1st","","monsonia.augustifolia",NA,"WC","N","20090619"
"3C","1st","","ocimum.sp",NA,"WC","N","20090619"
"3C","1st","","osteospermum.vaillantii",NA,"WC","N","20090619"
"3C","1st","","oxygonum.sinuatum",NA,"WC","N","20090619"
"3C","1st","","pavonia.patens",NA,"WC","N","20090619"
"3C","1st","","pelargonium.alchemilloides",NA,"WC","N","20090619"
"3C","1st","","pentanisia.ouranogyne",NA,"WC","N","20090619"
"3C","1st","","phyllanthus.maderaspatensis",NA,"WC","N","20090619"
"3C","1st","","plectranthus.spp",NA,"WC","N","20090619"
"3C","1st","","pollichia.campestris",NA,"WC","N","20090619"
"3C","1st","","polygala..l.",NA,"WC","N","20090619"
"3C","1st","","polygala.sphenoptera",NA,"WC","N","20090619"
"3C","1st","","portulaca.oleracea",NA,"WC","N","20090619"
"3C","1st","","portulaca.quadrifida",NA,"WC","N","20090619"
"3C","1st","","pseudognaphalium..helichrysum.glumaceum.",NA,"WC","N","20090619"
"3C","1st","","psilotrichum.schimperi",NA,"WC","N","20090619"
"3C","1st","","rhinacanthus.ndorensis",NA,"WC","N","20090619"
"3C","1st","","rhynchosia.holstii",NA,"WC","N","20090619"
"3C","1st","","schkuhria.pinnata",NA,"WC","N","20090619"
"3C","1st","","sida.2",NA,"WC","N","20090619"
"3C","1st","","sida.cuneifolia",NA,"WC","N","20090619"
"3C","1st","","solanum.incanum",NA,"WC","N","20090619"
"3C","1st","","solanum.indicum",NA,"WC","N","20090619"
"3C","1st","","tribulus.terrestris",NA,"WC","N","20090619"
"3C","1st","","u",NA,"WC","N","20090619"
"3C","1st","","w",NA,"WC","N","20090619"
"3C","1st","","x_4",NA,"WC","N","20090619"
"3C","1st","","x_5",NA,"WC","N","20090619"
"3C","1st","","x_6",NA,"WC","N","20090619"
"3C","1st","","x_7",NA,"WC","N","20090619"
"3C","1st","","x_8",NA,"WC","N","20090619"
"3E","1st","","bracharia.lacnantha",NA,"WC","N","20090619"
"3E","1st","","lintonia.nutans",NA,"WC","N","20090619"
"3E","1st","","pennisetum.mezianum",NA,"WC","N","20090619"
"3E","1st","","pennisetum.straminium",NA,"WC","N","20090619"
"3E","1st","","themeda.triandra",NA,"WC","N","20090619"
"3E","1st","","bare",1,"WC","N","20090619"
"3E","1st","","x_2",NA,"WC","N","20090619"
"3E","1st","","aristida.kenyensis",NA,"WC","N","20090619"
"3E","1st","","bothriochloa.insculpta",NA,"WC","N","20090619"
"3E","1st","","bracharia.3",NA,"WC","N","20090619"
"3E","1st","","bracharia.eruciformis",NA,"WC","N","20090619"
"3E","1st","","chloris.sp",NA,"WC","N","20090619"
"3E","1st","","cynodon.dactylon",NA,"WC","N","20090619"
"3E","1st","","cynodon.plectostachyus",NA,"WC","N","20090619"
"3E","1st","","cyperus...mariscus.spp",NA,"WC","N","20090619"
"3E","1st","","digitaria.2",NA,"WC","N","20090619"
"3E","1st","","digitaria.milanjiana",NA,"WC","N","20090619"
"3E","1st","","dinebra.retroflexa",NA,"WC","N","20090619"
"3E","1st","","eragrostis.tenuifolia",NA,"WC","N","20090619"
"3E","1st","","harpachne.schimperi",NA,"WC","N","20090619"
"3E","1st","","microchloa.kunthii",NA,"WC","N","20090619"
"3E","1st","","panicum.astrosanguinum",NA,"WC","N","20090619"
"3E","1st","","setaria.acromelaena..small.",NA,"WC","N","20090619"
"3E","1st","","setaria.sphaecealata..big.",NA,"WC","N","20090619"
"3E","1st","","sporobolus.pyramidalis",NA,"WC","N","20090619"
"3E","1st","","tragus.berteronianus",NA,"WC","N","20090619"
"3E","1st","","x_3",NA,"WC","N","20090619"
"3E","1st","","acalypha.crenata",NA,"WC","N","20090619"
"3E","1st","","aerva.lanata",NA,"WC","N","20090619"
"3E","1st","","amaranthus.hibridus",NA,"WC","N","20090619"
"3E","1st","","aspilia.pluriseta",NA,"WC","N","20090619"
"3E","1st","","asterolinon.adoense..v.",NA,"WC","N","20090619"
"3E","1st","","caralluma.acutangula",NA,"WC","N","20090619"
"3E","1st","","chenopodium.opulifolium",NA,"WC","N","20090619"
"3E","1st","","chenopodium.schraderianum",NA,"WC","N","20090619"
"3E","1st","","commelina.spp",NA,"WC","N","20090619"
"3E","1st","","commicarpus.pedunculosus",NA,"WC","N","20090619"
"3E","1st","","conyza.sp",NA,"WC","N","20090619"
"3E","1st","","corchorus.sp",NA,"WC","N","20090619"
"3E","1st","","crotelaria.sp",NA,"WC","N","20090619"
"3E","1st","","cyathula.orthacantha",NA,"WC","N","20090619"
"3E","1st","","dyscoriste.radicans",NA,"WC","N","20090619"
"3E","1st","","euphorbia.inaequilatera",NA,"WC","N","20090619"
"3E","1st","","evolvulus.alsinoides",NA,"WC","N","20090619"
"3E","1st","","fern",NA,"WC","N","20090619"
"3E","1st","","gutenbergia.sp",NA,"WC","N","20090619"
"3E","1st","","hermannia.uhligii",NA,"WC","N","20090619"
"3E","1st","","hibiscus.flavifolius",NA,"WC","N","20090619"
"3E","1st","","hibiscus.trionum",NA,"WC","N","20090619"
"3E","1st","","indigofera.brevicalyx",NA,"WC","N","20090619"
"3E","1st","","indigofera.schimperi",NA,"WC","N","20090619"
"3E","1st","","ipomea.sinensis",NA,"WC","N","20090619"
"3E","1st","","justicia.dichipteroides",NA,"WC","N","20090619"
"3E","1st","","k",NA,"WC","N","20090619"
"3E","1st","","kyllinga.sp",NA,"WC","N","20090619"
"3E","1st","","leucas.glabrata",NA,"WC","N","20090619"
"3E","1st","","leucas.martiniscensis",NA,"WC","N","20090619"
"3E","1st","","lily.a",NA,"WC","N","20090619"
"3E","1st","","lily.b",NA,"WC","N","20090619"
"3E","1st","","lippia.javanica",NA,"WC","N","20090619"
"3E","1st","","melhania.spp.",NA,"WC","N","20090619"
"3E","1st","","misopates.orontium",NA,"WC","N","20090619"
"3E","1st","","mollugo.nudicaulis",NA,"WC","N","20090619"
"3E","1st","","monechima.debile",NA,"WC","N","20090619"
"3E","1st","","monsonia.augustifolia",NA,"WC","N","20090619"
"3E","1st","","ocimum.sp",NA,"WC","N","20090619"
"3E","1st","","osteospermum.vaillantii",NA,"WC","N","20090619"
"3E","1st","","oxygonum.sinuatum",NA,"WC","N","20090619"
"3E","1st","","pavonia.patens",NA,"WC","N","20090619"
"3E","1st","","pelargonium.alchemilloides",NA,"WC","N","20090619"
"3E","1st","","pentanisia.ouranogyne",NA,"WC","N","20090619"
"3E","1st","","phyllanthus.maderaspatensis",NA,"WC","N","20090619"
"3E","1st","","plectranthus.spp",NA,"WC","N","20090619"
"3E","1st","","pollichia.campestris",NA,"WC","N","20090619"
"3E","1st","","polygala..l.",NA,"WC","N","20090619"
"3E","1st","","polygala.sphenoptera",NA,"WC","N","20090619"
"3E","1st","","portulaca.oleracea",NA,"WC","N","20090619"
"3E","1st","","portulaca.quadrifida",NA,"WC","N","20090619"
"3E","1st","","pseudognaphalium..helichrysum.glumaceum.",NA,"WC","N","20090619"
"3E","1st","","psilotrichum.schimperi",NA,"WC","N","20090619"
"3E","1st","","rhinacanthus.ndorensis",NA,"WC","N","20090619"
"3E","1st","","rhynchosia.holstii",NA,"WC","N","20090619"
"3E","1st","","schkuhria.pinnata",NA,"WC","N","20090619"
"3E","1st","","sida.2",NA,"WC","N","20090619"
"3E","1st","","sida.cuneifolia",NA,"WC","N","20090619"
"3E","1st","","solanum.incanum",NA,"WC","N","20090619"
"3E","1st","","solanum.indicum",NA,"WC","N","20090619"
"3E","1st","","tribulus.terrestris",NA,"WC","N","20090619"
"3E","1st","","u",NA,"WC","N","20090619"
"3E","1st","","w",NA,"WC","N","20090619"
"3E","1st","","x_4",NA,"WC","N","20090619"
"3E","1st","","x_5",NA,"WC","N","20090619"
"3E","1st","","x_6",NA,"WC","N","20090619"
"3E","1st","","x_7",NA,"WC","N","20090619"
"3E","1st","","x_8",NA,"WC","N","20090619"
"3G","1st","","bracharia.lacnantha",NA,"WC","N","20090619"
"3G","1st","","lintonia.nutans",NA,"WC","N","20090619"
"3G","1st","","pennisetum.mezianum",NA,"WC","N","20090619"
"3G","1st","","pennisetum.straminium",NA,"WC","N","20090619"
"3G","1st","","themeda.triandra",NA,"WC","N","20090619"
"3G","1st","","bare",4,"WC","N","20090619"
"3G","1st","","x_2",NA,"WC","N","20090619"
"3G","1st","","aristida.kenyensis",NA,"WC","N","20090619"
"3G","1st","","bothriochloa.insculpta",NA,"WC","N","20090619"
"3G","1st","","bracharia.3",NA,"WC","N","20090619"
"3G","1st","","bracharia.eruciformis",NA,"WC","N","20090619"
"3G","1st","","chloris.sp",NA,"WC","N","20090619"
"3G","1st","","cynodon.dactylon",NA,"WC","N","20090619"
"3G","1st","","cynodon.plectostachyus",NA,"WC","N","20090619"
"3G","1st","","cyperus...mariscus.spp",NA,"WC","N","20090619"
"3G","1st","","digitaria.2",NA,"WC","N","20090619"
"3G","1st","","digitaria.milanjiana",NA,"WC","N","20090619"
"3G","1st","","dinebra.retroflexa",NA,"WC","N","20090619"
"3G","1st","","eragrostis.tenuifolia",NA,"WC","N","20090619"
"3G","1st","","harpachne.schimperi",NA,"WC","N","20090619"
"3G","1st","","microchloa.kunthii",NA,"WC","N","20090619"
"3G","1st","","panicum.astrosanguinum",NA,"WC","N","20090619"
"3G","1st","","setaria.acromelaena..small.",NA,"WC","N","20090619"
"3G","1st","","setaria.sphaecealata..big.",NA,"WC","N","20090619"
"3G","1st","","sporobolus.pyramidalis",NA,"WC","N","20090619"
"3G","1st","","tragus.berteronianus",NA,"WC","N","20090619"
"3G","1st","","x_3",NA,"WC","N","20090619"
"3G","1st","","acalypha.crenata",NA,"WC","N","20090619"
"3G","1st","","aerva.lanata",NA,"WC","N","20090619"
"3G","1st","","amaranthus.hibridus",NA,"WC","N","20090619"
"3G","1st","","aspilia.pluriseta",NA,"WC","N","20090619"
"3G","1st","","asterolinon.adoense..v.",NA,"WC","N","20090619"
"3G","1st","","caralluma.acutangula",NA,"WC","N","20090619"
"3G","1st","","chenopodium.opulifolium",NA,"WC","N","20090619"
"3G","1st","","chenopodium.schraderianum",NA,"WC","N","20090619"
"3G","1st","","commelina.spp",NA,"WC","N","20090619"
"3G","1st","","commicarpus.pedunculosus",NA,"WC","N","20090619"
"3G","1st","","conyza.sp",NA,"WC","N","20090619"
"3G","1st","","corchorus.sp",NA,"WC","N","20090619"
"3G","1st","","crotelaria.sp",NA,"WC","N","20090619"
"3G","1st","","cyathula.orthacantha",NA,"WC","N","20090619"
"3G","1st","","dyscoriste.radicans",NA,"WC","N","20090619"
"3G","1st","","euphorbia.inaequilatera",NA,"WC","N","20090619"
"3G","1st","","evolvulus.alsinoides",NA,"WC","N","20090619"
"3G","1st","","fern",NA,"WC","N","20090619"
"3G","1st","","gutenbergia.sp",NA,"WC","N","20090619"
"3G","1st","","hermannia.uhligii",NA,"WC","N","20090619"
"3G","1st","","hibiscus.flavifolius",NA,"WC","N","20090619"
"3G","1st","","hibiscus.trionum",NA,"WC","N","20090619"
"3G","1st","","indigofera.brevicalyx",NA,"WC","N","20090619"
"3G","1st","","indigofera.schimperi",NA,"WC","N","20090619"
"3G","1st","","ipomea.sinensis",NA,"WC","N","20090619"
"3G","1st","","justicia.dichipteroides",NA,"WC","N","20090619"
"3G","1st","","k",NA,"WC","N","20090619"
"3G","1st","","kyllinga.sp",NA,"WC","N","20090619"
"3G","1st","","leucas.glabrata",NA,"WC","N","20090619"
"3G","1st","","leucas.martiniscensis",NA,"WC","N","20090619"
"3G","1st","","lily.a",NA,"WC","N","20090619"
"3G","1st","","lily.b",NA,"WC","N","20090619"
"3G","1st","","lippia.javanica",NA,"WC","N","20090619"
"3G","1st","","melhania.spp.",NA,"WC","N","20090619"
"3G","1st","","misopates.orontium",NA,"WC","N","20090619"
"3G","1st","","mollugo.nudicaulis",NA,"WC","N","20090619"
"3G","1st","","monechima.debile",NA,"WC","N","20090619"
"3G","1st","","monsonia.augustifolia",NA,"WC","N","20090619"
"3G","1st","","ocimum.sp",NA,"WC","N","20090619"
"3G","1st","","osteospermum.vaillantii",NA,"WC","N","20090619"
"3G","1st","","oxygonum.sinuatum",NA,"WC","N","20090619"
"3G","1st","","pavonia.patens",NA,"WC","N","20090619"
"3G","1st","","pelargonium.alchemilloides",NA,"WC","N","20090619"
"3G","1st","","pentanisia.ouranogyne",NA,"WC","N","20090619"
"3G","1st","","phyllanthus.maderaspatensis",NA,"WC","N","20090619"
"3G","1st","","plectranthus.spp",NA,"WC","N","20090619"
"3G","1st","","pollichia.campestris",NA,"WC","N","20090619"
"3G","1st","","polygala..l.",NA,"WC","N","20090619"
"3G","1st","","polygala.sphenoptera",NA,"WC","N","20090619"
"3G","1st","","portulaca.oleracea",NA,"WC","N","20090619"
"3G","1st","","portulaca.quadrifida",NA,"WC","N","20090619"
"3G","1st","","pseudognaphalium..helichrysum.glumaceum.",NA,"WC","N","20090619"
"3G","1st","","psilotrichum.schimperi",NA,"WC","N","20090619"
"3G","1st","","rhinacanthus.ndorensis",NA,"WC","N","20090619"
"3G","1st","","rhynchosia.holstii",NA,"WC","N","20090619"
"3G","1st","","schkuhria.pinnata",NA,"WC","N","20090619"
"3G","1st","","sida.2",NA,"WC","N","20090619"
"3G","1st","","sida.cuneifolia",NA,"WC","N","20090619"
"3G","1st","","solanum.incanum",NA,"WC","N","20090619"
"3G","1st","","solanum.indicum",NA,"WC","N","20090619"
"3G","1st","","tribulus.terrestris",NA,"WC","N","20090619"
"3G","1st","","u",NA,"WC","N","20090619"
"3G","1st","","w",NA,"WC","N","20090619"
"3G","1st","","x_4",NA,"WC","N","20090619"
"3G","1st","","x_5",NA,"WC","N","20090619"
"3G","1st","","x_6",NA,"WC","N","20090619"
"3G","1st","","x_7",NA,"WC","N","20090619"
"3G","1st","","x_8",NA,"WC","N","20090619"
"3I","1st","","bracharia.lacnantha",NA,"WC","N","20090619"
"3I","1st","","lintonia.nutans",NA,"WC","N","20090619"
"3I","1st","","pennisetum.mezianum",NA,"WC","N","20090619"
"3I","1st","","pennisetum.straminium",NA,"WC","N","20090619"
"3I","1st","","themeda.triandra",NA,"WC","N","20090619"
"3I","1st","","bare",7,"WC","N","20090619"
"3I","1st","","x_2",NA,"WC","N","20090619"
"3I","1st","","aristida.kenyensis",NA,"WC","N","20090619"
"3I","1st","","bothriochloa.insculpta",NA,"WC","N","20090619"
"3I","1st","","bracharia.3",NA,"WC","N","20090619"
"3I","1st","","bracharia.eruciformis",NA,"WC","N","20090619"
"3I","1st","","chloris.sp",NA,"WC","N","20090619"
"3I","1st","","cynodon.dactylon",NA,"WC","N","20090619"
"3I","1st","","cynodon.plectostachyus",NA,"WC","N","20090619"
"3I","1st","","cyperus...mariscus.spp",NA,"WC","N","20090619"
"3I","1st","","digitaria.2",NA,"WC","N","20090619"
"3I","1st","","digitaria.milanjiana",NA,"WC","N","20090619"
"3I","1st","","dinebra.retroflexa",NA,"WC","N","20090619"
"3I","1st","","eragrostis.tenuifolia",NA,"WC","N","20090619"
"3I","1st","","harpachne.schimperi",NA,"WC","N","20090619"
"3I","1st","","microchloa.kunthii",NA,"WC","N","20090619"
"3I","1st","","panicum.astrosanguinum",NA,"WC","N","20090619"
"3I","1st","","setaria.acromelaena..small.",NA,"WC","N","20090619"
"3I","1st","","setaria.sphaecealata..big.",NA,"WC","N","20090619"
"3I","1st","","sporobolus.pyramidalis",NA,"WC","N","20090619"
"3I","1st","","tragus.berteronianus",NA,"WC","N","20090619"
"3I","1st","","x_3",NA,"WC","N","20090619"
"3I","1st","","acalypha.crenata",NA,"WC","N","20090619"
"3I","1st","","aerva.lanata",NA,"WC","N","20090619"
"3I","1st","","amaranthus.hibridus",NA,"WC","N","20090619"
"3I","1st","","aspilia.pluriseta",NA,"WC","N","20090619"
"3I","1st","","asterolinon.adoense..v.",NA,"WC","N","20090619"
"3I","1st","","caralluma.acutangula",NA,"WC","N","20090619"
"3I","1st","","chenopodium.opulifolium",NA,"WC","N","20090619"
"3I","1st","","chenopodium.schraderianum",NA,"WC","N","20090619"
"3I","1st","","commelina.spp",NA,"WC","N","20090619"
"3I","1st","","commicarpus.pedunculosus",NA,"WC","N","20090619"
"3I","1st","","conyza.sp",NA,"WC","N","20090619"
"3I","1st","","corchorus.sp",NA,"WC","N","20090619"
"3I","1st","","crotelaria.sp",NA,"WC","N","20090619"
"3I","1st","","cyathula.orthacantha",NA,"WC","N","20090619"
"3I","1st","","dyscoriste.radicans",NA,"WC","N","20090619"
"3I","1st","","euphorbia.inaequilatera",NA,"WC","N","20090619"
"3I","1st","","evolvulus.alsinoides",NA,"WC","N","20090619"
"3I","1st","","fern",NA,"WC","N","20090619"
"3I","1st","","gutenbergia.sp",NA,"WC","N","20090619"
"3I","1st","","hermannia.uhligii",NA,"WC","N","20090619"
"3I","1st","","hibiscus.flavifolius",NA,"WC","N","20090619"
"3I","1st","","hibiscus.trionum",NA,"WC","N","20090619"
"3I","1st","","indigofera.brevicalyx",NA,"WC","N","20090619"
"3I","1st","","indigofera.schimperi",NA,"WC","N","20090619"
"3I","1st","","ipomea.sinensis",NA,"WC","N","20090619"
"3I","1st","","justicia.dichipteroides",NA,"WC","N","20090619"
"3I","1st","","k",NA,"WC","N","20090619"
"3I","1st","","kyllinga.sp",NA,"WC","N","20090619"
"3I","1st","","leucas.glabrata",NA,"WC","N","20090619"
"3I","1st","","leucas.martiniscensis",NA,"WC","N","20090619"
"3I","1st","","lily.a",NA,"WC","N","20090619"
"3I","1st","","lily.b",NA,"WC","N","20090619"
"3I","1st","","lippia.javanica",NA,"WC","N","20090619"
"3I","1st","","melhania.spp.",NA,"WC","N","20090619"
"3I","1st","","misopates.orontium",NA,"WC","N","20090619"
"3I","1st","","mollugo.nudicaulis",NA,"WC","N","20090619"
"3I","1st","","monechima.debile",NA,"WC","N","20090619"
"3I","1st","","monsonia.augustifolia",NA,"WC","N","20090619"
"3I","1st","","ocimum.sp",NA,"WC","N","20090619"
"3I","1st","","osteospermum.vaillantii",NA,"WC","N","20090619"
"3I","1st","","oxygonum.sinuatum",NA,"WC","N","20090619"
"3I","1st","","pavonia.patens",NA,"WC","N","20090619"
"3I","1st","","pelargonium.alchemilloides",NA,"WC","N","20090619"
"3I","1st","","pentanisia.ouranogyne",NA,"WC","N","20090619"
"3I","1st","","phyllanthus.maderaspatensis",NA,"WC","N","20090619"
"3I","1st","","plectranthus.spp",NA,"WC","N","20090619"
"3I","1st","","pollichia.campestris",NA,"WC","N","20090619"
"3I","1st","","polygala..l.",NA,"WC","N","20090619"
"3I","1st","","polygala.sphenoptera",NA,"WC","N","20090619"
"3I","1st","","portulaca.oleracea",NA,"WC","N","20090619"
"3I","1st","","portulaca.quadrifida",NA,"WC","N","20090619"
"3I","1st","","pseudognaphalium..helichrysum.glumaceum.",NA,"WC","N","20090619"
"3I","1st","","psilotrichum.schimperi",NA,"WC","N","20090619"
"3I","1st","","rhinacanthus.ndorensis",NA,"WC","N","20090619"
"3I","1st","","rhynchosia.holstii",NA,"WC","N","20090619"
"3I","1st","","schkuhria.pinnata",NA,"WC","N","20090619"
"3I","1st","","sida.2",NA,"WC","N","20090619"
"3I","1st","","sida.cuneifolia",NA,"WC","N","20090619"
"3I","1st","","solanum.incanum",NA,"WC","N","20090619"
"3I","1st","","solanum.indicum",NA,"WC","N","20090619"
"3I","1st","","tribulus.terrestris",NA,"WC","N","20090619"
"3I","1st","","u",NA,"WC","N","20090619"
"3I","1st","","w",NA,"WC","N","20090619"
"3I","1st","","x_4",NA,"WC","N","20090619"
"3I","1st","","x_5",NA,"WC","N","20090619"
"3I","1st","","x_6",NA,"WC","N","20090619"
"3I","1st","","x_7",NA,"WC","N","20090619"
"3I","1st","","x_8",NA,"WC","N","20090619"
"4J","1st","","bracharia.lacnantha",NA,"WC","N","20090619"
"4J","1st","","lintonia.nutans",NA,"WC","N","20090619"
"4J","1st","","pennisetum.mezianum",NA,"WC","N","20090619"
"4J","1st","","pennisetum.straminium",NA,"WC","N","20090619"
"4J","1st","","themeda.triandra",4,"WC","N","20090619"
"4J","1st","","bare",6,"WC","N","20090619"
"4J","1st","","x_2",NA,"WC","N","20090619"
"4J","1st","","aristida.kenyensis",NA,"WC","N","20090619"
"4J","1st","","bothriochloa.insculpta",NA,"WC","N","20090619"
"4J","1st","","bracharia.3",NA,"WC","N","20090619"
"4J","1st","","bracharia.eruciformis",NA,"WC","N","20090619"
"4J","1st","","chloris.sp",NA,"WC","N","20090619"
"4J","1st","","cynodon.dactylon",NA,"WC","N","20090619"
"4J","1st","","cynodon.plectostachyus",NA,"WC","N","20090619"
"4J","1st","","cyperus...mariscus.spp",NA,"WC","N","20090619"
"4J","1st","","digitaria.2",NA,"WC","N","20090619"
"4J","1st","","digitaria.milanjiana",NA,"WC","N","20090619"
"4J","1st","","dinebra.retroflexa",NA,"WC","N","20090619"
"4J","1st","","eragrostis.tenuifolia",NA,"WC","N","20090619"
"4J","1st","","harpachne.schimperi",NA,"WC","N","20090619"
"4J","1st","","microchloa.kunthii",NA,"WC","N","20090619"
"4J","1st","","panicum.astrosanguinum",NA,"WC","N","20090619"
"4J","1st","","setaria.acromelaena..small.",NA,"WC","N","20090619"
"4J","1st","","setaria.sphaecealata..big.",NA,"WC","N","20090619"
"4J","1st","","sporobolus.pyramidalis",NA,"WC","N","20090619"
"4J","1st","","tragus.berteronianus",NA,"WC","N","20090619"
"4J","1st","","x_3",NA,"WC","N","20090619"
"4J","1st","","acalypha.crenata",NA,"WC","N","20090619"
"4J","1st","","aerva.lanata",NA,"WC","N","20090619"
"4J","1st","","amaranthus.hibridus",NA,"WC","N","20090619"
"4J","1st","","aspilia.pluriseta",NA,"WC","N","20090619"
"4J","1st","","asterolinon.adoense..v.",NA,"WC","N","20090619"
"4J","1st","","caralluma.acutangula",NA,"WC","N","20090619"
"4J","1st","","chenopodium.opulifolium",NA,"WC","N","20090619"
"4J","1st","","chenopodium.schraderianum",NA,"WC","N","20090619"
"4J","1st","","commelina.spp",NA,"WC","N","20090619"
"4J","1st","","commicarpus.pedunculosus",NA,"WC","N","20090619"
"4J","1st","","conyza.sp",NA,"WC","N","20090619"
"4J","1st","","corchorus.sp",NA,"WC","N","20090619"
"4J","1st","","crotelaria.sp",NA,"WC","N","20090619"
"4J","1st","","cyathula.orthacantha",NA,"WC","N","20090619"
"4J","1st","","dyscoriste.radicans",NA,"WC","N","20090619"
"4J","1st","","euphorbia.inaequilatera",NA,"WC","N","20090619"
"4J","1st","","evolvulus.alsinoides",NA,"WC","N","20090619"
"4J","1st","","fern",NA,"WC","N","20090619"
"4J","1st","","gutenbergia.sp",NA,"WC","N","20090619"
"4J","1st","","hermannia.uhligii",NA,"WC","N","20090619"
"4J","1st","","hibiscus.flavifolius",NA,"WC","N","20090619"
"4J","1st","","hibiscus.trionum",NA,"WC","N","20090619"
"4J","1st","","indigofera.brevicalyx",NA,"WC","N","20090619"
"4J","1st","","indigofera.schimperi",NA,"WC","N","20090619"
"4J","1st","","ipomea.sinensis",NA,"WC","N","20090619"
"4J","1st","","justicia.dichipteroides",NA,"WC","N","20090619"
"4J","1st","","k",NA,"WC","N","20090619"
"4J","1st","","kyllinga.sp",NA,"WC","N","20090619"
"4J","1st","","leucas.glabrata",NA,"WC","N","20090619"
"4J","1st","","leucas.martiniscensis",NA,"WC","N","20090619"
"4J","1st","","lily.a",NA,"WC","N","20090619"
"4J","1st","","lily.b",NA,"WC","N","20090619"
"4J","1st","","lippia.javanica",NA,"WC","N","20090619"
"4J","1st","","melhania.spp.",NA,"WC","N","20090619"
"4J","1st","","misopates.orontium",NA,"WC","N","20090619"
"4J","1st","","mollugo.nudicaulis",NA,"WC","N","20090619"
"4J","1st","","monechima.debile",NA,"WC","N","20090619"
"4J","1st","","monsonia.augustifolia",NA,"WC","N","20090619"
"4J","1st","","ocimum.sp",NA,"WC","N","20090619"
"4J","1st","","osteospermum.vaillantii",NA,"WC","N","20090619"
"4J","1st","","oxygonum.sinuatum",NA,"WC","N","20090619"
"4J","1st","","pavonia.patens",NA,"WC","N","20090619"
"4J","1st","","pelargonium.alchemilloides",NA,"WC","N","20090619"
"4J","1st","","pentanisia.ouranogyne",NA,"WC","N","20090619"
"4J","1st","","phyllanthus.maderaspatensis",NA,"WC","N","20090619"
"4J","1st","","plectranthus.spp",NA,"WC","N","20090619"
"4J","1st","","pollichia.campestris",NA,"WC","N","20090619"
"4J","1st","","polygala..l.",NA,"WC","N","20090619"
"4J","1st","","polygala.sphenoptera",NA,"WC","N","20090619"
"4J","1st","","portulaca.oleracea",NA,"WC","N","20090619"
"4J","1st","","portulaca.quadrifida",NA,"WC","N","20090619"
"4J","1st","","pseudognaphalium..helichrysum.glumaceum.",NA,"WC","N","20090619"
"4J","1st","","psilotrichum.schimperi",NA,"WC","N","20090619"
"4J","1st","","rhinacanthus.ndorensis",NA,"WC","N","20090619"
"4J","1st","","rhynchosia.holstii",NA,"WC","N","20090619"
"4J","1st","","schkuhria.pinnata",NA,"WC","N","20090619"
"4J","1st","","sida.2",NA,"WC","N","20090619"
"4J","1st","","sida.cuneifolia",NA,"WC","N","20090619"
"4J","1st","","solanum.incanum",NA,"WC","N","20090619"
"4J","1st","","solanum.indicum",NA,"WC","N","20090619"
"4J","1st","","tribulus.terrestris",NA,"WC","N","20090619"
"4J","1st","","u",NA,"WC","N","20090619"
"4J","1st","","w",NA,"WC","N","20090619"
"4J","1st","","x_4",NA,"WC","N","20090619"
"4J","1st","","x_5",NA,"WC","N","20090619"
"4J","1st","","x_6",NA,"WC","N","20090619"
"4J","1st","","x_7",NA,"WC","N","20090619"
"4J","1st","","x_8",NA,"WC","N","20090619"
"4H","1st","","bracharia.lacnantha",2,"WC","N","20090619"
"4H","1st","","lintonia.nutans",NA,"WC","N","20090619"
"4H","1st","","pennisetum.mezianum",NA,"WC","N","20090619"
"4H","1st","","pennisetum.straminium",2,"WC","N","20090619"
"4H","1st","","themeda.triandra",4,"WC","N","20090619"
"4H","1st","","bare",3,"WC","N","20090619"
"4H","1st","","x_2",NA,"WC","N","20090619"
"4H","1st","","aristida.kenyensis",NA,"WC","N","20090619"
"4H","1st","","bothriochloa.insculpta",NA,"WC","N","20090619"
"4H","1st","","bracharia.3",NA,"WC","N","20090619"
"4H","1st","","bracharia.eruciformis",NA,"WC","N","20090619"
"4H","1st","","chloris.sp",NA,"WC","N","20090619"
"4H","1st","","cynodon.dactylon",NA,"WC","N","20090619"
"4H","1st","","cynodon.plectostachyus",NA,"WC","N","20090619"
"4H","1st","","cyperus...mariscus.spp",NA,"WC","N","20090619"
"4H","1st","","digitaria.2",NA,"WC","N","20090619"
"4H","1st","","digitaria.milanjiana",NA,"WC","N","20090619"
"4H","1st","","dinebra.retroflexa",NA,"WC","N","20090619"
"4H","1st","","eragrostis.tenuifolia",NA,"WC","N","20090619"
"4H","1st","","harpachne.schimperi",NA,"WC","N","20090619"
"4H","1st","","microchloa.kunthii",NA,"WC","N","20090619"
"4H","1st","","panicum.astrosanguinum",NA,"WC","N","20090619"
"4H","1st","","setaria.acromelaena..small.",NA,"WC","N","20090619"
"4H","1st","","setaria.sphaecealata..big.",NA,"WC","N","20090619"
"4H","1st","","sporobolus.pyramidalis",NA,"WC","N","20090619"
"4H","1st","","tragus.berteronianus",NA,"WC","N","20090619"
"4H","1st","","x_3",NA,"WC","N","20090619"
"4H","1st","","acalypha.crenata",NA,"WC","N","20090619"
"4H","1st","","aerva.lanata",NA,"WC","N","20090619"
"4H","1st","","amaranthus.hibridus",NA,"WC","N","20090619"
"4H","1st","","aspilia.pluriseta",NA,"WC","N","20090619"
"4H","1st","","asterolinon.adoense..v.",NA,"WC","N","20090619"
"4H","1st","","caralluma.acutangula",NA,"WC","N","20090619"
"4H","1st","","chenopodium.opulifolium",NA,"WC","N","20090619"
"4H","1st","","chenopodium.schraderianum",NA,"WC","N","20090619"
"4H","1st","","commelina.spp",NA,"WC","N","20090619"
"4H","1st","","commicarpus.pedunculosus",NA,"WC","N","20090619"
"4H","1st","","conyza.sp",NA,"WC","N","20090619"
"4H","1st","","corchorus.sp",NA,"WC","N","20090619"
"4H","1st","","crotelaria.sp",NA,"WC","N","20090619"
"4H","1st","","cyathula.orthacantha",NA,"WC","N","20090619"
"4H","1st","","dyscoriste.radicans",NA,"WC","N","20090619"
"4H","1st","","euphorbia.inaequilatera",NA,"WC","N","20090619"
"4H","1st","","evolvulus.alsinoides",NA,"WC","N","20090619"
"4H","1st","","fern",NA,"WC","N","20090619"
"4H","1st","","gutenbergia.sp",NA,"WC","N","20090619"
"4H","1st","","hermannia.uhligii",NA,"WC","N","20090619"
"4H","1st","","hibiscus.flavifolius",NA,"WC","N","20090619"
"4H","1st","","hibiscus.trionum",NA,"WC","N","20090619"
"4H","1st","","indigofera.brevicalyx",NA,"WC","N","20090619"
"4H","1st","","indigofera.schimperi",NA,"WC","N","20090619"
"4H","1st","","ipomea.sinensis",NA,"WC","N","20090619"
"4H","1st","","justicia.dichipteroides",NA,"WC","N","20090619"
"4H","1st","","k",NA,"WC","N","20090619"
"4H","1st","","kyllinga.sp",NA,"WC","N","20090619"
"4H","1st","","leucas.glabrata",NA,"WC","N","20090619"
"4H","1st","","leucas.martiniscensis",NA,"WC","N","20090619"
"4H","1st","","lily.a",NA,"WC","N","20090619"
"4H","1st","","lily.b",NA,"WC","N","20090619"
"4H","1st","","lippia.javanica",NA,"WC","N","20090619"
"4H","1st","","melhania.spp.",NA,"WC","N","20090619"
"4H","1st","","misopates.orontium",NA,"WC","N","20090619"
"4H","1st","","mollugo.nudicaulis",NA,"WC","N","20090619"
"4H","1st","","monechima.debile",NA,"WC","N","20090619"
"4H","1st","","monsonia.augustifolia",NA,"WC","N","20090619"
"4H","1st","","ocimum.sp",NA,"WC","N","20090619"
"4H","1st","","osteospermum.vaillantii",NA,"WC","N","20090619"
"4H","1st","","oxygonum.sinuatum",NA,"WC","N","20090619"
"4H","1st","","pavonia.patens",NA,"WC","N","20090619"
"4H","1st","","pelargonium.alchemilloides",NA,"WC","N","20090619"
"4H","1st","","pentanisia.ouranogyne",NA,"WC","N","20090619"
"4H","1st","","phyllanthus.maderaspatensis",NA,"WC","N","20090619"
"4H","1st","","plectranthus.spp",NA,"WC","N","20090619"
"4H","1st","","pollichia.campestris",NA,"WC","N","20090619"
"4H","1st","","polygala..l.",NA,"WC","N","20090619"
"4H","1st","","polygala.sphenoptera",NA,"WC","N","20090619"
"4H","1st","","portulaca.oleracea",NA,"WC","N","20090619"
"4H","1st","","portulaca.quadrifida",NA,"WC","N","20090619"
"4H","1st","","pseudognaphalium..helichrysum.glumaceum.",1,"WC","N","20090619"
"4H","1st","","psilotrichum.schimperi",NA,"WC","N","20090619"
"4H","1st","","rhinacanthus.ndorensis",NA,"WC","N","20090619"
"4H","1st","","rhynchosia.holstii",NA,"WC","N","20090619"
"4H","1st","","schkuhria.pinnata",NA,"WC","N","20090619"
"4H","1st","","sida.2",NA,"WC","N","20090619"
"4H","1st","","sida.cuneifolia",NA,"WC","N","20090619"
"4H","1st","","solanum.incanum",NA,"WC","N","20090619"
"4H","1st","","solanum.indicum",NA,"WC","N","20090619"
"4H","1st","","tribulus.terrestris",NA,"WC","N","20090619"
"4H","1st","","u",NA,"WC","N","20090619"
"4H","1st","","w",NA,"WC","N","20090619"
"4H","1st","","x_4",NA,"WC","N","20090619"
"4H","1st","","x_5",NA,"WC","N","20090619"
"4H","1st","","x_6",NA,"WC","N","20090619"
"4H","1st","","x_7",NA,"WC","N","20090619"
"4H","1st","","x_8",NA,"WC","N","20090619"
"4F","1st","","bracharia.lacnantha",1,"WC","N","20090619"
"4F","1st","","lintonia.nutans",NA,"WC","N","20090619"
"4F","1st","","pennisetum.mezianum",NA,"WC","N","20090619"
"4F","1st","","pennisetum.straminium",NA,"WC","N","20090619"
"4F","1st","","themeda.triandra",2,"WC","N","20090619"
"4F","1st","","bare",8,"WC","N","20090619"
"4F","1st","","x_2",NA,"WC","N","20090619"
"4F","1st","","aristida.kenyensis",NA,"WC","N","20090619"
"4F","1st","","bothriochloa.insculpta",NA,"WC","N","20090619"
"4F","1st","","bracharia.3",NA,"WC","N","20090619"
"4F","1st","","bracharia.eruciformis",NA,"WC","N","20090619"
"4F","1st","","chloris.sp",NA,"WC","N","20090619"
"4F","1st","","cynodon.dactylon",NA,"WC","N","20090619"
"4F","1st","","cynodon.plectostachyus",NA,"WC","N","20090619"
"4F","1st","","cyperus...mariscus.spp",NA,"WC","N","20090619"
"4F","1st","","digitaria.2",NA,"WC","N","20090619"
"4F","1st","","digitaria.milanjiana",NA,"WC","N","20090619"
"4F","1st","","dinebra.retroflexa",NA,"WC","N","20090619"
"4F","1st","","eragrostis.tenuifolia",NA,"WC","N","20090619"
"4F","1st","","harpachne.schimperi",NA,"WC","N","20090619"
"4F","1st","","microchloa.kunthii",NA,"WC","N","20090619"
"4F","1st","","panicum.astrosanguinum",NA,"WC","N","20090619"
"4F","1st","","setaria.acromelaena..small.",NA,"WC","N","20090619"
"4F","1st","","setaria.sphaecealata..big.",NA,"WC","N","20090619"
"4F","1st","","sporobolus.pyramidalis",NA,"WC","N","20090619"
"4F","1st","","tragus.berteronianus",NA,"WC","N","20090619"
"4F","1st","","x_3",NA,"WC","N","20090619"
"4F","1st","","acalypha.crenata",NA,"WC","N","20090619"
"4F","1st","","aerva.lanata",NA,"WC","N","20090619"
"4F","1st","","amaranthus.hibridus",NA,"WC","N","20090619"
"4F","1st","","aspilia.pluriseta",NA,"WC","N","20090619"
"4F","1st","","asterolinon.adoense..v.",NA,"WC","N","20090619"
"4F","1st","","caralluma.acutangula",NA,"WC","N","20090619"
"4F","1st","","chenopodium.opulifolium",NA,"WC","N","20090619"
"4F","1st","","chenopodium.schraderianum",NA,"WC","N","20090619"
"4F","1st","","commelina.spp",NA,"WC","N","20090619"
"4F","1st","","commicarpus.pedunculosus",NA,"WC","N","20090619"
"4F","1st","","conyza.sp",NA,"WC","N","20090619"
"4F","1st","","corchorus.sp",NA,"WC","N","20090619"
"4F","1st","","crotelaria.sp",NA,"WC","N","20090619"
"4F","1st","","cyathula.orthacantha",NA,"WC","N","20090619"
"4F","1st","","dyscoriste.radicans",NA,"WC","N","20090619"
"4F","1st","","euphorbia.inaequilatera",NA,"WC","N","20090619"
"4F","1st","","evolvulus.alsinoides",NA,"WC","N","20090619"
"4F","1st","","fern",NA,"WC","N","20090619"
"4F","1st","","gutenbergia.sp",NA,"WC","N","20090619"
"4F","1st","","hermannia.uhligii",NA,"WC","N","20090619"
"4F","1st","","hibiscus.flavifolius",NA,"WC","N","20090619"
"4F","1st","","hibiscus.trionum",NA,"WC","N","20090619"
"4F","1st","","indigofera.brevicalyx",NA,"WC","N","20090619"
"4F","1st","","indigofera.schimperi",NA,"WC","N","20090619"
"4F","1st","","ipomea.sinensis",NA,"WC","N","20090619"
"4F","1st","","justicia.dichipteroides",NA,"WC","N","20090619"
"4F","1st","","k",NA,"WC","N","20090619"
"4F","1st","","kyllinga.sp",NA,"WC","N","20090619"
"4F","1st","","leucas.glabrata",NA,"WC","N","20090619"
"4F","1st","","leucas.martiniscensis",NA,"WC","N","20090619"
"4F","1st","","lily.a",NA,"WC","N","20090619"
"4F","1st","","lily.b",NA,"WC","N","20090619"
"4F","1st","","lippia.javanica",NA,"WC","N","20090619"
"4F","1st","","melhania.spp.",NA,"WC","N","20090619"
"4F","1st","","misopates.orontium",NA,"WC","N","20090619"
"4F","1st","","mollugo.nudicaulis",NA,"WC","N","20090619"
"4F","1st","","monechima.debile",NA,"WC","N","20090619"
"4F","1st","","monsonia.augustifolia",NA,"WC","N","20090619"
"4F","1st","","ocimum.sp",NA,"WC","N","20090619"
"4F","1st","","osteospermum.vaillantii",NA,"WC","N","20090619"
"4F","1st","","oxygonum.sinuatum",NA,"WC","N","20090619"
"4F","1st","","pavonia.patens",NA,"WC","N","20090619"
"4F","1st","","pelargonium.alchemilloides",NA,"WC","N","20090619"
"4F","1st","","pentanisia.ouranogyne",NA,"WC","N","20090619"
"4F","1st","","phyllanthus.maderaspatensis",NA,"WC","N","20090619"
"4F","1st","","plectranthus.spp",NA,"WC","N","20090619"
"4F","1st","","pollichia.campestris",NA,"WC","N","20090619"
"4F","1st","","polygala..l.",NA,"WC","N","20090619"
"4F","1st","","polygala.sphenoptera",NA,"WC","N","20090619"
"4F","1st","","portulaca.oleracea",NA,"WC","N","20090619"
"4F","1st","","portulaca.quadrifida",NA,"WC","N","20090619"
"4F","1st","","pseudognaphalium..helichrysum.glumaceum.",NA,"WC","N","20090619"
"4F","1st","","psilotrichum.schimperi",NA,"WC","N","20090619"
"4F","1st","","rhinacanthus.ndorensis",NA,"WC","N","20090619"
"4F","1st","","rhynchosia.holstii",NA,"WC","N","20090619"
"4F","1st","","schkuhria.pinnata",NA,"WC","N","20090619"
"4F","1st","","sida.2",NA,"WC","N","20090619"
"4F","1st","","sida.cuneifolia",NA,"WC","N","20090619"
"4F","1st","","solanum.incanum",NA,"WC","N","20090619"
"4F","1st","","solanum.indicum",NA,"WC","N","20090619"
"4F","1st","","tribulus.terrestris",NA,"WC","N","20090619"
"4F","1st","","u",NA,"WC","N","20090619"
"4F","1st","","w",NA,"WC","N","20090619"
"4F","1st","","x_4",NA,"WC","N","20090619"
"4F","1st","","x_5",NA,"WC","N","20090619"
"4F","1st","","x_6",NA,"WC","N","20090619"
"4F","1st","","x_7",NA,"WC","N","20090619"
"4F","1st","","x_8",NA,"WC","N","20090619"
"4D","1st","","bracharia.lacnantha",NA,"WC","N","20090619"
"4D","1st","","lintonia.nutans",NA,"WC","N","20090619"
"4D","1st","","pennisetum.mezianum",NA,"WC","N","20090619"
"4D","1st","","pennisetum.straminium",4,"WC","N","20090619"
"4D","1st","","themeda.triandra",NA,"WC","N","20090619"
"4D","1st","","bare",2,"WC","N","20090619"
"4D","1st","","x_2",NA,"WC","N","20090619"
"4D","1st","","aristida.kenyensis",NA,"WC","N","20090619"
"4D","1st","","bothriochloa.insculpta",NA,"WC","N","20090619"
"4D","1st","","bracharia.3",NA,"WC","N","20090619"
"4D","1st","","bracharia.eruciformis",NA,"WC","N","20090619"
"4D","1st","","chloris.sp",NA,"WC","N","20090619"
"4D","1st","","cynodon.dactylon",NA,"WC","N","20090619"
"4D","1st","","cynodon.plectostachyus",NA,"WC","N","20090619"
"4D","1st","","cyperus...mariscus.spp",NA,"WC","N","20090619"
"4D","1st","","digitaria.2",NA,"WC","N","20090619"
"4D","1st","","digitaria.milanjiana",NA,"WC","N","20090619"
"4D","1st","","dinebra.retroflexa",NA,"WC","N","20090619"
"4D","1st","","eragrostis.tenuifolia",NA,"WC","N","20090619"
"4D","1st","","harpachne.schimperi",NA,"WC","N","20090619"
"4D","1st","","microchloa.kunthii",NA,"WC","N","20090619"
"4D","1st","","panicum.astrosanguinum",NA,"WC","N","20090619"
"4D","1st","","setaria.acromelaena..small.",NA,"WC","N","20090619"
"4D","1st","","setaria.sphaecealata..big.",NA,"WC","N","20090619"
"4D","1st","","sporobolus.pyramidalis",NA,"WC","N","20090619"
"4D","1st","","tragus.berteronianus",NA,"WC","N","20090619"
"4D","1st","","x_3",NA,"WC","N","20090619"
"4D","1st","","acalypha.crenata",NA,"WC","N","20090619"
"4D","1st","","aerva.lanata",NA,"WC","N","20090619"
"4D","1st","","amaranthus.hibridus",NA,"WC","N","20090619"
"4D","1st","","aspilia.pluriseta",NA,"WC","N","20090619"
"4D","1st","","asterolinon.adoense..v.",NA,"WC","N","20090619"
"4D","1st","","caralluma.acutangula",NA,"WC","N","20090619"
"4D","1st","","chenopodium.opulifolium",NA,"WC","N","20090619"
"4D","1st","","chenopodium.schraderianum",NA,"WC","N","20090619"
"4D","1st","","commelina.spp",NA,"WC","N","20090619"
"4D","1st","","commicarpus.pedunculosus",NA,"WC","N","20090619"
"4D","1st","","conyza.sp",NA,"WC","N","20090619"
"4D","1st","","corchorus.sp",NA,"WC","N","20090619"
"4D","1st","","crotelaria.sp",NA,"WC","N","20090619"
"4D","1st","","cyathula.orthacantha",NA,"WC","N","20090619"
"4D","1st","","dyscoriste.radicans",NA,"WC","N","20090619"
"4D","1st","","euphorbia.inaequilatera",NA,"WC","N","20090619"
"4D","1st","","evolvulus.alsinoides",NA,"WC","N","20090619"
"4D","1st","","fern",NA,"WC","N","20090619"
"4D","1st","","gutenbergia.sp",NA,"WC","N","20090619"
"4D","1st","","hermannia.uhligii",NA,"WC","N","20090619"
"4D","1st","","hibiscus.flavifolius",NA,"WC","N","20090619"
"4D","1st","","hibiscus.trionum",NA,"WC","N","20090619"
"4D","1st","","indigofera.brevicalyx",NA,"WC","N","20090619"
"4D","1st","","indigofera.schimperi",NA,"WC","N","20090619"
"4D","1st","","ipomea.sinensis",NA,"WC","N","20090619"
"4D","1st","","justicia.dichipteroides",NA,"WC","N","20090619"
"4D","1st","","k",NA,"WC","N","20090619"
"4D","1st","","kyllinga.sp",NA,"WC","N","20090619"
"4D","1st","","leucas.glabrata",NA,"WC","N","20090619"
"4D","1st","","leucas.martiniscensis",NA,"WC","N","20090619"
"4D","1st","","lily.a",NA,"WC","N","20090619"
"4D","1st","","lily.b",NA,"WC","N","20090619"
"4D","1st","","lippia.javanica",NA,"WC","N","20090619"
"4D","1st","","melhania.spp.",NA,"WC","N","20090619"
"4D","1st","","misopates.orontium",NA,"WC","N","20090619"
"4D","1st","","mollugo.nudicaulis",NA,"WC","N","20090619"
"4D","1st","","monechima.debile",NA,"WC","N","20090619"
"4D","1st","","monsonia.augustifolia",NA,"WC","N","20090619"
"4D","1st","","ocimum.sp",NA,"WC","N","20090619"
"4D","1st","","osteospermum.vaillantii",NA,"WC","N","20090619"
"4D","1st","","oxygonum.sinuatum",NA,"WC","N","20090619"
"4D","1st","","pavonia.patens",NA,"WC","N","20090619"
"4D","1st","","pelargonium.alchemilloides",NA,"WC","N","20090619"
"4D","1st","","pentanisia.ouranogyne",NA,"WC","N","20090619"
"4D","1st","","phyllanthus.maderaspatensis",NA,"WC","N","20090619"
"4D","1st","","plectranthus.spp",NA,"WC","N","20090619"
"4D","1st","","pollichia.campestris",NA,"WC","N","20090619"
"4D","1st","","polygala..l.",NA,"WC","N","20090619"
"4D","1st","","polygala.sphenoptera",1,"WC","N","20090619"
"4D","1st","","portulaca.oleracea",NA,"WC","N","20090619"
"4D","1st","","portulaca.quadrifida",NA,"WC","N","20090619"
"4D","1st","","pseudognaphalium..helichrysum.glumaceum.",4,"WC","N","20090619"
"4D","1st","","psilotrichum.schimperi",NA,"WC","N","20090619"
"4D","1st","","rhinacanthus.ndorensis",NA,"WC","N","20090619"
"4D","1st","","rhynchosia.holstii",NA,"WC","N","20090619"
"4D","1st","","schkuhria.pinnata",NA,"WC","N","20090619"
"4D","1st","","sida.2",NA,"WC","N","20090619"
"4D","1st","","sida.cuneifolia",NA,"WC","N","20090619"
"4D","1st","","solanum.incanum",NA,"WC","N","20090619"
"4D","1st","","solanum.indicum",NA,"WC","N","20090619"
"4D","1st","","tribulus.terrestris",NA,"WC","N","20090619"
"4D","1st","","u",NA,"WC","N","20090619"
"4D","1st","","w",NA,"WC","N","20090619"
"4D","1st","","x_4",NA,"WC","N","20090619"
"4D","1st","","x_5",NA,"WC","N","20090619"
"4D","1st","","x_6",NA,"WC","N","20090619"
"4D","1st","","x_7",NA,"WC","N","20090619"
"4D","1st","","x_8",NA,"WC","N","20090619"
"4B","1st","","bracharia.lacnantha",1,"WC","N","20090619"
"4B","1st","","lintonia.nutans",NA,"WC","N","20090619"
"4B","1st","","pennisetum.mezianum",NA,"WC","N","20090619"
"4B","1st","","pennisetum.straminium",NA,"WC","N","20090619"
"4B","1st","","themeda.triandra",NA,"WC","N","20090619"
"4B","1st","","bare",9,"WC","N","20090619"
"4B","1st","","x_2",NA,"WC","N","20090619"
"4B","1st","","aristida.kenyensis",NA,"WC","N","20090619"
"4B","1st","","bothriochloa.insculpta",NA,"WC","N","20090619"
"4B","1st","","bracharia.3",NA,"WC","N","20090619"
"4B","1st","","bracharia.eruciformis",NA,"WC","N","20090619"
"4B","1st","","chloris.sp",NA,"WC","N","20090619"
"4B","1st","","cynodon.dactylon",NA,"WC","N","20090619"
"4B","1st","","cynodon.plectostachyus",NA,"WC","N","20090619"
"4B","1st","","cyperus...mariscus.spp",NA,"WC","N","20090619"
"4B","1st","","digitaria.2",NA,"WC","N","20090619"
"4B","1st","","digitaria.milanjiana",NA,"WC","N","20090619"
"4B","1st","","dinebra.retroflexa",NA,"WC","N","20090619"
"4B","1st","","eragrostis.tenuifolia",NA,"WC","N","20090619"
"4B","1st","","harpachne.schimperi",NA,"WC","N","20090619"
"4B","1st","","microchloa.kunthii",NA,"WC","N","20090619"
"4B","1st","","panicum.astrosanguinum",NA,"WC","N","20090619"
"4B","1st","","setaria.acromelaena..small.",NA,"WC","N","20090619"
"4B","1st","","setaria.sphaecealata..big.",NA,"WC","N","20090619"
"4B","1st","","sporobolus.pyramidalis",NA,"WC","N","20090619"
"4B","1st","","tragus.berteronianus",NA,"WC","N","20090619"
"4B","1st","","x_3",NA,"WC","N","20090619"
"4B","1st","","acalypha.crenata",NA,"WC","N","20090619"
"4B","1st","","aerva.lanata",NA,"WC","N","20090619"
"4B","1st","","amaranthus.hibridus",NA,"WC","N","20090619"
"4B","1st","","aspilia.pluriseta",NA,"WC","N","20090619"
"4B","1st","","asterolinon.adoense..v.",NA,"WC","N","20090619"
"4B","1st","","caralluma.acutangula",NA,"WC","N","20090619"
"4B","1st","","chenopodium.opulifolium",NA,"WC","N","20090619"
"4B","1st","","chenopodium.schraderianum",NA,"WC","N","20090619"
"4B","1st","","commelina.spp",NA,"WC","N","20090619"
"4B","1st","","commicarpus.pedunculosus",NA,"WC","N","20090619"
"4B","1st","","conyza.sp",NA,"WC","N","20090619"
"4B","1st","","corchorus.sp",NA,"WC","N","20090619"
"4B","1st","","crotelaria.sp",NA,"WC","N","20090619"
"4B","1st","","cyathula.orthacantha",NA,"WC","N","20090619"
"4B","1st","","dyscoriste.radicans",NA,"WC","N","20090619"
"4B","1st","","euphorbia.inaequilatera",NA,"WC","N","20090619"
"4B","1st","","evolvulus.alsinoides",NA,"WC","N","20090619"
"4B","1st","","fern",NA,"WC","N","20090619"
"4B","1st","","gutenbergia.sp",NA,"WC","N","20090619"
"4B","1st","","hermannia.uhligii",NA,"WC","N","20090619"
"4B","1st","","hibiscus.flavifolius",NA,"WC","N","20090619"
"4B","1st","","hibiscus.trionum",NA,"WC","N","20090619"
"4B","1st","","indigofera.brevicalyx",NA,"WC","N","20090619"
"4B","1st","","indigofera.schimperi",NA,"WC","N","20090619"
"4B","1st","","ipomea.sinensis",NA,"WC","N","20090619"
"4B","1st","","justicia.dichipteroides",NA,"WC","N","20090619"
"4B","1st","","k",NA,"WC","N","20090619"
"4B","1st","","kyllinga.sp",NA,"WC","N","20090619"
"4B","1st","","leucas.glabrata",NA,"WC","N","20090619"
"4B","1st","","leucas.martiniscensis",NA,"WC","N","20090619"
"4B","1st","","lily.a",NA,"WC","N","20090619"
"4B","1st","","lily.b",NA,"WC","N","20090619"
"4B","1st","","lippia.javanica",NA,"WC","N","20090619"
"4B","1st","","melhania.spp.",NA,"WC","N","20090619"
"4B","1st","","misopates.orontium",NA,"WC","N","20090619"
"4B","1st","","mollugo.nudicaulis",NA,"WC","N","20090619"
"4B","1st","","monechima.debile",NA,"WC","N","20090619"
"4B","1st","","monsonia.augustifolia",NA,"WC","N","20090619"
"4B","1st","","ocimum.sp",NA,"WC","N","20090619"
"4B","1st","","osteospermum.vaillantii",NA,"WC","N","20090619"
"4B","1st","","oxygonum.sinuatum",NA,"WC","N","20090619"
"4B","1st","","pavonia.patens",NA,"WC","N","20090619"
"4B","1st","","pelargonium.alchemilloides",NA,"WC","N","20090619"
"4B","1st","","pentanisia.ouranogyne",NA,"WC","N","20090619"
"4B","1st","","phyllanthus.maderaspatensis",NA,"WC","N","20090619"
"4B","1st","","plectranthus.spp",NA,"WC","N","20090619"
"4B","1st","","pollichia.campestris",NA,"WC","N","20090619"
"4B","1st","","polygala..l.",NA,"WC","N","20090619"
"4B","1st","","polygala.sphenoptera",NA,"WC","N","20090619"
"4B","1st","","portulaca.oleracea",NA,"WC","N","20090619"
"4B","1st","","portulaca.quadrifida",NA,"WC","N","20090619"
"4B","1st","","pseudognaphalium..helichrysum.glumaceum.",NA,"WC","N","20090619"
"4B","1st","","psilotrichum.schimperi",NA,"WC","N","20090619"
"4B","1st","","rhinacanthus.ndorensis",NA,"WC","N","20090619"
"4B","1st","","rhynchosia.holstii",NA,"WC","N","20090619"
"4B","1st","","schkuhria.pinnata",NA,"WC","N","20090619"
"4B","1st","","sida.2",NA,"WC","N","20090619"
"4B","1st","","sida.cuneifolia",NA,"WC","N","20090619"
"4B","1st","","solanum.incanum",NA,"WC","N","20090619"
"4B","1st","","solanum.indicum",NA,"WC","N","20090619"
"4B","1st","","tribulus.terrestris",NA,"WC","N","20090619"
"4B","1st","","u",NA,"WC","N","20090619"
"4B","1st","","w",NA,"WC","N","20090619"
"4B","1st","","x_4",NA,"WC","N","20090619"
"4B","1st","","x_5",NA,"WC","N","20090619"
"4B","1st","","x_6",NA,"WC","N","20090619"
"4B","1st","","x_7",NA,"WC","N","20090619"
"4B","1st","","x_8",NA,"WC","N","20090619"
"5A","1st","","bracharia.lacnantha",NA,"WC","N","20090619"
"5A","1st","","lintonia.nutans",NA,"WC","N","20090619"
"5A","1st","","pennisetum.mezianum",NA,"WC","N","20090619"
"5A","1st","","pennisetum.straminium",NA,"WC","N","20090619"
"5A","1st","","themeda.triandra",NA,"WC","N","20090619"
"5A","1st","","bare",4,"WC","N","20090619"
"5A","1st","","x_2",NA,"WC","N","20090619"
"5A","1st","","aristida.kenyensis",NA,"WC","N","20090619"
"5A","1st","","bothriochloa.insculpta",NA,"WC","N","20090619"
"5A","1st","","bracharia.3",NA,"WC","N","20090619"
"5A","1st","","bracharia.eruciformis",NA,"WC","N","20090619"
"5A","1st","","chloris.sp",NA,"WC","N","20090619"
"5A","1st","","cynodon.dactylon",NA,"WC","N","20090619"
"5A","1st","","cynodon.plectostachyus",NA,"WC","N","20090619"
"5A","1st","","cyperus...mariscus.spp",NA,"WC","N","20090619"
"5A","1st","","digitaria.2",NA,"WC","N","20090619"
"5A","1st","","digitaria.milanjiana",NA,"WC","N","20090619"
"5A","1st","","dinebra.retroflexa",NA,"WC","N","20090619"
"5A","1st","","eragrostis.tenuifolia",NA,"WC","N","20090619"
"5A","1st","","harpachne.schimperi",NA,"WC","N","20090619"
"5A","1st","","microchloa.kunthii",NA,"WC","N","20090619"
"5A","1st","","panicum.astrosanguinum",NA,"WC","N","20090619"
"5A","1st","","setaria.acromelaena..small.",NA,"WC","N","20090619"
"5A","1st","","setaria.sphaecealata..big.",NA,"WC","N","20090619"
"5A","1st","","sporobolus.pyramidalis",NA,"WC","N","20090619"
"5A","1st","","tragus.berteronianus",NA,"WC","N","20090619"
"5A","1st","","x_3",NA,"WC","N","20090619"
"5A","1st","","acalypha.crenata",NA,"WC","N","20090619"
"5A","1st","","aerva.lanata",NA,"WC","N","20090619"
"5A","1st","","amaranthus.hibridus",NA,"WC","N","20090619"
"5A","1st","","aspilia.pluriseta",NA,"WC","N","20090619"
"5A","1st","","asterolinon.adoense..v.",NA,"WC","N","20090619"
"5A","1st","","caralluma.acutangula",NA,"WC","N","20090619"
"5A","1st","","chenopodium.opulifolium",NA,"WC","N","20090619"
"5A","1st","","chenopodium.schraderianum",NA,"WC","N","20090619"
"5A","1st","","commelina.spp",NA,"WC","N","20090619"
"5A","1st","","commicarpus.pedunculosus",NA,"WC","N","20090619"
"5A","1st","","conyza.sp",NA,"WC","N","20090619"
"5A","1st","","corchorus.sp",NA,"WC","N","20090619"
"5A","1st","","crotelaria.sp",NA,"WC","N","20090619"
"5A","1st","","cyathula.orthacantha",NA,"WC","N","20090619"
"5A","1st","","dyscoriste.radicans",NA,"WC","N","20090619"
"5A","1st","","euphorbia.inaequilatera",NA,"WC","N","20090619"
"5A","1st","","evolvulus.alsinoides",NA,"WC","N","20090619"
"5A","1st","","fern",NA,"WC","N","20090619"
"5A","1st","","gutenbergia.sp",NA,"WC","N","20090619"
"5A","1st","","hermannia.uhligii",NA,"WC","N","20090619"
"5A","1st","","hibiscus.flavifolius",NA,"WC","N","20090619"
"5A","1st","","hibiscus.trionum",NA,"WC","N","20090619"
"5A","1st","","indigofera.brevicalyx",NA,"WC","N","20090619"
"5A","1st","","indigofera.schimperi",NA,"WC","N","20090619"
"5A","1st","","ipomea.sinensis",NA,"WC","N","20090619"
"5A","1st","","justicia.dichipteroides",NA,"WC","N","20090619"
"5A","1st","","k",NA,"WC","N","20090619"
"5A","1st","","kyllinga.sp",NA,"WC","N","20090619"
"5A","1st","","leucas.glabrata",NA,"WC","N","20090619"
"5A","1st","","leucas.martiniscensis",NA,"WC","N","20090619"
"5A","1st","","lily.a",NA,"WC","N","20090619"
"5A","1st","","lily.b",NA,"WC","N","20090619"
"5A","1st","","lippia.javanica",NA,"WC","N","20090619"
"5A","1st","","melhania.spp.",NA,"WC","N","20090619"
"5A","1st","","misopates.orontium",NA,"WC","N","20090619"
"5A","1st","","mollugo.nudicaulis",NA,"WC","N","20090619"
"5A","1st","","monechima.debile",NA,"WC","N","20090619"
"5A","1st","","monsonia.augustifolia",NA,"WC","N","20090619"
"5A","1st","","ocimum.sp",NA,"WC","N","20090619"
"5A","1st","","osteospermum.vaillantii",NA,"WC","N","20090619"
"5A","1st","","oxygonum.sinuatum",NA,"WC","N","20090619"
"5A","1st","","pavonia.patens",NA,"WC","N","20090619"
"5A","1st","","pelargonium.alchemilloides",NA,"WC","N","20090619"
"5A","1st","","pentanisia.ouranogyne",NA,"WC","N","20090619"
"5A","1st","","phyllanthus.maderaspatensis",NA,"WC","N","20090619"
"5A","1st","","plectranthus.spp",NA,"WC","N","20090619"
"5A","1st","","pollichia.campestris",NA,"WC","N","20090619"
"5A","1st","","polygala..l.",NA,"WC","N","20090619"
"5A","1st","","polygala.sphenoptera",NA,"WC","N","20090619"
"5A","1st","","portulaca.oleracea",NA,"WC","N","20090619"
"5A","1st","","portulaca.quadrifida",NA,"WC","N","20090619"
"5A","1st","","pseudognaphalium..helichrysum.glumaceum.",NA,"WC","N","20090619"
"5A","1st","","psilotrichum.schimperi",NA,"WC","N","20090619"
"5A","1st","","rhinacanthus.ndorensis",NA,"WC","N","20090619"
"5A","1st","","rhynchosia.holstii",NA,"WC","N","20090619"
"5A","1st","","schkuhria.pinnata",NA,"WC","N","20090619"
"5A","1st","","sida.2",NA,"WC","N","20090619"
"5A","1st","","sida.cuneifolia",NA,"WC","N","20090619"
"5A","1st","","solanum.incanum",NA,"WC","N","20090619"
"5A","1st","","solanum.indicum",NA,"WC","N","20090619"
"5A","1st","","tribulus.terrestris",NA,"WC","N","20090619"
"5A","1st","","u",NA,"WC","N","20090619"
"5A","1st","","w",NA,"WC","N","20090619"
"5A","1st","","x_4",NA,"WC","N","20090619"
"5A","1st","","x_5",NA,"WC","N","20090619"
"5A","1st","","x_6",NA,"WC","N","20090619"
"5A","1st","","x_7",NA,"WC","N","20090619"
"5A","1st","","x_8",NA,"WC","N","20090619"
"5C","1st","","bracharia.lacnantha",NA,"WC","N","20090619"
"5C","1st","","lintonia.nutans",NA,"WC","N","20090619"
"5C","1st","","pennisetum.mezianum",NA,"WC","N","20090619"
"5C","1st","","pennisetum.straminium",NA,"WC","N","20090619"
"5C","1st","","themeda.triandra",NA,"WC","N","20090619"
"5C","1st","","bare",6,"WC","N","20090619"
"5C","1st","","x_2",NA,"WC","N","20090619"
"5C","1st","","aristida.kenyensis",NA,"WC","N","20090619"
"5C","1st","","bothriochloa.insculpta",NA,"WC","N","20090619"
"5C","1st","","bracharia.3",NA,"WC","N","20090619"
"5C","1st","","bracharia.eruciformis",NA,"WC","N","20090619"
"5C","1st","","chloris.sp",NA,"WC","N","20090619"
"5C","1st","","cynodon.dactylon",NA,"WC","N","20090619"
"5C","1st","","cynodon.plectostachyus",NA,"WC","N","20090619"
"5C","1st","","cyperus...mariscus.spp",NA,"WC","N","20090619"
"5C","1st","","digitaria.2",NA,"WC","N","20090619"
"5C","1st","","digitaria.milanjiana",NA,"WC","N","20090619"
"5C","1st","","dinebra.retroflexa",NA,"WC","N","20090619"
"5C","1st","","eragrostis.tenuifolia",NA,"WC","N","20090619"
"5C","1st","","harpachne.schimperi",NA,"WC","N","20090619"
"5C","1st","","microchloa.kunthii",NA,"WC","N","20090619"
"5C","1st","","panicum.astrosanguinum",NA,"WC","N","20090619"
"5C","1st","","setaria.acromelaena..small.",NA,"WC","N","20090619"
"5C","1st","","setaria.sphaecealata..big.",NA,"WC","N","20090619"
"5C","1st","","sporobolus.pyramidalis",NA,"WC","N","20090619"
"5C","1st","","tragus.berteronianus",NA,"WC","N","20090619"
"5C","1st","","x_3",NA,"WC","N","20090619"
"5C","1st","","acalypha.crenata",NA,"WC","N","20090619"
"5C","1st","","aerva.lanata",NA,"WC","N","20090619"
"5C","1st","","amaranthus.hibridus",NA,"WC","N","20090619"
"5C","1st","","aspilia.pluriseta",NA,"WC","N","20090619"
"5C","1st","","asterolinon.adoense..v.",NA,"WC","N","20090619"
"5C","1st","","caralluma.acutangula",NA,"WC","N","20090619"
"5C","1st","","chenopodium.opulifolium",NA,"WC","N","20090619"
"5C","1st","","chenopodium.schraderianum",NA,"WC","N","20090619"
"5C","1st","","commelina.spp",NA,"WC","N","20090619"
"5C","1st","","commicarpus.pedunculosus",NA,"WC","N","20090619"
"5C","1st","","conyza.sp",NA,"WC","N","20090619"
"5C","1st","","corchorus.sp",NA,"WC","N","20090619"
"5C","1st","","crotelaria.sp",NA,"WC","N","20090619"
"5C","1st","","cyathula.orthacantha",NA,"WC","N","20090619"
"5C","1st","","dyscoriste.radicans",NA,"WC","N","20090619"
"5C","1st","","euphorbia.inaequilatera",NA,"WC","N","20090619"
"5C","1st","","evolvulus.alsinoides",NA,"WC","N","20090619"
"5C","1st","","fern",NA,"WC","N","20090619"
"5C","1st","","gutenbergia.sp",NA,"WC","N","20090619"
"5C","1st","","hermannia.uhligii",NA,"WC","N","20090619"
"5C","1st","","hibiscus.flavifolius",NA,"WC","N","20090619"
"5C","1st","","hibiscus.trionum",NA,"WC","N","20090619"
"5C","1st","","indigofera.brevicalyx",NA,"WC","N","20090619"
"5C","1st","","indigofera.schimperi",NA,"WC","N","20090619"
"5C","1st","","ipomea.sinensis",NA,"WC","N","20090619"
"5C","1st","","justicia.dichipteroides",NA,"WC","N","20090619"
"5C","1st","","k",NA,"WC","N","20090619"
"5C","1st","","kyllinga.sp",NA,"WC","N","20090619"
"5C","1st","","leucas.glabrata",NA,"WC","N","20090619"
"5C","1st","","leucas.martiniscensis",NA,"WC","N","20090619"
"5C","1st","","lily.a",NA,"WC","N","20090619"
"5C","1st","","lily.b",NA,"WC","N","20090619"
"5C","1st","","lippia.javanica",NA,"WC","N","20090619"
"5C","1st","","melhania.spp.",NA,"WC","N","20090619"
"5C","1st","","misopates.orontium",NA,"WC","N","20090619"
"5C","1st","","mollugo.nudicaulis",NA,"WC","N","20090619"
"5C","1st","","monechima.debile",NA,"WC","N","20090619"
"5C","1st","","monsonia.augustifolia",NA,"WC","N","20090619"
"5C","1st","","ocimum.sp",NA,"WC","N","20090619"
"5C","1st","","osteospermum.vaillantii",NA,"WC","N","20090619"
"5C","1st","","oxygonum.sinuatum",NA,"WC","N","20090619"
"5C","1st","","pavonia.patens",NA,"WC","N","20090619"
"5C","1st","","pelargonium.alchemilloides",NA,"WC","N","20090619"
"5C","1st","","pentanisia.ouranogyne",NA,"WC","N","20090619"
"5C","1st","","phyllanthus.maderaspatensis",NA,"WC","N","20090619"
"5C","1st","","plectranthus.spp",NA,"WC","N","20090619"
"5C","1st","","pollichia.campestris",NA,"WC","N","20090619"
"5C","1st","","polygala..l.",NA,"WC","N","20090619"
"5C","1st","","polygala.sphenoptera",NA,"WC","N","20090619"
"5C","1st","","portulaca.oleracea",NA,"WC","N","20090619"
"5C","1st","","portulaca.quadrifida",NA,"WC","N","20090619"
"5C","1st","","pseudognaphalium..helichrysum.glumaceum.",NA,"WC","N","20090619"
"5C","1st","","psilotrichum.schimperi",NA,"WC","N","20090619"
"5C","1st","","rhinacanthus.ndorensis",NA,"WC","N","20090619"
"5C","1st","","rhynchosia.holstii",NA,"WC","N","20090619"
"5C","1st","","schkuhria.pinnata",NA,"WC","N","20090619"
"5C","1st","","sida.2",NA,"WC","N","20090619"
"5C","1st","","sida.cuneifolia",NA,"WC","N","20090619"
"5C","1st","","solanum.incanum",NA,"WC","N","20090619"
"5C","1st","","solanum.indicum",NA,"WC","N","20090619"
"5C","1st","","tribulus.terrestris",NA,"WC","N","20090619"
"5C","1st","","u",NA,"WC","N","20090619"
"5C","1st","","w",NA,"WC","N","20090619"
"5C","1st","","x_4",NA,"WC","N","20090619"
"5C","1st","","x_5",NA,"WC","N","20090619"
"5C","1st","","x_6",NA,"WC","N","20090619"
"5C","1st","","x_7",NA,"WC","N","20090619"
"5C","1st","","x_8",NA,"WC","N","20090619"
"5E","1st","","bracharia.lacnantha",NA,"WC","N","20090619"
"5E","1st","","lintonia.nutans",NA,"WC","N","20090619"
"5E","1st","","pennisetum.mezianum",NA,"WC","N","20090619"
"5E","1st","","pennisetum.straminium",NA,"WC","N","20090619"
"5E","1st","","themeda.triandra",NA,"WC","N","20090619"
"5E","1st","","bare",6,"WC","N","20090619"
"5E","1st","","x_2",NA,"WC","N","20090619"
"5E","1st","","aristida.kenyensis",NA,"WC","N","20090619"
"5E","1st","","bothriochloa.insculpta",NA,"WC","N","20090619"
"5E","1st","","bracharia.3",NA,"WC","N","20090619"
"5E","1st","","bracharia.eruciformis",NA,"WC","N","20090619"
"5E","1st","","chloris.sp",NA,"WC","N","20090619"
"5E","1st","","cynodon.dactylon",NA,"WC","N","20090619"
"5E","1st","","cynodon.plectostachyus",NA,"WC","N","20090619"
"5E","1st","","cyperus...mariscus.spp",NA,"WC","N","20090619"
"5E","1st","","digitaria.2",1,"WC","N","20090619"
"5E","1st","","digitaria.milanjiana",NA,"WC","N","20090619"
"5E","1st","","dinebra.retroflexa",NA,"WC","N","20090619"
"5E","1st","","eragrostis.tenuifolia",NA,"WC","N","20090619"
"5E","1st","","harpachne.schimperi",NA,"WC","N","20090619"
"5E","1st","","microchloa.kunthii",NA,"WC","N","20090619"
"5E","1st","","panicum.astrosanguinum",NA,"WC","N","20090619"
"5E","1st","","setaria.acromelaena..small.",NA,"WC","N","20090619"
"5E","1st","","setaria.sphaecealata..big.",NA,"WC","N","20090619"
"5E","1st","","sporobolus.pyramidalis",NA,"WC","N","20090619"
"5E","1st","","tragus.berteronianus",NA,"WC","N","20090619"
"5E","1st","","x_3",NA,"WC","N","20090619"
"5E","1st","","acalypha.crenata",NA,"WC","N","20090619"
"5E","1st","","aerva.lanata",NA,"WC","N","20090619"
"5E","1st","","amaranthus.hibridus",NA,"WC","N","20090619"
"5E","1st","","aspilia.pluriseta",NA,"WC","N","20090619"
"5E","1st","","asterolinon.adoense..v.",NA,"WC","N","20090619"
"5E","1st","","caralluma.acutangula",NA,"WC","N","20090619"
"5E","1st","","chenopodium.opulifolium",NA,"WC","N","20090619"
"5E","1st","","chenopodium.schraderianum",NA,"WC","N","20090619"
"5E","1st","","commelina.spp",NA,"WC","N","20090619"
"5E","1st","","commicarpus.pedunculosus",NA,"WC","N","20090619"
"5E","1st","","conyza.sp",NA,"WC","N","20090619"
"5E","1st","","corchorus.sp",NA,"WC","N","20090619"
"5E","1st","","crotelaria.sp",NA,"WC","N","20090619"
"5E","1st","","cyathula.orthacantha",NA,"WC","N","20090619"
"5E","1st","","dyscoriste.radicans",NA,"WC","N","20090619"
"5E","1st","","euphorbia.inaequilatera",NA,"WC","N","20090619"
"5E","1st","","evolvulus.alsinoides",NA,"WC","N","20090619"
"5E","1st","","fern",NA,"WC","N","20090619"
"5E","1st","","gutenbergia.sp",NA,"WC","N","20090619"
"5E","1st","","hermannia.uhligii",NA,"WC","N","20090619"
"5E","1st","","hibiscus.flavifolius",NA,"WC","N","20090619"
"5E","1st","","hibiscus.trionum",NA,"WC","N","20090619"
"5E","1st","","indigofera.brevicalyx",NA,"WC","N","20090619"
"5E","1st","","indigofera.schimperi",NA,"WC","N","20090619"
"5E","1st","","ipomea.sinensis",NA,"WC","N","20090619"
"5E","1st","","justicia.dichipteroides",NA,"WC","N","20090619"
"5E","1st","","k",NA,"WC","N","20090619"
"5E","1st","","kyllinga.sp",NA,"WC","N","20090619"
"5E","1st","","leucas.glabrata",NA,"WC","N","20090619"
"5E","1st","","leucas.martiniscensis",NA,"WC","N","20090619"
"5E","1st","","lily.a",NA,"WC","N","20090619"
"5E","1st","","lily.b",NA,"WC","N","20090619"
"5E","1st","","lippia.javanica",NA,"WC","N","20090619"
"5E","1st","","melhania.spp.",NA,"WC","N","20090619"
"5E","1st","","misopates.orontium",NA,"WC","N","20090619"
"5E","1st","","mollugo.nudicaulis",NA,"WC","N","20090619"
"5E","1st","","monechima.debile",NA,"WC","N","20090619"
"5E","1st","","monsonia.augustifolia",NA,"WC","N","20090619"
"5E","1st","","ocimum.sp",NA,"WC","N","20090619"
"5E","1st","","osteospermum.vaillantii",NA,"WC","N","20090619"
"5E","1st","","oxygonum.sinuatum",NA,"WC","N","20090619"
"5E","1st","","pavonia.patens",NA,"WC","N","20090619"
"5E","1st","","pelargonium.alchemilloides",NA,"WC","N","20090619"
"5E","1st","","pentanisia.ouranogyne",NA,"WC","N","20090619"
"5E","1st","","phyllanthus.maderaspatensis",NA,"WC","N","20090619"
"5E","1st","","plectranthus.spp",NA,"WC","N","20090619"
"5E","1st","","pollichia.campestris",NA,"WC","N","20090619"
"5E","1st","","polygala..l.",NA,"WC","N","20090619"
"5E","1st","","polygala.sphenoptera",NA,"WC","N","20090619"
"5E","1st","","portulaca.oleracea",NA,"WC","N","20090619"
"5E","1st","","portulaca.quadrifida",NA,"WC","N","20090619"
"5E","1st","","pseudognaphalium..helichrysum.glumaceum.",NA,"WC","N","20090619"
"5E","1st","","psilotrichum.schimperi",NA,"WC","N","20090619"
"5E","1st","","rhinacanthus.ndorensis",NA,"WC","N","20090619"
"5E","1st","","rhynchosia.holstii",NA,"WC","N","20090619"
"5E","1st","","schkuhria.pinnata",NA,"WC","N","20090619"
"5E","1st","","sida.2",NA,"WC","N","20090619"
"5E","1st","","sida.cuneifolia",NA,"WC","N","20090619"
"5E","1st","","solanum.incanum",NA,"WC","N","20090619"
"5E","1st","","solanum.indicum",NA,"WC","N","20090619"
"5E","1st","","tribulus.terrestris",NA,"WC","N","20090619"
"5E","1st","","u",NA,"WC","N","20090619"
"5E","1st","","w",NA,"WC","N","20090619"
"5E","1st","","x_4",NA,"WC","N","20090619"
"5E","1st","","x_5",NA,"WC","N","20090619"
"5E","1st","","x_6",NA,"WC","N","20090619"
"5E","1st","","x_7",NA,"WC","N","20090619"
"5E","1st","","x_8",NA,"WC","N","20090619"
"5G","1st","","bracharia.lacnantha",NA,"WC","N","20090619"
"5G","1st","","lintonia.nutans",NA,"WC","N","20090619"
"5G","1st","","pennisetum.mezianum",NA,"WC","N","20090619"
"5G","1st","","pennisetum.straminium",NA,"WC","N","20090619"
"5G","1st","","themeda.triandra",NA,"WC","N","20090619"
"5G","1st","","bare",1,"WC","N","20090619"
"5G","1st","","x_2",NA,"WC","N","20090619"
"5G","1st","","aristida.kenyensis",NA,"WC","N","20090619"
"5G","1st","","bothriochloa.insculpta",NA,"WC","N","20090619"
"5G","1st","","bracharia.3",NA,"WC","N","20090619"
"5G","1st","","bracharia.eruciformis",2,"WC","N","20090619"
"5G","1st","","chloris.sp",NA,"WC","N","20090619"
"5G","1st","","cynodon.dactylon",NA,"WC","N","20090619"
"5G","1st","","cynodon.plectostachyus",NA,"WC","N","20090619"
"5G","1st","","cyperus...mariscus.spp",NA,"WC","N","20090619"
"5G","1st","","digitaria.2",NA,"WC","N","20090619"
"5G","1st","","digitaria.milanjiana",NA,"WC","N","20090619"
"5G","1st","","dinebra.retroflexa",NA,"WC","N","20090619"
"5G","1st","","eragrostis.tenuifolia",NA,"WC","N","20090619"
"5G","1st","","harpachne.schimperi",NA,"WC","N","20090619"
"5G","1st","","microchloa.kunthii",NA,"WC","N","20090619"
"5G","1st","","panicum.astrosanguinum",NA,"WC","N","20090619"
"5G","1st","","setaria.acromelaena..small.",NA,"WC","N","20090619"
"5G","1st","","setaria.sphaecealata..big.",NA,"WC","N","20090619"
"5G","1st","","sporobolus.pyramidalis",NA,"WC","N","20090619"
"5G","1st","","tragus.berteronianus",NA,"WC","N","20090619"
"5G","1st","","x_3",NA,"WC","N","20090619"
"5G","1st","","acalypha.crenata",NA,"WC","N","20090619"
"5G","1st","","aerva.lanata",1,"WC","N","20090619"
"5G","1st","","amaranthus.hibridus",NA,"WC","N","20090619"
"5G","1st","","aspilia.pluriseta",NA,"WC","N","20090619"
"5G","1st","","asterolinon.adoense..v.",NA,"WC","N","20090619"
"5G","1st","","caralluma.acutangula",NA,"WC","N","20090619"
"5G","1st","","chenopodium.opulifolium",NA,"WC","N","20090619"
"5G","1st","","chenopodium.schraderianum",NA,"WC","N","20090619"
"5G","1st","","commelina.spp",NA,"WC","N","20090619"
"5G","1st","","commicarpus.pedunculosus",NA,"WC","N","20090619"
"5G","1st","","conyza.sp",NA,"WC","N","20090619"
"5G","1st","","corchorus.sp",NA,"WC","N","20090619"
"5G","1st","","crotelaria.sp",NA,"WC","N","20090619"
"5G","1st","","cyathula.orthacantha",NA,"WC","N","20090619"
"5G","1st","","dyscoriste.radicans",1,"WC","N","20090619"
"5G","1st","","euphorbia.inaequilatera",NA,"WC","N","20090619"
"5G","1st","","evolvulus.alsinoides",NA,"WC","N","20090619"
"5G","1st","","fern",NA,"WC","N","20090619"
"5G","1st","","gutenbergia.sp",NA,"WC","N","20090619"
"5G","1st","","hermannia.uhligii",NA,"WC","N","20090619"
"5G","1st","","hibiscus.flavifolius",NA,"WC","N","20090619"
"5G","1st","","hibiscus.trionum",NA,"WC","N","20090619"
"5G","1st","","indigofera.brevicalyx",NA,"WC","N","20090619"
"5G","1st","","indigofera.schimperi",NA,"WC","N","20090619"
"5G","1st","","ipomea.sinensis",NA,"WC","N","20090619"
"5G","1st","","justicia.dichipteroides",NA,"WC","N","20090619"
"5G","1st","","k",NA,"WC","N","20090619"
"5G","1st","","kyllinga.sp",NA,"WC","N","20090619"
"5G","1st","","leucas.glabrata",NA,"WC","N","20090619"
"5G","1st","","leucas.martiniscensis",NA,"WC","N","20090619"
"5G","1st","","lily.a",NA,"WC","N","20090619"
"5G","1st","","lily.b",NA,"WC","N","20090619"
"5G","1st","","lippia.javanica",NA,"WC","N","20090619"
"5G","1st","","melhania.spp.",NA,"WC","N","20090619"
"5G","1st","","misopates.orontium",NA,"WC","N","20090619"
"5G","1st","","mollugo.nudicaulis",NA,"WC","N","20090619"
"5G","1st","","monechima.debile",NA,"WC","N","20090619"
"5G","1st","","monsonia.augustifolia",NA,"WC","N","20090619"
"5G","1st","","ocimum.sp",NA,"WC","N","20090619"
"5G","1st","","osteospermum.vaillantii",NA,"WC","N","20090619"
"5G","1st","","oxygonum.sinuatum",NA,"WC","N","20090619"
"5G","1st","","pavonia.patens",NA,"WC","N","20090619"
"5G","1st","","pelargonium.alchemilloides",NA,"WC","N","20090619"
"5G","1st","","pentanisia.ouranogyne",NA,"WC","N","20090619"
"5G","1st","","phyllanthus.maderaspatensis",NA,"WC","N","20090619"
"5G","1st","","plectranthus.spp",NA,"WC","N","20090619"
"5G","1st","","pollichia.campestris",NA,"WC","N","20090619"
"5G","1st","","polygala..l.",NA,"WC","N","20090619"
"5G","1st","","polygala.sphenoptera",NA,"WC","N","20090619"
"5G","1st","","portulaca.oleracea",NA,"WC","N","20090619"
"5G","1st","","portulaca.quadrifida",NA,"WC","N","20090619"
"5G","1st","","pseudognaphalium..helichrysum.glumaceum.",NA,"WC","N","20090619"
"5G","1st","","psilotrichum.schimperi",NA,"WC","N","20090619"
"5G","1st","","rhinacanthus.ndorensis",NA,"WC","N","20090619"
"5G","1st","","rhynchosia.holstii",NA,"WC","N","20090619"
"5G","1st","","schkuhria.pinnata",NA,"WC","N","20090619"
"5G","1st","","sida.2",NA,"WC","N","20090619"
"5G","1st","","sida.cuneifolia",NA,"WC","N","20090619"
"5G","1st","","solanum.incanum",NA,"WC","N","20090619"
"5G","1st","","solanum.indicum",NA,"WC","N","20090619"
"5G","1st","","tribulus.terrestris",NA,"WC","N","20090619"
"5G","1st","","u",NA,"WC","N","20090619"
"5G","1st","","w",NA,"WC","N","20090619"
"5G","1st","","x_4",NA,"WC","N","20090619"
"5G","1st","","x_5",NA,"WC","N","20090619"
"5G","1st","","x_6",NA,"WC","N","20090619"
"5G","1st","","x_7",NA,"WC","N","20090619"
"5G","1st","","x_8",NA,"WC","N","20090619"
"5I","1st","","bracharia.lacnantha",NA,"WC","N","20090619"
"5I","1st","","lintonia.nutans",NA,"WC","N","20090619"
"5I","1st","","pennisetum.mezianum",NA,"WC","N","20090619"
"5I","1st","","pennisetum.straminium",NA,"WC","N","20090619"
"5I","1st","","themeda.triandra",NA,"WC","N","20090619"
"5I","1st","","bare",4,"WC","N","20090619"
"5I","1st","","x_2",NA,"WC","N","20090619"
"5I","1st","","aristida.kenyensis",NA,"WC","N","20090619"
"5I","1st","","bothriochloa.insculpta",NA,"WC","N","20090619"
"5I","1st","","bracharia.3",NA,"WC","N","20090619"
"5I","1st","","bracharia.eruciformis",NA,"WC","N","20090619"
"5I","1st","","chloris.sp",NA,"WC","N","20090619"
"5I","1st","","cynodon.dactylon",NA,"WC","N","20090619"
"5I","1st","","cynodon.plectostachyus",NA,"WC","N","20090619"
"5I","1st","","cyperus...mariscus.spp",NA,"WC","N","20090619"
"5I","1st","","digitaria.2",NA,"WC","N","20090619"
"5I","1st","","digitaria.milanjiana",NA,"WC","N","20090619"
"5I","1st","","dinebra.retroflexa",NA,"WC","N","20090619"
"5I","1st","","eragrostis.tenuifolia",NA,"WC","N","20090619"
"5I","1st","","harpachne.schimperi",NA,"WC","N","20090619"
"5I","1st","","microchloa.kunthii",NA,"WC","N","20090619"
"5I","1st","","panicum.astrosanguinum",NA,"WC","N","20090619"
"5I","1st","","setaria.acromelaena..small.",NA,"WC","N","20090619"
"5I","1st","","setaria.sphaecealata..big.",NA,"WC","N","20090619"
"5I","1st","","sporobolus.pyramidalis",NA,"WC","N","20090619"
"5I","1st","","tragus.berteronianus",NA,"WC","N","20090619"
"5I","1st","","x_3",NA,"WC","N","20090619"
"5I","1st","","acalypha.crenata",NA,"WC","N","20090619"
"5I","1st","","aerva.lanata",NA,"WC","N","20090619"
"5I","1st","","amaranthus.hibridus",NA,"WC","N","20090619"
"5I","1st","","aspilia.pluriseta",NA,"WC","N","20090619"
"5I","1st","","asterolinon.adoense..v.",NA,"WC","N","20090619"
"5I","1st","","caralluma.acutangula",NA,"WC","N","20090619"
"5I","1st","","chenopodium.opulifolium",NA,"WC","N","20090619"
"5I","1st","","chenopodium.schraderianum",NA,"WC","N","20090619"
"5I","1st","","commelina.spp",NA,"WC","N","20090619"
"5I","1st","","commicarpus.pedunculosus",NA,"WC","N","20090619"
"5I","1st","","conyza.sp",NA,"WC","N","20090619"
"5I","1st","","corchorus.sp",NA,"WC","N","20090619"
"5I","1st","","crotelaria.sp",NA,"WC","N","20090619"
"5I","1st","","cyathula.orthacantha",NA,"WC","N","20090619"
"5I","1st","","dyscoriste.radicans",NA,"WC","N","20090619"
"5I","1st","","euphorbia.inaequilatera",NA,"WC","N","20090619"
"5I","1st","","evolvulus.alsinoides",NA,"WC","N","20090619"
"5I","1st","","fern",NA,"WC","N","20090619"
"5I","1st","","gutenbergia.sp",NA,"WC","N","20090619"
"5I","1st","","hermannia.uhligii",NA,"WC","N","20090619"
"5I","1st","","hibiscus.flavifolius",NA,"WC","N","20090619"
"5I","1st","","hibiscus.trionum",NA,"WC","N","20090619"
"5I","1st","","indigofera.brevicalyx",NA,"WC","N","20090619"
"5I","1st","","indigofera.schimperi",NA,"WC","N","20090619"
"5I","1st","","ipomea.sinensis",NA,"WC","N","20090619"
"5I","1st","","justicia.dichipteroides",NA,"WC","N","20090619"
"5I","1st","","k",NA,"WC","N","20090619"
"5I","1st","","kyllinga.sp",NA,"WC","N","20090619"
"5I","1st","","leucas.glabrata",NA,"WC","N","20090619"
"5I","1st","","leucas.martiniscensis",NA,"WC","N","20090619"
"5I","1st","","lily.a",NA,"WC","N","20090619"
"5I","1st","","lily.b",NA,"WC","N","20090619"
"5I","1st","","lippia.javanica",NA,"WC","N","20090619"
"5I","1st","","melhania.spp.",NA,"WC","N","20090619"
"5I","1st","","misopates.orontium",NA,"WC","N","20090619"
"5I","1st","","mollugo.nudicaulis",NA,"WC","N","20090619"
"5I","1st","","monechima.debile",NA,"WC","N","20090619"
"5I","1st","","monsonia.augustifolia",NA,"WC","N","20090619"
"5I","1st","","ocimum.sp",NA,"WC","N","20090619"
"5I","1st","","osteospermum.vaillantii",NA,"WC","N","20090619"
"5I","1st","","oxygonum.sinuatum",NA,"WC","N","20090619"
"5I","1st","","pavonia.patens",NA,"WC","N","20090619"
"5I","1st","","pelargonium.alchemilloides",NA,"WC","N","20090619"
"5I","1st","","pentanisia.ouranogyne",NA,"WC","N","20090619"
"5I","1st","","phyllanthus.maderaspatensis",NA,"WC","N","20090619"
"5I","1st","","plectranthus.spp",NA,"WC","N","20090619"
"5I","1st","","pollichia.campestris",NA,"WC","N","20090619"
"5I","1st","","polygala..l.",NA,"WC","N","20090619"
"5I","1st","","polygala.sphenoptera",NA,"WC","N","20090619"
"5I","1st","","portulaca.oleracea",NA,"WC","N","20090619"
"5I","1st","","portulaca.quadrifida",NA,"WC","N","20090619"
"5I","1st","","pseudognaphalium..helichrysum.glumaceum.",NA,"WC","N","20090619"
"5I","1st","","psilotrichum.schimperi",NA,"WC","N","20090619"
"5I","1st","","rhinacanthus.ndorensis",NA,"WC","N","20090619"
"5I","1st","","rhynchosia.holstii",NA,"WC","N","20090619"
"5I","1st","","schkuhria.pinnata",NA,"WC","N","20090619"
"5I","1st","","sida.2",NA,"WC","N","20090619"
"5I","1st","","sida.cuneifolia",NA,"WC","N","20090619"
"5I","1st","","solanum.incanum",NA,"WC","N","20090619"
"5I","1st","","solanum.indicum",NA,"WC","N","20090619"
"5I","1st","","tribulus.terrestris",NA,"WC","N","20090619"
"5I","1st","","u",NA,"WC","N","20090619"
"5I","1st","","w",NA,"WC","N","20090619"
"5I","1st","","x_4",NA,"WC","N","20090619"
"5I","1st","","x_5",NA,"WC","N","20090619"
"5I","1st","","x_6",NA,"WC","N","20090619"
"5I","1st","","x_7",NA,"WC","N","20090619"
"5I","1st","","x_8",NA,"WC","N","20090619"
"6J","1st","","bracharia.lacnantha",NA,"WC","N","20090619"
"6J","1st","","lintonia.nutans",NA,"WC","N","20090619"
"6J","1st","","pennisetum.mezianum",NA,"WC","N","20090619"
"6J","1st","","pennisetum.straminium",NA,"WC","N","20090619"
"6J","1st","","themeda.triandra",4,"WC","N","20090619"
"6J","1st","","bare",5,"WC","N","20090619"
"6J","1st","","x_2",NA,"WC","N","20090619"
"6J","1st","","aristida.kenyensis",NA,"WC","N","20090619"
"6J","1st","","bothriochloa.insculpta",NA,"WC","N","20090619"
"6J","1st","","bracharia.3",NA,"WC","N","20090619"
"6J","1st","","bracharia.eruciformis",NA,"WC","N","20090619"
"6J","1st","","chloris.sp",NA,"WC","N","20090619"
"6J","1st","","cynodon.dactylon",NA,"WC","N","20090619"
"6J","1st","","cynodon.plectostachyus",NA,"WC","N","20090619"
"6J","1st","","cyperus...mariscus.spp",NA,"WC","N","20090619"
"6J","1st","","digitaria.2",NA,"WC","N","20090619"
"6J","1st","","digitaria.milanjiana",NA,"WC","N","20090619"
"6J","1st","","dinebra.retroflexa",NA,"WC","N","20090619"
"6J","1st","","eragrostis.tenuifolia",NA,"WC","N","20090619"
"6J","1st","","harpachne.schimperi",NA,"WC","N","20090619"
"6J","1st","","microchloa.kunthii",NA,"WC","N","20090619"
"6J","1st","","panicum.astrosanguinum",NA,"WC","N","20090619"
"6J","1st","","setaria.acromelaena..small.",NA,"WC","N","20090619"
"6J","1st","","setaria.sphaecealata..big.",NA,"WC","N","20090619"
"6J","1st","","sporobolus.pyramidalis",NA,"WC","N","20090619"
"6J","1st","","tragus.berteronianus",NA,"WC","N","20090619"
"6J","1st","","x_3",NA,"WC","N","20090619"
"6J","1st","","acalypha.crenata",NA,"WC","N","20090619"
"6J","1st","","aerva.lanata",NA,"WC","N","20090619"
"6J","1st","","amaranthus.hibridus",NA,"WC","N","20090619"
"6J","1st","","aspilia.pluriseta",NA,"WC","N","20090619"
"6J","1st","","asterolinon.adoense..v.",NA,"WC","N","20090619"
"6J","1st","","caralluma.acutangula",NA,"WC","N","20090619"
"6J","1st","","chenopodium.opulifolium",NA,"WC","N","20090619"
"6J","1st","","chenopodium.schraderianum",NA,"WC","N","20090619"
"6J","1st","","commelina.spp",NA,"WC","N","20090619"
"6J","1st","","commicarpus.pedunculosus",NA,"WC","N","20090619"
"6J","1st","","conyza.sp",NA,"WC","N","20090619"
"6J","1st","","corchorus.sp",NA,"WC","N","20090619"
"6J","1st","","crotelaria.sp",NA,"WC","N","20090619"
"6J","1st","","cyathula.orthacantha",NA,"WC","N","20090619"
"6J","1st","","dyscoriste.radicans",NA,"WC","N","20090619"
"6J","1st","","euphorbia.inaequilatera",NA,"WC","N","20090619"
"6J","1st","","evolvulus.alsinoides",NA,"WC","N","20090619"
"6J","1st","","fern",NA,"WC","N","20090619"
"6J","1st","","gutenbergia.sp",NA,"WC","N","20090619"
"6J","1st","","hermannia.uhligii",NA,"WC","N","20090619"
"6J","1st","","hibiscus.flavifolius",NA,"WC","N","20090619"
"6J","1st","","hibiscus.trionum",NA,"WC","N","20090619"
"6J","1st","","indigofera.brevicalyx",NA,"WC","N","20090619"
"6J","1st","","indigofera.schimperi",NA,"WC","N","20090619"
"6J","1st","","ipomea.sinensis",NA,"WC","N","20090619"
"6J","1st","","justicia.dichipteroides",NA,"WC","N","20090619"
"6J","1st","","k",NA,"WC","N","20090619"
"6J","1st","","kyllinga.sp",NA,"WC","N","20090619"
"6J","1st","","leucas.glabrata",NA,"WC","N","20090619"
"6J","1st","","leucas.martiniscensis",NA,"WC","N","20090619"
"6J","1st","","lily.a",NA,"WC","N","20090619"
"6J","1st","","lily.b",NA,"WC","N","20090619"
"6J","1st","","lippia.javanica",NA,"WC","N","20090619"
"6J","1st","","melhania.spp.",NA,"WC","N","20090619"
"6J","1st","","misopates.orontium",NA,"WC","N","20090619"
"6J","1st","","mollugo.nudicaulis",NA,"WC","N","20090619"
"6J","1st","","monechima.debile",NA,"WC","N","20090619"
"6J","1st","","monsonia.augustifolia",NA,"WC","N","20090619"
"6J","1st","","ocimum.sp",NA,"WC","N","20090619"
"6J","1st","","osteospermum.vaillantii",NA,"WC","N","20090619"
"6J","1st","","oxygonum.sinuatum",NA,"WC","N","20090619"
"6J","1st","","pavonia.patens",NA,"WC","N","20090619"
"6J","1st","","pelargonium.alchemilloides",NA,"WC","N","20090619"
"6J","1st","","pentanisia.ouranogyne",NA,"WC","N","20090619"
"6J","1st","","phyllanthus.maderaspatensis",NA,"WC","N","20090619"
"6J","1st","","plectranthus.spp",NA,"WC","N","20090619"
"6J","1st","","pollichia.campestris",NA,"WC","N","20090619"
"6J","1st","","polygala..l.",NA,"WC","N","20090619"
"6J","1st","","polygala.sphenoptera",NA,"WC","N","20090619"
"6J","1st","","portulaca.oleracea",NA,"WC","N","20090619"
"6J","1st","","portulaca.quadrifida",NA,"WC","N","20090619"
"6J","1st","","pseudognaphalium..helichrysum.glumaceum.",NA,"WC","N","20090619"
"6J","1st","","psilotrichum.schimperi",NA,"WC","N","20090619"
"6J","1st","","rhinacanthus.ndorensis",NA,"WC","N","20090619"
"6J","1st","","rhynchosia.holstii",NA,"WC","N","20090619"
"6J","1st","","schkuhria.pinnata",NA,"WC","N","20090619"
"6J","1st","","sida.2",NA,"WC","N","20090619"
"6J","1st","","sida.cuneifolia",1,"WC","N","20090619"
"6J","1st","","solanum.incanum",NA,"WC","N","20090619"
"6J","1st","","solanum.indicum",NA,"WC","N","20090619"
"6J","1st","","tribulus.terrestris",NA,"WC","N","20090619"
"6J","1st","","u",NA,"WC","N","20090619"
"6J","1st","","w",NA,"WC","N","20090619"
"6J","1st","","x_4",NA,"WC","N","20090619"
"6J","1st","","x_5",NA,"WC","N","20090619"
"6J","1st","","x_6",NA,"WC","N","20090619"
"6J","1st","","x_7",NA,"WC","N","20090619"
"6J","1st","","x_8",NA,"WC","N","20090619"
"6J","All","Lvs","bracharia.lacnantha",NA,"WC","N","20090619"
"6J","All","Lvs","lintonia.nutans",NA,"WC","N","20090619"
"6J","All","Lvs","pennisetum.mezianum",NA,"WC","N","20090619"
"6J","All","Lvs","pennisetum.straminium",NA,"WC","N","20090619"
"6J","All","Lvs","themeda.triandra",7,"WC","N","20090619"
"6J","All","Lvs","bare",NA,"WC","N","20090619"
"6J","All","Lvs","x_2",NA,"WC","N","20090619"
"6J","All","Lvs","aristida.kenyensis",NA,"WC","N","20090619"
"6J","All","Lvs","bothriochloa.insculpta",NA,"WC","N","20090619"
"6J","All","Lvs","bracharia.3",NA,"WC","N","20090619"
"6J","All","Lvs","bracharia.eruciformis",NA,"WC","N","20090619"
"6J","All","Lvs","chloris.sp",NA,"WC","N","20090619"
"6J","All","Lvs","cynodon.dactylon",NA,"WC","N","20090619"
"6J","All","Lvs","cynodon.plectostachyus",NA,"WC","N","20090619"
"6J","All","Lvs","cyperus...mariscus.spp",NA,"WC","N","20090619"
"6J","All","Lvs","digitaria.2",NA,"WC","N","20090619"
"6J","All","Lvs","digitaria.milanjiana",NA,"WC","N","20090619"
"6J","All","Lvs","dinebra.retroflexa",NA,"WC","N","20090619"
"6J","All","Lvs","eragrostis.tenuifolia",NA,"WC","N","20090619"
"6J","All","Lvs","harpachne.schimperi",NA,"WC","N","20090619"
"6J","All","Lvs","microchloa.kunthii",NA,"WC","N","20090619"
"6J","All","Lvs","panicum.astrosanguinum",NA,"WC","N","20090619"
"6J","All","Lvs","setaria.acromelaena..small.",NA,"WC","N","20090619"
"6J","All","Lvs","setaria.sphaecealata..big.",NA,"WC","N","20090619"
"6J","All","Lvs","sporobolus.pyramidalis",NA,"WC","N","20090619"
"6J","All","Lvs","tragus.berteronianus",NA,"WC","N","20090619"
"6J","All","Lvs","x_3",NA,"WC","N","20090619"
"6J","All","Lvs","acalypha.crenata",NA,"WC","N","20090619"
"6J","All","Lvs","aerva.lanata",NA,"WC","N","20090619"
"6J","All","Lvs","amaranthus.hibridus",NA,"WC","N","20090619"
"6J","All","Lvs","aspilia.pluriseta",NA,"WC","N","20090619"
"6J","All","Lvs","asterolinon.adoense..v.",NA,"WC","N","20090619"
"6J","All","Lvs","caralluma.acutangula",NA,"WC","N","20090619"
"6J","All","Lvs","chenopodium.opulifolium",NA,"WC","N","20090619"
"6J","All","Lvs","chenopodium.schraderianum",NA,"WC","N","20090619"
"6J","All","Lvs","commelina.spp",NA,"WC","N","20090619"
"6J","All","Lvs","commicarpus.pedunculosus",NA,"WC","N","20090619"
"6J","All","Lvs","conyza.sp",NA,"WC","N","20090619"
"6J","All","Lvs","corchorus.sp",NA,"WC","N","20090619"
"6J","All","Lvs","crotelaria.sp",NA,"WC","N","20090619"
"6J","All","Lvs","cyathula.orthacantha",NA,"WC","N","20090619"
"6J","All","Lvs","dyscoriste.radicans",NA,"WC","N","20090619"
"6J","All","Lvs","euphorbia.inaequilatera",NA,"WC","N","20090619"
"6J","All","Lvs","evolvulus.alsinoides",NA,"WC","N","20090619"
"6J","All","Lvs","fern",NA,"WC","N","20090619"
"6J","All","Lvs","gutenbergia.sp",NA,"WC","N","20090619"
"6J","All","Lvs","hermannia.uhligii",NA,"WC","N","20090619"
"6J","All","Lvs","hibiscus.flavifolius",NA,"WC","N","20090619"
"6J","All","Lvs","hibiscus.trionum",NA,"WC","N","20090619"
"6J","All","Lvs","indigofera.brevicalyx",NA,"WC","N","20090619"
"6J","All","Lvs","indigofera.schimperi",NA,"WC","N","20090619"
"6J","All","Lvs","ipomea.sinensis",NA,"WC","N","20090619"
"6J","All","Lvs","justicia.dichipteroides",NA,"WC","N","20090619"
"6J","All","Lvs","k",NA,"WC","N","20090619"
"6J","All","Lvs","kyllinga.sp",NA,"WC","N","20090619"
"6J","All","Lvs","leucas.glabrata",NA,"WC","N","20090619"
"6J","All","Lvs","leucas.martiniscensis",NA,"WC","N","20090619"
"6J","All","Lvs","lily.a",NA,"WC","N","20090619"
"6J","All","Lvs","lily.b",NA,"WC","N","20090619"
"6J","All","Lvs","lippia.javanica",NA,"WC","N","20090619"
"6J","All","Lvs","melhania.spp.",NA,"WC","N","20090619"
"6J","All","Lvs","misopates.orontium",NA,"WC","N","20090619"
"6J","All","Lvs","mollugo.nudicaulis",NA,"WC","N","20090619"
"6J","All","Lvs","monechima.debile",NA,"WC","N","20090619"
"6J","All","Lvs","monsonia.augustifolia",NA,"WC","N","20090619"
"6J","All","Lvs","ocimum.sp",NA,"WC","N","20090619"
"6J","All","Lvs","osteospermum.vaillantii",NA,"WC","N","20090619"
"6J","All","Lvs","oxygonum.sinuatum",NA,"WC","N","20090619"
"6J","All","Lvs","pavonia.patens",NA,"WC","N","20090619"
"6J","All","Lvs","pelargonium.alchemilloides",NA,"WC","N","20090619"
"6J","All","Lvs","pentanisia.ouranogyne",NA,"WC","N","20090619"
"6J","All","Lvs","phyllanthus.maderaspatensis",NA,"WC","N","20090619"
"6J","All","Lvs","plectranthus.spp",NA,"WC","N","20090619"
"6J","All","Lvs","pollichia.campestris",NA,"WC","N","20090619"
"6J","All","Lvs","polygala..l.",NA,"WC","N","20090619"
"6J","All","Lvs","polygala.sphenoptera",NA,"WC","N","20090619"
"6J","All","Lvs","portulaca.oleracea",NA,"WC","N","20090619"
"6J","All","Lvs","portulaca.quadrifida",NA,"WC","N","20090619"
"6J","All","Lvs","pseudognaphalium..helichrysum.glumaceum.",NA,"WC","N","20090619"
"6J","All","Lvs","psilotrichum.schimperi",NA,"WC","N","20090619"
"6J","All","Lvs","rhinacanthus.ndorensis",NA,"WC","N","20090619"
"6J","All","Lvs","rhynchosia.holstii",NA,"WC","N","20090619"
"6J","All","Lvs","schkuhria.pinnata",NA,"WC","N","20090619"
"6J","All","Lvs","sida.2",NA,"WC","N","20090619"
"6J","All","Lvs","sida.cuneifolia",NA,"WC","N","20090619"
"6J","All","Lvs","solanum.incanum",NA,"WC","N","20090619"
"6J","All","Lvs","solanum.indicum",NA,"WC","N","20090619"
"6J","All","Lvs","tribulus.terrestris",NA,"WC","N","20090619"
"6J","All","Lvs","u",NA,"WC","N","20090619"
"6J","All","Lvs","w",NA,"WC","N","20090619"
"6J","All","Lvs","x_4",NA,"WC","N","20090619"
"6J","All","Lvs","x_5",NA,"WC","N","20090619"
"6J","All","Lvs","x_6",NA,"WC","N","20090619"
"6J","All","Lvs","x_7",NA,"WC","N","20090619"
"6J","All","Lvs","x_8",NA,"WC","N","20090619"
"6J","All","Stm","bracharia.lacnantha",NA,"WC","N","20090619"
"6J","All","Stm","lintonia.nutans",NA,"WC","N","20090619"
"6J","All","Stm","pennisetum.mezianum",NA,"WC","N","20090619"
"6J","All","Stm","pennisetum.straminium",NA,"WC","N","20090619"
"6J","All","Stm","themeda.triandra",5,"WC","N","20090619"
"6J","All","Stm","bare",NA,"WC","N","20090619"
"6J","All","Stm","x_2",NA,"WC","N","20090619"
"6J","All","Stm","aristida.kenyensis",NA,"WC","N","20090619"
"6J","All","Stm","bothriochloa.insculpta",NA,"WC","N","20090619"
"6J","All","Stm","bracharia.3",NA,"WC","N","20090619"
"6J","All","Stm","bracharia.eruciformis",NA,"WC","N","20090619"
"6J","All","Stm","chloris.sp",NA,"WC","N","20090619"
"6J","All","Stm","cynodon.dactylon",NA,"WC","N","20090619"
"6J","All","Stm","cynodon.plectostachyus",NA,"WC","N","20090619"
"6J","All","Stm","cyperus...mariscus.spp",NA,"WC","N","20090619"
"6J","All","Stm","digitaria.2",NA,"WC","N","20090619"
"6J","All","Stm","digitaria.milanjiana",NA,"WC","N","20090619"
"6J","All","Stm","dinebra.retroflexa",NA,"WC","N","20090619"
"6J","All","Stm","eragrostis.tenuifolia",NA,"WC","N","20090619"
"6J","All","Stm","harpachne.schimperi",NA,"WC","N","20090619"
"6J","All","Stm","microchloa.kunthii",NA,"WC","N","20090619"
"6J","All","Stm","panicum.astrosanguinum",NA,"WC","N","20090619"
"6J","All","Stm","setaria.acromelaena..small.",NA,"WC","N","20090619"
"6J","All","Stm","setaria.sphaecealata..big.",NA,"WC","N","20090619"
"6J","All","Stm","sporobolus.pyramidalis",NA,"WC","N","20090619"
"6J","All","Stm","tragus.berteronianus",NA,"WC","N","20090619"
"6J","All","Stm","x_3",NA,"WC","N","20090619"
"6J","All","Stm","acalypha.crenata",NA,"WC","N","20090619"
"6J","All","Stm","aerva.lanata",NA,"WC","N","20090619"
"6J","All","Stm","amaranthus.hibridus",NA,"WC","N","20090619"
"6J","All","Stm","aspilia.pluriseta",NA,"WC","N","20090619"
"6J","All","Stm","asterolinon.adoense..v.",NA,"WC","N","20090619"
"6J","All","Stm","caralluma.acutangula",NA,"WC","N","20090619"
"6J","All","Stm","chenopodium.opulifolium",NA,"WC","N","20090619"
"6J","All","Stm","chenopodium.schraderianum",NA,"WC","N","20090619"
"6J","All","Stm","commelina.spp",NA,"WC","N","20090619"
"6J","All","Stm","commicarpus.pedunculosus",NA,"WC","N","20090619"
"6J","All","Stm","conyza.sp",NA,"WC","N","20090619"
"6J","All","Stm","corchorus.sp",NA,"WC","N","20090619"
"6J","All","Stm","crotelaria.sp",NA,"WC","N","20090619"
"6J","All","Stm","cyathula.orthacantha",NA,"WC","N","20090619"
"6J","All","Stm","dyscoriste.radicans",NA,"WC","N","20090619"
"6J","All","Stm","euphorbia.inaequilatera",NA,"WC","N","20090619"
"6J","All","Stm","evolvulus.alsinoides",NA,"WC","N","20090619"
"6J","All","Stm","fern",NA,"WC","N","20090619"
"6J","All","Stm","gutenbergia.sp",NA,"WC","N","20090619"
"6J","All","Stm","hermannia.uhligii",NA,"WC","N","20090619"
"6J","All","Stm","hibiscus.flavifolius",NA,"WC","N","20090619"
"6J","All","Stm","hibiscus.trionum",NA,"WC","N","20090619"
"6J","All","Stm","indigofera.brevicalyx",NA,"WC","N","20090619"
"6J","All","Stm","indigofera.schimperi",NA,"WC","N","20090619"
"6J","All","Stm","ipomea.sinensis",NA,"WC","N","20090619"
"6J","All","Stm","justicia.dichipteroides",NA,"WC","N","20090619"
"6J","All","Stm","k",NA,"WC","N","20090619"
"6J","All","Stm","kyllinga.sp",NA,"WC","N","20090619"
"6J","All","Stm","leucas.glabrata",NA,"WC","N","20090619"
"6J","All","Stm","leucas.martiniscensis",NA,"WC","N","20090619"
"6J","All","Stm","lily.a",NA,"WC","N","20090619"
"6J","All","Stm","lily.b",NA,"WC","N","20090619"
"6J","All","Stm","lippia.javanica",NA,"WC","N","20090619"
"6J","All","Stm","melhania.spp.",NA,"WC","N","20090619"
"6J","All","Stm","misopates.orontium",NA,"WC","N","20090619"
"6J","All","Stm","mollugo.nudicaulis",NA,"WC","N","20090619"
"6J","All","Stm","monechima.debile",NA,"WC","N","20090619"
"6J","All","Stm","monsonia.augustifolia",NA,"WC","N","20090619"
"6J","All","Stm","ocimum.sp",NA,"WC","N","20090619"
"6J","All","Stm","osteospermum.vaillantii",NA,"WC","N","20090619"
"6J","All","Stm","oxygonum.sinuatum",NA,"WC","N","20090619"
"6J","All","Stm","pavonia.patens",NA,"WC","N","20090619"
"6J","All","Stm","pelargonium.alchemilloides",NA,"WC","N","20090619"
"6J","All","Stm","pentanisia.ouranogyne",NA,"WC","N","20090619"
"6J","All","Stm","phyllanthus.maderaspatensis",NA,"WC","N","20090619"
"6J","All","Stm","plectranthus.spp",NA,"WC","N","20090619"
"6J","All","Stm","pollichia.campestris",NA,"WC","N","20090619"
"6J","All","Stm","polygala..l.",NA,"WC","N","20090619"
"6J","All","Stm","polygala.sphenoptera",NA,"WC","N","20090619"
"6J","All","Stm","portulaca.oleracea",NA,"WC","N","20090619"
"6J","All","Stm","portulaca.quadrifida",NA,"WC","N","20090619"
"6J","All","Stm","pseudognaphalium..helichrysum.glumaceum.",NA,"WC","N","20090619"
"6J","All","Stm","psilotrichum.schimperi",NA,"WC","N","20090619"
"6J","All","Stm","rhinacanthus.ndorensis",NA,"WC","N","20090619"
"6J","All","Stm","rhynchosia.holstii",NA,"WC","N","20090619"
"6J","All","Stm","schkuhria.pinnata",NA,"WC","N","20090619"
"6J","All","Stm","sida.2",NA,"WC","N","20090619"
"6J","All","Stm","sida.cuneifolia",1,"WC","N","20090619"
"6J","All","Stm","solanum.incanum",NA,"WC","N","20090619"
"6J","All","Stm","solanum.indicum",NA,"WC","N","20090619"
"6J","All","Stm","tribulus.terrestris",NA,"WC","N","20090619"
"6J","All","Stm","u",NA,"WC","N","20090619"
"6J","All","Stm","w",NA,"WC","N","20090619"
"6J","All","Stm","x_4",NA,"WC","N","20090619"
"6J","All","Stm","x_5",NA,"WC","N","20090619"
"6J","All","Stm","x_6",NA,"WC","N","20090619"
"6J","All","Stm","x_7",NA,"WC","N","20090619"
"6J","All","Stm","x_8",NA,"WC","N","20090619"
"6H","1st","","bracharia.lacnantha",3,"WC","N","20090619"
"6H","1st","","lintonia.nutans",NA,"WC","N","20090619"
"6H","1st","","pennisetum.mezianum",NA,"WC","N","20090619"
"6H","1st","","pennisetum.straminium",NA,"WC","N","20090619"
"6H","1st","","themeda.triandra",5,"WC","N","20090619"
"6H","1st","","bare",2,"WC","N","20090619"
"6H","1st","","x_2",NA,"WC","N","20090619"
"6H","1st","","aristida.kenyensis",NA,"WC","N","20090619"
"6H","1st","","bothriochloa.insculpta",NA,"WC","N","20090619"
"6H","1st","","bracharia.3",NA,"WC","N","20090619"
"6H","1st","","bracharia.eruciformis",NA,"WC","N","20090619"
"6H","1st","","chloris.sp",NA,"WC","N","20090619"
"6H","1st","","cynodon.dactylon",NA,"WC","N","20090619"
"6H","1st","","cynodon.plectostachyus",NA,"WC","N","20090619"
"6H","1st","","cyperus...mariscus.spp",NA,"WC","N","20090619"
"6H","1st","","digitaria.2",NA,"WC","N","20090619"
"6H","1st","","digitaria.milanjiana",NA,"WC","N","20090619"
"6H","1st","","dinebra.retroflexa",NA,"WC","N","20090619"
"6H","1st","","eragrostis.tenuifolia",NA,"WC","N","20090619"
"6H","1st","","harpachne.schimperi",NA,"WC","N","20090619"
"6H","1st","","microchloa.kunthii",NA,"WC","N","20090619"
"6H","1st","","panicum.astrosanguinum",NA,"WC","N","20090619"
"6H","1st","","setaria.acromelaena..small.",NA,"WC","N","20090619"
"6H","1st","","setaria.sphaecealata..big.",NA,"WC","N","20090619"
"6H","1st","","sporobolus.pyramidalis",NA,"WC","N","20090619"
"6H","1st","","tragus.berteronianus",NA,"WC","N","20090619"
"6H","1st","","x_3",NA,"WC","N","20090619"
"6H","1st","","acalypha.crenata",NA,"WC","N","20090619"
"6H","1st","","aerva.lanata",NA,"WC","N","20090619"
"6H","1st","","amaranthus.hibridus",NA,"WC","N","20090619"
"6H","1st","","aspilia.pluriseta",1,"WC","N","20090619"
"6H","1st","","asterolinon.adoense..v.",NA,"WC","N","20090619"
"6H","1st","","caralluma.acutangula",NA,"WC","N","20090619"
"6H","1st","","chenopodium.opulifolium",NA,"WC","N","20090619"
"6H","1st","","chenopodium.schraderianum",NA,"WC","N","20090619"
"6H","1st","","commelina.spp",NA,"WC","N","20090619"
"6H","1st","","commicarpus.pedunculosus",NA,"WC","N","20090619"
"6H","1st","","conyza.sp",NA,"WC","N","20090619"
"6H","1st","","corchorus.sp",NA,"WC","N","20090619"
"6H","1st","","crotelaria.sp",NA,"WC","N","20090619"
"6H","1st","","cyathula.orthacantha",NA,"WC","N","20090619"
"6H","1st","","dyscoriste.radicans",NA,"WC","N","20090619"
"6H","1st","","euphorbia.inaequilatera",NA,"WC","N","20090619"
"6H","1st","","evolvulus.alsinoides",NA,"WC","N","20090619"
"6H","1st","","fern",NA,"WC","N","20090619"
"6H","1st","","gutenbergia.sp",NA,"WC","N","20090619"
"6H","1st","","hermannia.uhligii",NA,"WC","N","20090619"
"6H","1st","","hibiscus.flavifolius",NA,"WC","N","20090619"
"6H","1st","","hibiscus.trionum",NA,"WC","N","20090619"
"6H","1st","","indigofera.brevicalyx",NA,"WC","N","20090619"
"6H","1st","","indigofera.schimperi",NA,"WC","N","20090619"
"6H","1st","","ipomea.sinensis",NA,"WC","N","20090619"
"6H","1st","","justicia.dichipteroides",NA,"WC","N","20090619"
"6H","1st","","k",NA,"WC","N","20090619"
"6H","1st","","kyllinga.sp",NA,"WC","N","20090619"
"6H","1st","","leucas.glabrata",NA,"WC","N","20090619"
"6H","1st","","leucas.martiniscensis",NA,"WC","N","20090619"
"6H","1st","","lily.a",NA,"WC","N","20090619"
"6H","1st","","lily.b",NA,"WC","N","20090619"
"6H","1st","","lippia.javanica",NA,"WC","N","20090619"
"6H","1st","","melhania.spp.",NA,"WC","N","20090619"
"6H","1st","","misopates.orontium",NA,"WC","N","20090619"
"6H","1st","","mollugo.nudicaulis",NA,"WC","N","20090619"
"6H","1st","","monechima.debile",NA,"WC","N","20090619"
"6H","1st","","monsonia.augustifolia",NA,"WC","N","20090619"
"6H","1st","","ocimum.sp",NA,"WC","N","20090619"
"6H","1st","","osteospermum.vaillantii",NA,"WC","N","20090619"
"6H","1st","","oxygonum.sinuatum",NA,"WC","N","20090619"
"6H","1st","","pavonia.patens",NA,"WC","N","20090619"
"6H","1st","","pelargonium.alchemilloides",NA,"WC","N","20090619"
"6H","1st","","pentanisia.ouranogyne",NA,"WC","N","20090619"
"6H","1st","","phyllanthus.maderaspatensis",NA,"WC","N","20090619"
"6H","1st","","plectranthus.spp",NA,"WC","N","20090619"
"6H","1st","","pollichia.campestris",NA,"WC","N","20090619"
"6H","1st","","polygala..l.",NA,"WC","N","20090619"
"6H","1st","","polygala.sphenoptera",NA,"WC","N","20090619"
"6H","1st","","portulaca.oleracea",NA,"WC","N","20090619"
"6H","1st","","portulaca.quadrifida",NA,"WC","N","20090619"
"6H","1st","","pseudognaphalium..helichrysum.glumaceum.",NA,"WC","N","20090619"
"6H","1st","","psilotrichum.schimperi",NA,"WC","N","20090619"
"6H","1st","","rhinacanthus.ndorensis",NA,"WC","N","20090619"
"6H","1st","","rhynchosia.holstii",NA,"WC","N","20090619"
"6H","1st","","schkuhria.pinnata",NA,"WC","N","20090619"
"6H","1st","","sida.2",NA,"WC","N","20090619"
"6H","1st","","sida.cuneifolia",NA,"WC","N","20090619"
"6H","1st","","solanum.incanum",NA,"WC","N","20090619"
"6H","1st","","solanum.indicum",NA,"WC","N","20090619"
"6H","1st","","tribulus.terrestris",NA,"WC","N","20090619"
"6H","1st","","u",NA,"WC","N","20090619"
"6H","1st","","w",NA,"WC","N","20090619"
"6H","1st","","x_4",NA,"WC","N","20090619"
"6H","1st","","x_5",NA,"WC","N","20090619"
"6H","1st","","x_6",NA,"WC","N","20090619"
"6H","1st","","x_7",NA,"WC","N","20090619"
"6H","1st","","x_8",NA,"WC","N","20090619"
"6H","All","Lvs","bracharia.lacnantha",3,"WC","N","20090619"
"6H","All","Lvs","lintonia.nutans",NA,"WC","N","20090619"
"6H","All","Lvs","pennisetum.mezianum",NA,"WC","N","20090619"
"6H","All","Lvs","pennisetum.straminium",NA,"WC","N","20090619"
"6H","All","Lvs","themeda.triandra",6,"WC","N","20090619"
"6H","All","Lvs","bare",NA,"WC","N","20090619"
"6H","All","Lvs","x_2",NA,"WC","N","20090619"
"6H","All","Lvs","aristida.kenyensis",NA,"WC","N","20090619"
"6H","All","Lvs","bothriochloa.insculpta",NA,"WC","N","20090619"
"6H","All","Lvs","bracharia.3",NA,"WC","N","20090619"
"6H","All","Lvs","bracharia.eruciformis",NA,"WC","N","20090619"
"6H","All","Lvs","chloris.sp",NA,"WC","N","20090619"
"6H","All","Lvs","cynodon.dactylon",NA,"WC","N","20090619"
"6H","All","Lvs","cynodon.plectostachyus",NA,"WC","N","20090619"
"6H","All","Lvs","cyperus...mariscus.spp",NA,"WC","N","20090619"
"6H","All","Lvs","digitaria.2",NA,"WC","N","20090619"
"6H","All","Lvs","digitaria.milanjiana",NA,"WC","N","20090619"
"6H","All","Lvs","dinebra.retroflexa",NA,"WC","N","20090619"
"6H","All","Lvs","eragrostis.tenuifolia",NA,"WC","N","20090619"
"6H","All","Lvs","harpachne.schimperi",NA,"WC","N","20090619"
"6H","All","Lvs","microchloa.kunthii",NA,"WC","N","20090619"
"6H","All","Lvs","panicum.astrosanguinum",NA,"WC","N","20090619"
"6H","All","Lvs","setaria.acromelaena..small.",NA,"WC","N","20090619"
"6H","All","Lvs","setaria.sphaecealata..big.",NA,"WC","N","20090619"
"6H","All","Lvs","sporobolus.pyramidalis",NA,"WC","N","20090619"
"6H","All","Lvs","tragus.berteronianus",NA,"WC","N","20090619"
"6H","All","Lvs","x_3",NA,"WC","N","20090619"
"6H","All","Lvs","acalypha.crenata",NA,"WC","N","20090619"
"6H","All","Lvs","aerva.lanata",NA,"WC","N","20090619"
"6H","All","Lvs","amaranthus.hibridus",NA,"WC","N","20090619"
"6H","All","Lvs","aspilia.pluriseta",NA,"WC","N","20090619"
"6H","All","Lvs","asterolinon.adoense..v.",NA,"WC","N","20090619"
"6H","All","Lvs","caralluma.acutangula",NA,"WC","N","20090619"
"6H","All","Lvs","chenopodium.opulifolium",NA,"WC","N","20090619"
"6H","All","Lvs","chenopodium.schraderianum",NA,"WC","N","20090619"
"6H","All","Lvs","commelina.spp",NA,"WC","N","20090619"
"6H","All","Lvs","commicarpus.pedunculosus",NA,"WC","N","20090619"
"6H","All","Lvs","conyza.sp",NA,"WC","N","20090619"
"6H","All","Lvs","corchorus.sp",NA,"WC","N","20090619"
"6H","All","Lvs","crotelaria.sp",NA,"WC","N","20090619"
"6H","All","Lvs","cyathula.orthacantha",NA,"WC","N","20090619"
"6H","All","Lvs","dyscoriste.radicans",NA,"WC","N","20090619"
"6H","All","Lvs","euphorbia.inaequilatera",NA,"WC","N","20090619"
"6H","All","Lvs","evolvulus.alsinoides",NA,"WC","N","20090619"
"6H","All","Lvs","fern",NA,"WC","N","20090619"
"6H","All","Lvs","gutenbergia.sp",NA,"WC","N","20090619"
"6H","All","Lvs","hermannia.uhligii",NA,"WC","N","20090619"
"6H","All","Lvs","hibiscus.flavifolius",NA,"WC","N","20090619"
"6H","All","Lvs","hibiscus.trionum",NA,"WC","N","20090619"
"6H","All","Lvs","indigofera.brevicalyx",NA,"WC","N","20090619"
"6H","All","Lvs","indigofera.schimperi",NA,"WC","N","20090619"
"6H","All","Lvs","ipomea.sinensis",NA,"WC","N","20090619"
"6H","All","Lvs","justicia.dichipteroides",NA,"WC","N","20090619"
"6H","All","Lvs","k",NA,"WC","N","20090619"
"6H","All","Lvs","kyllinga.sp",NA,"WC","N","20090619"
"6H","All","Lvs","leucas.glabrata",NA,"WC","N","20090619"
"6H","All","Lvs","leucas.martiniscensis",NA,"WC","N","20090619"
"6H","All","Lvs","lily.a",NA,"WC","N","20090619"
"6H","All","Lvs","lily.b",NA,"WC","N","20090619"
"6H","All","Lvs","lippia.javanica",NA,"WC","N","20090619"
"6H","All","Lvs","melhania.spp.",NA,"WC","N","20090619"
"6H","All","Lvs","misopates.orontium",NA,"WC","N","20090619"
"6H","All","Lvs","mollugo.nudicaulis",NA,"WC","N","20090619"
"6H","All","Lvs","monechima.debile",NA,"WC","N","20090619"
"6H","All","Lvs","monsonia.augustifolia",NA,"WC","N","20090619"
"6H","All","Lvs","ocimum.sp",NA,"WC","N","20090619"
"6H","All","Lvs","osteospermum.vaillantii",NA,"WC","N","20090619"
"6H","All","Lvs","oxygonum.sinuatum",NA,"WC","N","20090619"
"6H","All","Lvs","pavonia.patens",NA,"WC","N","20090619"
"6H","All","Lvs","pelargonium.alchemilloides",NA,"WC","N","20090619"
"6H","All","Lvs","pentanisia.ouranogyne",NA,"WC","N","20090619"
"6H","All","Lvs","phyllanthus.maderaspatensis",NA,"WC","N","20090619"
"6H","All","Lvs","plectranthus.spp",NA,"WC","N","20090619"
"6H","All","Lvs","pollichia.campestris",NA,"WC","N","20090619"
"6H","All","Lvs","polygala..l.",NA,"WC","N","20090619"
"6H","All","Lvs","polygala.sphenoptera",NA,"WC","N","20090619"
"6H","All","Lvs","portulaca.oleracea",NA,"WC","N","20090619"
"6H","All","Lvs","portulaca.quadrifida",NA,"WC","N","20090619"
"6H","All","Lvs","pseudognaphalium..helichrysum.glumaceum.",NA,"WC","N","20090619"
"6H","All","Lvs","psilotrichum.schimperi",NA,"WC","N","20090619"
"6H","All","Lvs","rhinacanthus.ndorensis",NA,"WC","N","20090619"
"6H","All","Lvs","rhynchosia.holstii",NA,"WC","N","20090619"
"6H","All","Lvs","schkuhria.pinnata",NA,"WC","N","20090619"
"6H","All","Lvs","sida.2",NA,"WC","N","20090619"
"6H","All","Lvs","sida.cuneifolia",NA,"WC","N","20090619"
"6H","All","Lvs","solanum.incanum",NA,"WC","N","20090619"
"6H","All","Lvs","solanum.indicum",NA,"WC","N","20090619"
"6H","All","Lvs","tribulus.terrestris",NA,"WC","N","20090619"
"6H","All","Lvs","u",NA,"WC","N","20090619"
"6H","All","Lvs","w",NA,"WC","N","20090619"
"6H","All","Lvs","x_4",NA,"WC","N","20090619"
"6H","All","Lvs","x_5",NA,"WC","N","20090619"
"6H","All","Lvs","x_6",NA,"WC","N","20090619"
"6H","All","Lvs","x_7",NA,"WC","N","20090619"
"6H","All","Lvs","x_8",NA,"WC","N","20090619"
"6H","All","Stm","bracharia.lacnantha",NA,"WC","N","20090619"
"6H","All","Stm","lintonia.nutans",NA,"WC","N","20090619"
"6H","All","Stm","pennisetum.mezianum",NA,"WC","N","20090619"
"6H","All","Stm","pennisetum.straminium",NA,"WC","N","20090619"
"6H","All","Stm","themeda.triandra",4,"WC","N","20090619"
"6H","All","Stm","bare",NA,"WC","N","20090619"
"6H","All","Stm","x_2",NA,"WC","N","20090619"
"6H","All","Stm","aristida.kenyensis",NA,"WC","N","20090619"
"6H","All","Stm","bothriochloa.insculpta",NA,"WC","N","20090619"
"6H","All","Stm","bracharia.3",NA,"WC","N","20090619"
"6H","All","Stm","bracharia.eruciformis",NA,"WC","N","20090619"
"6H","All","Stm","chloris.sp",NA,"WC","N","20090619"
"6H","All","Stm","cynodon.dactylon",NA,"WC","N","20090619"
"6H","All","Stm","cynodon.plectostachyus",NA,"WC","N","20090619"
"6H","All","Stm","cyperus...mariscus.spp",NA,"WC","N","20090619"
"6H","All","Stm","digitaria.2",NA,"WC","N","20090619"
"6H","All","Stm","digitaria.milanjiana",NA,"WC","N","20090619"
"6H","All","Stm","dinebra.retroflexa",NA,"WC","N","20090619"
"6H","All","Stm","eragrostis.tenuifolia",NA,"WC","N","20090619"
"6H","All","Stm","harpachne.schimperi",NA,"WC","N","20090619"
"6H","All","Stm","microchloa.kunthii",NA,"WC","N","20090619"
"6H","All","Stm","panicum.astrosanguinum",NA,"WC","N","20090619"
"6H","All","Stm","setaria.acromelaena..small.",NA,"WC","N","20090619"
"6H","All","Stm","setaria.sphaecealata..big.",NA,"WC","N","20090619"
"6H","All","Stm","sporobolus.pyramidalis",NA,"WC","N","20090619"
"6H","All","Stm","tragus.berteronianus",NA,"WC","N","20090619"
"6H","All","Stm","x_3",NA,"WC","N","20090619"
"6H","All","Stm","acalypha.crenata",NA,"WC","N","20090619"
"6H","All","Stm","aerva.lanata",NA,"WC","N","20090619"
"6H","All","Stm","amaranthus.hibridus",NA,"WC","N","20090619"
"6H","All","Stm","aspilia.pluriseta",3,"WC","N","20090619"
"6H","All","Stm","asterolinon.adoense..v.",NA,"WC","N","20090619"
"6H","All","Stm","caralluma.acutangula",NA,"WC","N","20090619"
"6H","All","Stm","chenopodium.opulifolium",NA,"WC","N","20090619"
"6H","All","Stm","chenopodium.schraderianum",NA,"WC","N","20090619"
"6H","All","Stm","commelina.spp",NA,"WC","N","20090619"
"6H","All","Stm","commicarpus.pedunculosus",NA,"WC","N","20090619"
"6H","All","Stm","conyza.sp",NA,"WC","N","20090619"
"6H","All","Stm","corchorus.sp",NA,"WC","N","20090619"
"6H","All","Stm","crotelaria.sp",NA,"WC","N","20090619"
"6H","All","Stm","cyathula.orthacantha",NA,"WC","N","20090619"
"6H","All","Stm","dyscoriste.radicans",NA,"WC","N","20090619"
"6H","All","Stm","euphorbia.inaequilatera",NA,"WC","N","20090619"
"6H","All","Stm","evolvulus.alsinoides",NA,"WC","N","20090619"
"6H","All","Stm","fern",NA,"WC","N","20090619"
"6H","All","Stm","gutenbergia.sp",NA,"WC","N","20090619"
"6H","All","Stm","hermannia.uhligii",NA,"WC","N","20090619"
"6H","All","Stm","hibiscus.flavifolius",NA,"WC","N","20090619"
"6H","All","Stm","hibiscus.trionum",NA,"WC","N","20090619"
"6H","All","Stm","indigofera.brevicalyx",NA,"WC","N","20090619"
"6H","All","Stm","indigofera.schimperi",NA,"WC","N","20090619"
"6H","All","Stm","ipomea.sinensis",NA,"WC","N","20090619"
"6H","All","Stm","justicia.dichipteroides",NA,"WC","N","20090619"
"6H","All","Stm","k",NA,"WC","N","20090619"
"6H","All","Stm","kyllinga.sp",NA,"WC","N","20090619"
"6H","All","Stm","leucas.glabrata",NA,"WC","N","20090619"
"6H","All","Stm","leucas.martiniscensis",NA,"WC","N","20090619"
"6H","All","Stm","lily.a",NA,"WC","N","20090619"
"6H","All","Stm","lily.b",NA,"WC","N","20090619"
"6H","All","Stm","lippia.javanica",NA,"WC","N","20090619"
"6H","All","Stm","melhania.spp.",NA,"WC","N","20090619"
"6H","All","Stm","misopates.orontium",NA,"WC","N","20090619"
"6H","All","Stm","mollugo.nudicaulis",NA,"WC","N","20090619"
"6H","All","Stm","monechima.debile",NA,"WC","N","20090619"
"6H","All","Stm","monsonia.augustifolia",NA,"WC","N","20090619"
"6H","All","Stm","ocimum.sp",NA,"WC","N","20090619"
"6H","All","Stm","osteospermum.vaillantii",NA,"WC","N","20090619"
"6H","All","Stm","oxygonum.sinuatum",NA,"WC","N","20090619"
"6H","All","Stm","pavonia.patens",NA,"WC","N","20090619"
"6H","All","Stm","pelargonium.alchemilloides",NA,"WC","N","20090619"
"6H","All","Stm","pentanisia.ouranogyne",NA,"WC","N","20090619"
"6H","All","Stm","phyllanthus.maderaspatensis",NA,"WC","N","20090619"
"6H","All","Stm","plectranthus.spp",NA,"WC","N","20090619"
"6H","All","Stm","pollichia.campestris",NA,"WC","N","20090619"
"6H","All","Stm","polygala..l.",NA,"WC","N","20090619"
"6H","All","Stm","polygala.sphenoptera",NA,"WC","N","20090619"
"6H","All","Stm","portulaca.oleracea",NA,"WC","N","20090619"
"6H","All","Stm","portulaca.quadrifida",NA,"WC","N","20090619"
"6H","All","Stm","pseudognaphalium..helichrysum.glumaceum.",NA,"WC","N","20090619"
"6H","All","Stm","psilotrichum.schimperi",NA,"WC","N","20090619"
"6H","All","Stm","rhinacanthus.ndorensis",NA,"WC","N","20090619"
"6H","All","Stm","rhynchosia.holstii",NA,"WC","N","20090619"
"6H","All","Stm","schkuhria.pinnata",NA,"WC","N","20090619"
"6H","All","Stm","sida.2",NA,"WC","N","20090619"
"6H","All","Stm","sida.cuneifolia",NA,"WC","N","20090619"
"6H","All","Stm","solanum.incanum",NA,"WC","N","20090619"
"6H","All","Stm","solanum.indicum",NA,"WC","N","20090619"
"6H","All","Stm","tribulus.terrestris",NA,"WC","N","20090619"
"6H","All","Stm","u",NA,"WC","N","20090619"
"6H","All","Stm","w",NA,"WC","N","20090619"
"6H","All","Stm","x_4",NA,"WC","N","20090619"
"6H","All","Stm","x_5",NA,"WC","N","20090619"
"6H","All","Stm","x_6",NA,"WC","N","20090619"
"6H","All","Stm","x_7",NA,"WC","N","20090619"
"6H","All","Stm","x_8",NA,"WC","N","20090619"
"6F","1st","","bracharia.lacnantha",NA,"WC","N","20090619"
"6F","1st","","lintonia.nutans",NA,"WC","N","20090619"
"6F","1st","","pennisetum.mezianum",NA,"WC","N","20090619"
"6F","1st","","pennisetum.straminium",NA,"WC","N","20090619"
"6F","1st","","themeda.triandra",5,"WC","N","20090619"
"6F","1st","","bare",5,"WC","N","20090619"
"6F","1st","","x_2",NA,"WC","N","20090619"
"6F","1st","","aristida.kenyensis",NA,"WC","N","20090619"
"6F","1st","","bothriochloa.insculpta",NA,"WC","N","20090619"
"6F","1st","","bracharia.3",NA,"WC","N","20090619"
"6F","1st","","bracharia.eruciformis",NA,"WC","N","20090619"
"6F","1st","","chloris.sp",NA,"WC","N","20090619"
"6F","1st","","cynodon.dactylon",NA,"WC","N","20090619"
"6F","1st","","cynodon.plectostachyus",NA,"WC","N","20090619"
"6F","1st","","cyperus...mariscus.spp",NA,"WC","N","20090619"
"6F","1st","","digitaria.2",NA,"WC","N","20090619"
"6F","1st","","digitaria.milanjiana",NA,"WC","N","20090619"
"6F","1st","","dinebra.retroflexa",NA,"WC","N","20090619"
"6F","1st","","eragrostis.tenuifolia",NA,"WC","N","20090619"
"6F","1st","","harpachne.schimperi",NA,"WC","N","20090619"
"6F","1st","","microchloa.kunthii",NA,"WC","N","20090619"
"6F","1st","","panicum.astrosanguinum",NA,"WC","N","20090619"
"6F","1st","","setaria.acromelaena..small.",NA,"WC","N","20090619"
"6F","1st","","setaria.sphaecealata..big.",NA,"WC","N","20090619"
"6F","1st","","sporobolus.pyramidalis",NA,"WC","N","20090619"
"6F","1st","","tragus.berteronianus",NA,"WC","N","20090619"
"6F","1st","","x_3",NA,"WC","N","20090619"
"6F","1st","","acalypha.crenata",NA,"WC","N","20090619"
"6F","1st","","aerva.lanata",NA,"WC","N","20090619"
"6F","1st","","amaranthus.hibridus",NA,"WC","N","20090619"
"6F","1st","","aspilia.pluriseta",NA,"WC","N","20090619"
"6F","1st","","asterolinon.adoense..v.",NA,"WC","N","20090619"
"6F","1st","","caralluma.acutangula",NA,"WC","N","20090619"
"6F","1st","","chenopodium.opulifolium",NA,"WC","N","20090619"
"6F","1st","","chenopodium.schraderianum",NA,"WC","N","20090619"
"6F","1st","","commelina.spp",NA,"WC","N","20090619"
"6F","1st","","commicarpus.pedunculosus",NA,"WC","N","20090619"
"6F","1st","","conyza.sp",NA,"WC","N","20090619"
"6F","1st","","corchorus.sp",NA,"WC","N","20090619"
"6F","1st","","crotelaria.sp",NA,"WC","N","20090619"
"6F","1st","","cyathula.orthacantha",NA,"WC","N","20090619"
"6F","1st","","dyscoriste.radicans",NA,"WC","N","20090619"
"6F","1st","","euphorbia.inaequilatera",NA,"WC","N","20090619"
"6F","1st","","evolvulus.alsinoides",NA,"WC","N","20090619"
"6F","1st","","fern",NA,"WC","N","20090619"
"6F","1st","","gutenbergia.sp",NA,"WC","N","20090619"
"6F","1st","","hermannia.uhligii",NA,"WC","N","20090619"
"6F","1st","","hibiscus.flavifolius",NA,"WC","N","20090619"
"6F","1st","","hibiscus.trionum",NA,"WC","N","20090619"
"6F","1st","","indigofera.brevicalyx",NA,"WC","N","20090619"
"6F","1st","","indigofera.schimperi",NA,"WC","N","20090619"
"6F","1st","","ipomea.sinensis",NA,"WC","N","20090619"
"6F","1st","","justicia.dichipteroides",NA,"WC","N","20090619"
"6F","1st","","k",NA,"WC","N","20090619"
"6F","1st","","kyllinga.sp",NA,"WC","N","20090619"
"6F","1st","","leucas.glabrata",NA,"WC","N","20090619"
"6F","1st","","leucas.martiniscensis",NA,"WC","N","20090619"
"6F","1st","","lily.a",NA,"WC","N","20090619"
"6F","1st","","lily.b",NA,"WC","N","20090619"
"6F","1st","","lippia.javanica",NA,"WC","N","20090619"
"6F","1st","","melhania.spp.",NA,"WC","N","20090619"
"6F","1st","","misopates.orontium",NA,"WC","N","20090619"
"6F","1st","","mollugo.nudicaulis",NA,"WC","N","20090619"
"6F","1st","","monechima.debile",NA,"WC","N","20090619"
"6F","1st","","monsonia.augustifolia",NA,"WC","N","20090619"
"6F","1st","","ocimum.sp",NA,"WC","N","20090619"
"6F","1st","","osteospermum.vaillantii",NA,"WC","N","20090619"
"6F","1st","","oxygonum.sinuatum",NA,"WC","N","20090619"
"6F","1st","","pavonia.patens",NA,"WC","N","20090619"
"6F","1st","","pelargonium.alchemilloides",NA,"WC","N","20090619"
"6F","1st","","pentanisia.ouranogyne",NA,"WC","N","20090619"
"6F","1st","","phyllanthus.maderaspatensis",NA,"WC","N","20090619"
"6F","1st","","plectranthus.spp",NA,"WC","N","20090619"
"6F","1st","","pollichia.campestris",NA,"WC","N","20090619"
"6F","1st","","polygala..l.",NA,"WC","N","20090619"
"6F","1st","","polygala.sphenoptera",NA,"WC","N","20090619"
"6F","1st","","portulaca.oleracea",NA,"WC","N","20090619"
"6F","1st","","portulaca.quadrifida",NA,"WC","N","20090619"
"6F","1st","","pseudognaphalium..helichrysum.glumaceum.",NA,"WC","N","20090619"
"6F","1st","","psilotrichum.schimperi",NA,"WC","N","20090619"
"6F","1st","","rhinacanthus.ndorensis",NA,"WC","N","20090619"
"6F","1st","","rhynchosia.holstii",NA,"WC","N","20090619"
"6F","1st","","schkuhria.pinnata",NA,"WC","N","20090619"
"6F","1st","","sida.2",NA,"WC","N","20090619"
"6F","1st","","sida.cuneifolia",NA,"WC","N","20090619"
"6F","1st","","solanum.incanum",NA,"WC","N","20090619"
"6F","1st","","solanum.indicum",NA,"WC","N","20090619"
"6F","1st","","tribulus.terrestris",NA,"WC","N","20090619"
"6F","1st","","u",NA,"WC","N","20090619"
"6F","1st","","w",NA,"WC","N","20090619"
"6F","1st","","x_4",NA,"WC","N","20090619"
"6F","1st","","x_5",NA,"WC","N","20090619"
"6F","1st","","x_6",NA,"WC","N","20090619"
"6F","1st","","x_7",NA,"WC","N","20090619"
"6F","1st","","x_8",NA,"WC","N","20090619"
"6F","All","Lvs","bracharia.lacnantha",NA,"WC","N","20090619"
"6F","All","Lvs","lintonia.nutans",NA,"WC","N","20090619"
"6F","All","Lvs","pennisetum.mezianum",NA,"WC","N","20090619"
"6F","All","Lvs","pennisetum.straminium",NA,"WC","N","20090619"
"6F","All","Lvs","themeda.triandra",18,"WC","N","20090619"
"6F","All","Lvs","bare",NA,"WC","N","20090619"
"6F","All","Lvs","x_2",NA,"WC","N","20090619"
"6F","All","Lvs","aristida.kenyensis",NA,"WC","N","20090619"
"6F","All","Lvs","bothriochloa.insculpta",NA,"WC","N","20090619"
"6F","All","Lvs","bracharia.3",NA,"WC","N","20090619"
"6F","All","Lvs","bracharia.eruciformis",NA,"WC","N","20090619"
"6F","All","Lvs","chloris.sp",NA,"WC","N","20090619"
"6F","All","Lvs","cynodon.dactylon",NA,"WC","N","20090619"
"6F","All","Lvs","cynodon.plectostachyus",NA,"WC","N","20090619"
"6F","All","Lvs","cyperus...mariscus.spp",NA,"WC","N","20090619"
"6F","All","Lvs","digitaria.2",NA,"WC","N","20090619"
"6F","All","Lvs","digitaria.milanjiana",NA,"WC","N","20090619"
"6F","All","Lvs","dinebra.retroflexa",NA,"WC","N","20090619"
"6F","All","Lvs","eragrostis.tenuifolia",NA,"WC","N","20090619"
"6F","All","Lvs","harpachne.schimperi",NA,"WC","N","20090619"
"6F","All","Lvs","microchloa.kunthii",NA,"WC","N","20090619"
"6F","All","Lvs","panicum.astrosanguinum",NA,"WC","N","20090619"
"6F","All","Lvs","setaria.acromelaena..small.",NA,"WC","N","20090619"
"6F","All","Lvs","setaria.sphaecealata..big.",NA,"WC","N","20090619"
"6F","All","Lvs","sporobolus.pyramidalis",NA,"WC","N","20090619"
"6F","All","Lvs","tragus.berteronianus",NA,"WC","N","20090619"
"6F","All","Lvs","x_3",NA,"WC","N","20090619"
"6F","All","Lvs","acalypha.crenata",NA,"WC","N","20090619"
"6F","All","Lvs","aerva.lanata",NA,"WC","N","20090619"
"6F","All","Lvs","amaranthus.hibridus",NA,"WC","N","20090619"
"6F","All","Lvs","aspilia.pluriseta",NA,"WC","N","20090619"
"6F","All","Lvs","asterolinon.adoense..v.",NA,"WC","N","20090619"
"6F","All","Lvs","caralluma.acutangula",NA,"WC","N","20090619"
"6F","All","Lvs","chenopodium.opulifolium",NA,"WC","N","20090619"
"6F","All","Lvs","chenopodium.schraderianum",NA,"WC","N","20090619"
"6F","All","Lvs","commelina.spp",NA,"WC","N","20090619"
"6F","All","Lvs","commicarpus.pedunculosus",NA,"WC","N","20090619"
"6F","All","Lvs","conyza.sp",NA,"WC","N","20090619"
"6F","All","Lvs","corchorus.sp",NA,"WC","N","20090619"
"6F","All","Lvs","crotelaria.sp",NA,"WC","N","20090619"
"6F","All","Lvs","cyathula.orthacantha",NA,"WC","N","20090619"
"6F","All","Lvs","dyscoriste.radicans",NA,"WC","N","20090619"
"6F","All","Lvs","euphorbia.inaequilatera",NA,"WC","N","20090619"
"6F","All","Lvs","evolvulus.alsinoides",NA,"WC","N","20090619"
"6F","All","Lvs","fern",NA,"WC","N","20090619"
"6F","All","Lvs","gutenbergia.sp",NA,"WC","N","20090619"
"6F","All","Lvs","hermannia.uhligii",NA,"WC","N","20090619"
"6F","All","Lvs","hibiscus.flavifolius",NA,"WC","N","20090619"
"6F","All","Lvs","hibiscus.trionum",NA,"WC","N","20090619"
"6F","All","Lvs","indigofera.brevicalyx",NA,"WC","N","20090619"
"6F","All","Lvs","indigofera.schimperi",NA,"WC","N","20090619"
"6F","All","Lvs","ipomea.sinensis",NA,"WC","N","20090619"
"6F","All","Lvs","justicia.dichipteroides",NA,"WC","N","20090619"
"6F","All","Lvs","k",NA,"WC","N","20090619"
"6F","All","Lvs","kyllinga.sp",NA,"WC","N","20090619"
"6F","All","Lvs","leucas.glabrata",NA,"WC","N","20090619"
"6F","All","Lvs","leucas.martiniscensis",NA,"WC","N","20090619"
"6F","All","Lvs","lily.a",NA,"WC","N","20090619"
"6F","All","Lvs","lily.b",NA,"WC","N","20090619"
"6F","All","Lvs","lippia.javanica",NA,"WC","N","20090619"
"6F","All","Lvs","melhania.spp.",NA,"WC","N","20090619"
"6F","All","Lvs","misopates.orontium",NA,"WC","N","20090619"
"6F","All","Lvs","mollugo.nudicaulis",NA,"WC","N","20090619"
"6F","All","Lvs","monechima.debile",NA,"WC","N","20090619"
"6F","All","Lvs","monsonia.augustifolia",NA,"WC","N","20090619"
"6F","All","Lvs","ocimum.sp",NA,"WC","N","20090619"
"6F","All","Lvs","osteospermum.vaillantii",NA,"WC","N","20090619"
"6F","All","Lvs","oxygonum.sinuatum",NA,"WC","N","20090619"
"6F","All","Lvs","pavonia.patens",NA,"WC","N","20090619"
"6F","All","Lvs","pelargonium.alchemilloides",NA,"WC","N","20090619"
"6F","All","Lvs","pentanisia.ouranogyne",NA,"WC","N","20090619"
"6F","All","Lvs","phyllanthus.maderaspatensis",NA,"WC","N","20090619"
"6F","All","Lvs","plectranthus.spp",NA,"WC","N","20090619"
"6F","All","Lvs","pollichia.campestris",NA,"WC","N","20090619"
"6F","All","Lvs","polygala..l.",NA,"WC","N","20090619"
"6F","All","Lvs","polygala.sphenoptera",NA,"WC","N","20090619"
"6F","All","Lvs","portulaca.oleracea",NA,"WC","N","20090619"
"6F","All","Lvs","portulaca.quadrifida",NA,"WC","N","20090619"
"6F","All","Lvs","pseudognaphalium..helichrysum.glumaceum.",NA,"WC","N","20090619"
"6F","All","Lvs","psilotrichum.schimperi",NA,"WC","N","20090619"
"6F","All","Lvs","rhinacanthus.ndorensis",NA,"WC","N","20090619"
"6F","All","Lvs","rhynchosia.holstii",NA,"WC","N","20090619"
"6F","All","Lvs","schkuhria.pinnata",NA,"WC","N","20090619"
"6F","All","Lvs","sida.2",NA,"WC","N","20090619"
"6F","All","Lvs","sida.cuneifolia",NA,"WC","N","20090619"
"6F","All","Lvs","solanum.incanum",NA,"WC","N","20090619"
"6F","All","Lvs","solanum.indicum",NA,"WC","N","20090619"
"6F","All","Lvs","tribulus.terrestris",NA,"WC","N","20090619"
"6F","All","Lvs","u",NA,"WC","N","20090619"
"6F","All","Lvs","w",NA,"WC","N","20090619"
"6F","All","Lvs","x_4",NA,"WC","N","20090619"
"6F","All","Lvs","x_5",NA,"WC","N","20090619"
"6F","All","Lvs","x_6",NA,"WC","N","20090619"
"6F","All","Lvs","x_7",NA,"WC","N","20090619"
"6F","All","Lvs","x_8",NA,"WC","N","20090619"
"6F","All","Stm","bracharia.lacnantha",NA,"WC","N","20090619"
"6F","All","Stm","lintonia.nutans",NA,"WC","N","20090619"
"6F","All","Stm","pennisetum.mezianum",NA,"WC","N","20090619"
"6F","All","Stm","pennisetum.straminium",NA,"WC","N","20090619"
"6F","All","Stm","themeda.triandra",9,"WC","N","20090619"
"6F","All","Stm","bare",NA,"WC","N","20090619"
"6F","All","Stm","x_2",NA,"WC","N","20090619"
"6F","All","Stm","aristida.kenyensis",NA,"WC","N","20090619"
"6F","All","Stm","bothriochloa.insculpta",NA,"WC","N","20090619"
"6F","All","Stm","bracharia.3",NA,"WC","N","20090619"
"6F","All","Stm","bracharia.eruciformis",NA,"WC","N","20090619"
"6F","All","Stm","chloris.sp",NA,"WC","N","20090619"
"6F","All","Stm","cynodon.dactylon",NA,"WC","N","20090619"
"6F","All","Stm","cynodon.plectostachyus",NA,"WC","N","20090619"
"6F","All","Stm","cyperus...mariscus.spp",NA,"WC","N","20090619"
"6F","All","Stm","digitaria.2",NA,"WC","N","20090619"
"6F","All","Stm","digitaria.milanjiana",NA,"WC","N","20090619"
"6F","All","Stm","dinebra.retroflexa",NA,"WC","N","20090619"
"6F","All","Stm","eragrostis.tenuifolia",NA,"WC","N","20090619"
"6F","All","Stm","harpachne.schimperi",NA,"WC","N","20090619"
"6F","All","Stm","microchloa.kunthii",NA,"WC","N","20090619"
"6F","All","Stm","panicum.astrosanguinum",NA,"WC","N","20090619"
"6F","All","Stm","setaria.acromelaena..small.",NA,"WC","N","20090619"
"6F","All","Stm","setaria.sphaecealata..big.",NA,"WC","N","20090619"
"6F","All","Stm","sporobolus.pyramidalis",NA,"WC","N","20090619"
"6F","All","Stm","tragus.berteronianus",NA,"WC","N","20090619"
"6F","All","Stm","x_3",NA,"WC","N","20090619"
"6F","All","Stm","acalypha.crenata",NA,"WC","N","20090619"
"6F","All","Stm","aerva.lanata",NA,"WC","N","20090619"
"6F","All","Stm","amaranthus.hibridus",NA,"WC","N","20090619"
"6F","All","Stm","aspilia.pluriseta",NA,"WC","N","20090619"
"6F","All","Stm","asterolinon.adoense..v.",NA,"WC","N","20090619"
"6F","All","Stm","caralluma.acutangula",NA,"WC","N","20090619"
"6F","All","Stm","chenopodium.opulifolium",NA,"WC","N","20090619"
"6F","All","Stm","chenopodium.schraderianum",NA,"WC","N","20090619"
"6F","All","Stm","commelina.spp",NA,"WC","N","20090619"
"6F","All","Stm","commicarpus.pedunculosus",NA,"WC","N","20090619"
"6F","All","Stm","conyza.sp",NA,"WC","N","20090619"
"6F","All","Stm","corchorus.sp",NA,"WC","N","20090619"
"6F","All","Stm","crotelaria.sp",NA,"WC","N","20090619"
"6F","All","Stm","cyathula.orthacantha",NA,"WC","N","20090619"
"6F","All","Stm","dyscoriste.radicans",NA,"WC","N","20090619"
"6F","All","Stm","euphorbia.inaequilatera",NA,"WC","N","20090619"
"6F","All","Stm","evolvulus.alsinoides",NA,"WC","N","20090619"
"6F","All","Stm","fern",NA,"WC","N","20090619"
"6F","All","Stm","gutenbergia.sp",NA,"WC","N","20090619"
"6F","All","Stm","hermannia.uhligii",NA,"WC","N","20090619"
"6F","All","Stm","hibiscus.flavifolius",NA,"WC","N","20090619"
"6F","All","Stm","hibiscus.trionum",NA,"WC","N","20090619"
"6F","All","Stm","indigofera.brevicalyx",NA,"WC","N","20090619"
"6F","All","Stm","indigofera.schimperi",NA,"WC","N","20090619"
"6F","All","Stm","ipomea.sinensis",NA,"WC","N","20090619"
"6F","All","Stm","justicia.dichipteroides",NA,"WC","N","20090619"
"6F","All","Stm","k",NA,"WC","N","20090619"
"6F","All","Stm","kyllinga.sp",NA,"WC","N","20090619"
"6F","All","Stm","leucas.glabrata",NA,"WC","N","20090619"
"6F","All","Stm","leucas.martiniscensis",NA,"WC","N","20090619"
"6F","All","Stm","lily.a",NA,"WC","N","20090619"
"6F","All","Stm","lily.b",NA,"WC","N","20090619"
"6F","All","Stm","lippia.javanica",NA,"WC","N","20090619"
"6F","All","Stm","melhania.spp.",NA,"WC","N","20090619"
"6F","All","Stm","misopates.orontium",NA,"WC","N","20090619"
"6F","All","Stm","mollugo.nudicaulis",NA,"WC","N","20090619"
"6F","All","Stm","monechima.debile",NA,"WC","N","20090619"
"6F","All","Stm","monsonia.augustifolia",NA,"WC","N","20090619"
"6F","All","Stm","ocimum.sp",NA,"WC","N","20090619"
"6F","All","Stm","osteospermum.vaillantii",NA,"WC","N","20090619"
"6F","All","Stm","oxygonum.sinuatum",NA,"WC","N","20090619"
"6F","All","Stm","pavonia.patens",NA,"WC","N","20090619"
"6F","All","Stm","pelargonium.alchemilloides",NA,"WC","N","20090619"
"6F","All","Stm","pentanisia.ouranogyne",NA,"WC","N","20090619"
"6F","All","Stm","phyllanthus.maderaspatensis",NA,"WC","N","20090619"
"6F","All","Stm","plectranthus.spp",NA,"WC","N","20090619"
"6F","All","Stm","pollichia.campestris",NA,"WC","N","20090619"
"6F","All","Stm","polygala..l.",NA,"WC","N","20090619"
"6F","All","Stm","polygala.sphenoptera",NA,"WC","N","20090619"
"6F","All","Stm","portulaca.oleracea",NA,"WC","N","20090619"
"6F","All","Stm","portulaca.quadrifida",NA,"WC","N","20090619"
"6F","All","Stm","pseudognaphalium..helichrysum.glumaceum.",NA,"WC","N","20090619"
"6F","All","Stm","psilotrichum.schimperi",NA,"WC","N","20090619"
"6F","All","Stm","rhinacanthus.ndorensis",NA,"WC","N","20090619"
"6F","All","Stm","rhynchosia.holstii",NA,"WC","N","20090619"
"6F","All","Stm","schkuhria.pinnata",NA,"WC","N","20090619"
"6F","All","Stm","sida.2",NA,"WC","N","20090619"
"6F","All","Stm","sida.cuneifolia",NA,"WC","N","20090619"
"6F","All","Stm","solanum.incanum",NA,"WC","N","20090619"
"6F","All","Stm","solanum.indicum",NA,"WC","N","20090619"
"6F","All","Stm","tribulus.terrestris",NA,"WC","N","20090619"
"6F","All","Stm","u",NA,"WC","N","20090619"
"6F","All","Stm","w",NA,"WC","N","20090619"
"6F","All","Stm","x_4",NA,"WC","N","20090619"
"6F","All","Stm","x_5",NA,"WC","N","20090619"
"6F","All","Stm","x_6",NA,"WC","N","20090619"
"6F","All","Stm","x_7",NA,"WC","N","20090619"
"6F","All","Stm","x_8",NA,"WC","N","20090619"
"6D","1st","","bracharia.lacnantha",NA,"WC","N","20090619"
"6D","1st","","lintonia.nutans",NA,"WC","N","20090619"
"6D","1st","","pennisetum.mezianum",NA,"WC","N","20090619"
"6D","1st","","pennisetum.straminium",1,"WC","N","20090619"
"6D","1st","","themeda.triandra",4,"WC","N","20090619"
"6D","1st","","bare",5,"WC","N","20090619"
"6D","1st","","x_2",NA,"WC","N","20090619"
"6D","1st","","aristida.kenyensis",NA,"WC","N","20090619"
"6D","1st","","bothriochloa.insculpta",NA,"WC","N","20090619"
"6D","1st","","bracharia.3",NA,"WC","N","20090619"
"6D","1st","","bracharia.eruciformis",NA,"WC","N","20090619"
"6D","1st","","chloris.sp",NA,"WC","N","20090619"
"6D","1st","","cynodon.dactylon",NA,"WC","N","20090619"
"6D","1st","","cynodon.plectostachyus",NA,"WC","N","20090619"
"6D","1st","","cyperus...mariscus.spp",NA,"WC","N","20090619"
"6D","1st","","digitaria.2",NA,"WC","N","20090619"
"6D","1st","","digitaria.milanjiana",NA,"WC","N","20090619"
"6D","1st","","dinebra.retroflexa",NA,"WC","N","20090619"
"6D","1st","","eragrostis.tenuifolia",NA,"WC","N","20090619"
"6D","1st","","harpachne.schimperi",NA,"WC","N","20090619"
"6D","1st","","microchloa.kunthii",NA,"WC","N","20090619"
"6D","1st","","panicum.astrosanguinum",NA,"WC","N","20090619"
"6D","1st","","setaria.acromelaena..small.",NA,"WC","N","20090619"
"6D","1st","","setaria.sphaecealata..big.",NA,"WC","N","20090619"
"6D","1st","","sporobolus.pyramidalis",NA,"WC","N","20090619"
"6D","1st","","tragus.berteronianus",NA,"WC","N","20090619"
"6D","1st","","x_3",NA,"WC","N","20090619"
"6D","1st","","acalypha.crenata",NA,"WC","N","20090619"
"6D","1st","","aerva.lanata",NA,"WC","N","20090619"
"6D","1st","","amaranthus.hibridus",NA,"WC","N","20090619"
"6D","1st","","aspilia.pluriseta",NA,"WC","N","20090619"
"6D","1st","","asterolinon.adoense..v.",NA,"WC","N","20090619"
"6D","1st","","caralluma.acutangula",NA,"WC","N","20090619"
"6D","1st","","chenopodium.opulifolium",NA,"WC","N","20090619"
"6D","1st","","chenopodium.schraderianum",NA,"WC","N","20090619"
"6D","1st","","commelina.spp",1,"WC","N","20090619"
"6D","1st","","commicarpus.pedunculosus",NA,"WC","N","20090619"
"6D","1st","","conyza.sp",NA,"WC","N","20090619"
"6D","1st","","corchorus.sp",NA,"WC","N","20090619"
"6D","1st","","crotelaria.sp",NA,"WC","N","20090619"
"6D","1st","","cyathula.orthacantha",NA,"WC","N","20090619"
"6D","1st","","dyscoriste.radicans",NA,"WC","N","20090619"
"6D","1st","","euphorbia.inaequilatera",NA,"WC","N","20090619"
"6D","1st","","evolvulus.alsinoides",NA,"WC","N","20090619"
"6D","1st","","fern",NA,"WC","N","20090619"
"6D","1st","","gutenbergia.sp",NA,"WC","N","20090619"
"6D","1st","","hermannia.uhligii",NA,"WC","N","20090619"
"6D","1st","","hibiscus.flavifolius",NA,"WC","N","20090619"
"6D","1st","","hibiscus.trionum",NA,"WC","N","20090619"
"6D","1st","","indigofera.brevicalyx",NA,"WC","N","20090619"
"6D","1st","","indigofera.schimperi",NA,"WC","N","20090619"
"6D","1st","","ipomea.sinensis",NA,"WC","N","20090619"
"6D","1st","","justicia.dichipteroides",NA,"WC","N","20090619"
"6D","1st","","k",NA,"WC","N","20090619"
"6D","1st","","kyllinga.sp",NA,"WC","N","20090619"
"6D","1st","","leucas.glabrata",NA,"WC","N","20090619"
"6D","1st","","leucas.martiniscensis",NA,"WC","N","20090619"
"6D","1st","","lily.a",NA,"WC","N","20090619"
"6D","1st","","lily.b",NA,"WC","N","20090619"
"6D","1st","","lippia.javanica",NA,"WC","N","20090619"
"6D","1st","","melhania.spp.",NA,"WC","N","20090619"
"6D","1st","","misopates.orontium",NA,"WC","N","20090619"
"6D","1st","","mollugo.nudicaulis",NA,"WC","N","20090619"
"6D","1st","","monechima.debile",NA,"WC","N","20090619"
"6D","1st","","monsonia.augustifolia",NA,"WC","N","20090619"
"6D","1st","","ocimum.sp",NA,"WC","N","20090619"
"6D","1st","","osteospermum.vaillantii",NA,"WC","N","20090619"
"6D","1st","","oxygonum.sinuatum",NA,"WC","N","20090619"
"6D","1st","","pavonia.patens",NA,"WC","N","20090619"
"6D","1st","","pelargonium.alchemilloides",NA,"WC","N","20090619"
"6D","1st","","pentanisia.ouranogyne",NA,"WC","N","20090619"
"6D","1st","","phyllanthus.maderaspatensis",NA,"WC","N","20090619"
"6D","1st","","plectranthus.spp",NA,"WC","N","20090619"
"6D","1st","","pollichia.campestris",NA,"WC","N","20090619"
"6D","1st","","polygala..l.",NA,"WC","N","20090619"
"6D","1st","","polygala.sphenoptera",NA,"WC","N","20090619"
"6D","1st","","portulaca.oleracea",NA,"WC","N","20090619"
"6D","1st","","portulaca.quadrifida",NA,"WC","N","20090619"
"6D","1st","","pseudognaphalium..helichrysum.glumaceum.",NA,"WC","N","20090619"
"6D","1st","","psilotrichum.schimperi",NA,"WC","N","20090619"
"6D","1st","","rhinacanthus.ndorensis",NA,"WC","N","20090619"
"6D","1st","","rhynchosia.holstii",NA,"WC","N","20090619"
"6D","1st","","schkuhria.pinnata",NA,"WC","N","20090619"
"6D","1st","","sida.2",NA,"WC","N","20090619"
"6D","1st","","sida.cuneifolia",NA,"WC","N","20090619"
"6D","1st","","solanum.incanum",NA,"WC","N","20090619"
"6D","1st","","solanum.indicum",NA,"WC","N","20090619"
"6D","1st","","tribulus.terrestris",NA,"WC","N","20090619"
"6D","1st","","u",NA,"WC","N","20090619"
"6D","1st","","w",NA,"WC","N","20090619"
"6D","1st","","x_4",NA,"WC","N","20090619"
"6D","1st","","x_5",NA,"WC","N","20090619"
"6D","1st","","x_6",NA,"WC","N","20090619"
"6D","1st","","x_7",NA,"WC","N","20090619"
"6D","1st","","x_8",NA,"WC","N","20090619"
"6D","All","Lvs","bracharia.lacnantha",NA,"WC","N","20090619"
"6D","All","Lvs","lintonia.nutans",NA,"WC","N","20090619"
"6D","All","Lvs","pennisetum.mezianum",NA,"WC","N","20090619"
"6D","All","Lvs","pennisetum.straminium",1,"WC","N","20090619"
"6D","All","Lvs","themeda.triandra",8,"WC","N","20090619"
"6D","All","Lvs","bare",NA,"WC","N","20090619"
"6D","All","Lvs","x_2",NA,"WC","N","20090619"
"6D","All","Lvs","aristida.kenyensis",NA,"WC","N","20090619"
"6D","All","Lvs","bothriochloa.insculpta",NA,"WC","N","20090619"
"6D","All","Lvs","bracharia.3",NA,"WC","N","20090619"
"6D","All","Lvs","bracharia.eruciformis",NA,"WC","N","20090619"
"6D","All","Lvs","chloris.sp",NA,"WC","N","20090619"
"6D","All","Lvs","cynodon.dactylon",NA,"WC","N","20090619"
"6D","All","Lvs","cynodon.plectostachyus",NA,"WC","N","20090619"
"6D","All","Lvs","cyperus...mariscus.spp",NA,"WC","N","20090619"
"6D","All","Lvs","digitaria.2",NA,"WC","N","20090619"
"6D","All","Lvs","digitaria.milanjiana",NA,"WC","N","20090619"
"6D","All","Lvs","dinebra.retroflexa",NA,"WC","N","20090619"
"6D","All","Lvs","eragrostis.tenuifolia",NA,"WC","N","20090619"
"6D","All","Lvs","harpachne.schimperi",NA,"WC","N","20090619"
"6D","All","Lvs","microchloa.kunthii",NA,"WC","N","20090619"
"6D","All","Lvs","panicum.astrosanguinum",NA,"WC","N","20090619"
"6D","All","Lvs","setaria.acromelaena..small.",NA,"WC","N","20090619"
"6D","All","Lvs","setaria.sphaecealata..big.",NA,"WC","N","20090619"
"6D","All","Lvs","sporobolus.pyramidalis",NA,"WC","N","20090619"
"6D","All","Lvs","tragus.berteronianus",NA,"WC","N","20090619"
"6D","All","Lvs","x_3",NA,"WC","N","20090619"
"6D","All","Lvs","acalypha.crenata",NA,"WC","N","20090619"
"6D","All","Lvs","aerva.lanata",NA,"WC","N","20090619"
"6D","All","Lvs","amaranthus.hibridus",NA,"WC","N","20090619"
"6D","All","Lvs","aspilia.pluriseta",NA,"WC","N","20090619"
"6D","All","Lvs","asterolinon.adoense..v.",NA,"WC","N","20090619"
"6D","All","Lvs","caralluma.acutangula",NA,"WC","N","20090619"
"6D","All","Lvs","chenopodium.opulifolium",NA,"WC","N","20090619"
"6D","All","Lvs","chenopodium.schraderianum",NA,"WC","N","20090619"
"6D","All","Lvs","commelina.spp",NA,"WC","N","20090619"
"6D","All","Lvs","commicarpus.pedunculosus",NA,"WC","N","20090619"
"6D","All","Lvs","conyza.sp",NA,"WC","N","20090619"
"6D","All","Lvs","corchorus.sp",NA,"WC","N","20090619"
"6D","All","Lvs","crotelaria.sp",NA,"WC","N","20090619"
"6D","All","Lvs","cyathula.orthacantha",NA,"WC","N","20090619"
"6D","All","Lvs","dyscoriste.radicans",NA,"WC","N","20090619"
"6D","All","Lvs","euphorbia.inaequilatera",NA,"WC","N","20090619"
"6D","All","Lvs","evolvulus.alsinoides",NA,"WC","N","20090619"
"6D","All","Lvs","fern",NA,"WC","N","20090619"
"6D","All","Lvs","gutenbergia.sp",NA,"WC","N","20090619"
"6D","All","Lvs","hermannia.uhligii",NA,"WC","N","20090619"
"6D","All","Lvs","hibiscus.flavifolius",NA,"WC","N","20090619"
"6D","All","Lvs","hibiscus.trionum",NA,"WC","N","20090619"
"6D","All","Lvs","indigofera.brevicalyx",NA,"WC","N","20090619"
"6D","All","Lvs","indigofera.schimperi",NA,"WC","N","20090619"
"6D","All","Lvs","ipomea.sinensis",NA,"WC","N","20090619"
"6D","All","Lvs","justicia.dichipteroides",NA,"WC","N","20090619"
"6D","All","Lvs","k",NA,"WC","N","20090619"
"6D","All","Lvs","kyllinga.sp",NA,"WC","N","20090619"
"6D","All","Lvs","leucas.glabrata",NA,"WC","N","20090619"
"6D","All","Lvs","leucas.martiniscensis",NA,"WC","N","20090619"
"6D","All","Lvs","lily.a",NA,"WC","N","20090619"
"6D","All","Lvs","lily.b",NA,"WC","N","20090619"
"6D","All","Lvs","lippia.javanica",NA,"WC","N","20090619"
"6D","All","Lvs","melhania.spp.",NA,"WC","N","20090619"
"6D","All","Lvs","misopates.orontium",NA,"WC","N","20090619"
"6D","All","Lvs","mollugo.nudicaulis",NA,"WC","N","20090619"
"6D","All","Lvs","monechima.debile",NA,"WC","N","20090619"
"6D","All","Lvs","monsonia.augustifolia",NA,"WC","N","20090619"
"6D","All","Lvs","ocimum.sp",NA,"WC","N","20090619"
"6D","All","Lvs","osteospermum.vaillantii",NA,"WC","N","20090619"
"6D","All","Lvs","oxygonum.sinuatum",NA,"WC","N","20090619"
"6D","All","Lvs","pavonia.patens",NA,"WC","N","20090619"
"6D","All","Lvs","pelargonium.alchemilloides",NA,"WC","N","20090619"
"6D","All","Lvs","pentanisia.ouranogyne",NA,"WC","N","20090619"
"6D","All","Lvs","phyllanthus.maderaspatensis",NA,"WC","N","20090619"
"6D","All","Lvs","plectranthus.spp",NA,"WC","N","20090619"
"6D","All","Lvs","pollichia.campestris",NA,"WC","N","20090619"
"6D","All","Lvs","polygala..l.",NA,"WC","N","20090619"
"6D","All","Lvs","polygala.sphenoptera",NA,"WC","N","20090619"
"6D","All","Lvs","portulaca.oleracea",NA,"WC","N","20090619"
"6D","All","Lvs","portulaca.quadrifida",NA,"WC","N","20090619"
"6D","All","Lvs","pseudognaphalium..helichrysum.glumaceum.",NA,"WC","N","20090619"
"6D","All","Lvs","psilotrichum.schimperi",NA,"WC","N","20090619"
"6D","All","Lvs","rhinacanthus.ndorensis",NA,"WC","N","20090619"
"6D","All","Lvs","rhynchosia.holstii",NA,"WC","N","20090619"
"6D","All","Lvs","schkuhria.pinnata",NA,"WC","N","20090619"
"6D","All","Lvs","sida.2",NA,"WC","N","20090619"
"6D","All","Lvs","sida.cuneifolia",NA,"WC","N","20090619"
"6D","All","Lvs","solanum.incanum",NA,"WC","N","20090619"
"6D","All","Lvs","solanum.indicum",NA,"WC","N","20090619"
"6D","All","Lvs","tribulus.terrestris",NA,"WC","N","20090619"
"6D","All","Lvs","u",NA,"WC","N","20090619"
"6D","All","Lvs","w",NA,"WC","N","20090619"
"6D","All","Lvs","x_4",NA,"WC","N","20090619"
"6D","All","Lvs","x_5",NA,"WC","N","20090619"
"6D","All","Lvs","x_6",NA,"WC","N","20090619"
"6D","All","Lvs","x_7",NA,"WC","N","20090619"
"6D","All","Lvs","x_8",NA,"WC","N","20090619"
"6D","All","Stm","bracharia.lacnantha",NA,"WC","N","20090619"
"6D","All","Stm","lintonia.nutans",NA,"WC","N","20090619"
"6D","All","Stm","pennisetum.mezianum",NA,"WC","N","20090619"
"6D","All","Stm","pennisetum.straminium",NA,"WC","N","20090619"
"6D","All","Stm","themeda.triandra",3,"WC","N","20090619"
"6D","All","Stm","bare",NA,"WC","N","20090619"
"6D","All","Stm","x_2",NA,"WC","N","20090619"
"6D","All","Stm","aristida.kenyensis",NA,"WC","N","20090619"
"6D","All","Stm","bothriochloa.insculpta",NA,"WC","N","20090619"
"6D","All","Stm","bracharia.3",NA,"WC","N","20090619"
"6D","All","Stm","bracharia.eruciformis",NA,"WC","N","20090619"
"6D","All","Stm","chloris.sp",NA,"WC","N","20090619"
"6D","All","Stm","cynodon.dactylon",NA,"WC","N","20090619"
"6D","All","Stm","cynodon.plectostachyus",NA,"WC","N","20090619"
"6D","All","Stm","cyperus...mariscus.spp",NA,"WC","N","20090619"
"6D","All","Stm","digitaria.2",NA,"WC","N","20090619"
"6D","All","Stm","digitaria.milanjiana",NA,"WC","N","20090619"
"6D","All","Stm","dinebra.retroflexa",NA,"WC","N","20090619"
"6D","All","Stm","eragrostis.tenuifolia",NA,"WC","N","20090619"
"6D","All","Stm","harpachne.schimperi",NA,"WC","N","20090619"
"6D","All","Stm","microchloa.kunthii",NA,"WC","N","20090619"
"6D","All","Stm","panicum.astrosanguinum",NA,"WC","N","20090619"
"6D","All","Stm","setaria.acromelaena..small.",NA,"WC","N","20090619"
"6D","All","Stm","setaria.sphaecealata..big.",NA,"WC","N","20090619"
"6D","All","Stm","sporobolus.pyramidalis",NA,"WC","N","20090619"
"6D","All","Stm","tragus.berteronianus",NA,"WC","N","20090619"
"6D","All","Stm","x_3",NA,"WC","N","20090619"
"6D","All","Stm","acalypha.crenata",NA,"WC","N","20090619"
"6D","All","Stm","aerva.lanata",NA,"WC","N","20090619"
"6D","All","Stm","amaranthus.hibridus",NA,"WC","N","20090619"
"6D","All","Stm","aspilia.pluriseta",NA,"WC","N","20090619"
"6D","All","Stm","asterolinon.adoense..v.",NA,"WC","N","20090619"
"6D","All","Stm","caralluma.acutangula",NA,"WC","N","20090619"
"6D","All","Stm","chenopodium.opulifolium",NA,"WC","N","20090619"
"6D","All","Stm","chenopodium.schraderianum",NA,"WC","N","20090619"
"6D","All","Stm","commelina.spp",1,"WC","N","20090619"
"6D","All","Stm","commicarpus.pedunculosus",NA,"WC","N","20090619"
"6D","All","Stm","conyza.sp",NA,"WC","N","20090619"
"6D","All","Stm","corchorus.sp",NA,"WC","N","20090619"
"6D","All","Stm","crotelaria.sp",NA,"WC","N","20090619"
"6D","All","Stm","cyathula.orthacantha",NA,"WC","N","20090619"
"6D","All","Stm","dyscoriste.radicans",NA,"WC","N","20090619"
"6D","All","Stm","euphorbia.inaequilatera",NA,"WC","N","20090619"
"6D","All","Stm","evolvulus.alsinoides",NA,"WC","N","20090619"
"6D","All","Stm","fern",NA,"WC","N","20090619"
"6D","All","Stm","gutenbergia.sp",NA,"WC","N","20090619"
"6D","All","Stm","hermannia.uhligii",NA,"WC","N","20090619"
"6D","All","Stm","hibiscus.flavifolius",NA,"WC","N","20090619"
"6D","All","Stm","hibiscus.trionum",NA,"WC","N","20090619"
"6D","All","Stm","indigofera.brevicalyx",NA,"WC","N","20090619"
"6D","All","Stm","indigofera.schimperi",NA,"WC","N","20090619"
"6D","All","Stm","ipomea.sinensis",NA,"WC","N","20090619"
"6D","All","Stm","justicia.dichipteroides",NA,"WC","N","20090619"
"6D","All","Stm","k",NA,"WC","N","20090619"
"6D","All","Stm","kyllinga.sp",NA,"WC","N","20090619"
"6D","All","Stm","leucas.glabrata",NA,"WC","N","20090619"
"6D","All","Stm","leucas.martiniscensis",NA,"WC","N","20090619"
"6D","All","Stm","lily.a",NA,"WC","N","20090619"
"6D","All","Stm","lily.b",NA,"WC","N","20090619"
"6D","All","Stm","lippia.javanica",NA,"WC","N","20090619"
"6D","All","Stm","melhania.spp.",NA,"WC","N","20090619"
"6D","All","Stm","misopates.orontium",NA,"WC","N","20090619"
"6D","All","Stm","mollugo.nudicaulis",NA,"WC","N","20090619"
"6D","All","Stm","monechima.debile",NA,"WC","N","20090619"
"6D","All","Stm","monsonia.augustifolia",NA,"WC","N","20090619"
"6D","All","Stm","ocimum.sp",NA,"WC","N","20090619"
"6D","All","Stm","osteospermum.vaillantii",NA,"WC","N","20090619"
"6D","All","Stm","oxygonum.sinuatum",NA,"WC","N","20090619"
"6D","All","Stm","pavonia.patens",NA,"WC","N","20090619"
"6D","All","Stm","pelargonium.alchemilloides",NA,"WC","N","20090619"
"6D","All","Stm","pentanisia.ouranogyne",NA,"WC","N","20090619"
"6D","All","Stm","phyllanthus.maderaspatensis",NA,"WC","N","20090619"
"6D","All","Stm","plectranthus.spp",NA,"WC","N","20090619"
"6D","All","Stm","pollichia.campestris",NA,"WC","N","20090619"
"6D","All","Stm","polygala..l.",NA,"WC","N","20090619"
"6D","All","Stm","polygala.sphenoptera",NA,"WC","N","20090619"
"6D","All","Stm","portulaca.oleracea",NA,"WC","N","20090619"
"6D","All","Stm","portulaca.quadrifida",NA,"WC","N","20090619"
"6D","All","Stm","pseudognaphalium..helichrysum.glumaceum.",NA,"WC","N","20090619"
"6D","All","Stm","psilotrichum.schimperi",NA,"WC","N","20090619"
"6D","All","Stm","rhinacanthus.ndorensis",NA,"WC","N","20090619"
"6D","All","Stm","rhynchosia.holstii",NA,"WC","N","20090619"
"6D","All","Stm","schkuhria.pinnata",NA,"WC","N","20090619"
"6D","All","Stm","sida.2",NA,"WC","N","20090619"
"6D","All","Stm","sida.cuneifolia",NA,"WC","N","20090619"
"6D","All","Stm","solanum.incanum",NA,"WC","N","20090619"
"6D","All","Stm","solanum.indicum",NA,"WC","N","20090619"
"6D","All","Stm","tribulus.terrestris",NA,"WC","N","20090619"
"6D","All","Stm","u",NA,"WC","N","20090619"
"6D","All","Stm","w",NA,"WC","N","20090619"
"6D","All","Stm","x_4",NA,"WC","N","20090619"
"6D","All","Stm","x_5",NA,"WC","N","20090619"
"6D","All","Stm","x_6",NA,"WC","N","20090619"
"6D","All","Stm","x_7",NA,"WC","N","20090619"
"6D","All","Stm","x_8",NA,"WC","N","20090619"
"6B","1st","","bracharia.lacnantha",NA,"WC","N","20090619"
"6B","1st","","lintonia.nutans",NA,"WC","N","20090619"
"6B","1st","","pennisetum.mezianum",NA,"WC","N","20090619"
"6B","1st","","pennisetum.straminium",NA,"WC","N","20090619"
"6B","1st","","themeda.triandra",1,"WC","N","20090619"
"6B","1st","","bare",9,"WC","N","20090619"
"6B","1st","","x_2",NA,"WC","N","20090619"
"6B","1st","","aristida.kenyensis",NA,"WC","N","20090619"
"6B","1st","","bothriochloa.insculpta",NA,"WC","N","20090619"
"6B","1st","","bracharia.3",NA,"WC","N","20090619"
"6B","1st","","bracharia.eruciformis",NA,"WC","N","20090619"
"6B","1st","","chloris.sp",NA,"WC","N","20090619"
"6B","1st","","cynodon.dactylon",NA,"WC","N","20090619"
"6B","1st","","cynodon.plectostachyus",NA,"WC","N","20090619"
"6B","1st","","cyperus...mariscus.spp",NA,"WC","N","20090619"
"6B","1st","","digitaria.2",NA,"WC","N","20090619"
"6B","1st","","digitaria.milanjiana",NA,"WC","N","20090619"
"6B","1st","","dinebra.retroflexa",NA,"WC","N","20090619"
"6B","1st","","eragrostis.tenuifolia",NA,"WC","N","20090619"
"6B","1st","","harpachne.schimperi",NA,"WC","N","20090619"
"6B","1st","","microchloa.kunthii",NA,"WC","N","20090619"
"6B","1st","","panicum.astrosanguinum",NA,"WC","N","20090619"
"6B","1st","","setaria.acromelaena..small.",NA,"WC","N","20090619"
"6B","1st","","setaria.sphaecealata..big.",NA,"WC","N","20090619"
"6B","1st","","sporobolus.pyramidalis",NA,"WC","N","20090619"
"6B","1st","","tragus.berteronianus",NA,"WC","N","20090619"
"6B","1st","","x_3",NA,"WC","N","20090619"
"6B","1st","","acalypha.crenata",NA,"WC","N","20090619"
"6B","1st","","aerva.lanata",NA,"WC","N","20090619"
"6B","1st","","amaranthus.hibridus",NA,"WC","N","20090619"
"6B","1st","","aspilia.pluriseta",NA,"WC","N","20090619"
"6B","1st","","asterolinon.adoense..v.",NA,"WC","N","20090619"
"6B","1st","","caralluma.acutangula",NA,"WC","N","20090619"
"6B","1st","","chenopodium.opulifolium",NA,"WC","N","20090619"
"6B","1st","","chenopodium.schraderianum",NA,"WC","N","20090619"
"6B","1st","","commelina.spp",NA,"WC","N","20090619"
"6B","1st","","commicarpus.pedunculosus",NA,"WC","N","20090619"
"6B","1st","","conyza.sp",NA,"WC","N","20090619"
"6B","1st","","corchorus.sp",NA,"WC","N","20090619"
"6B","1st","","crotelaria.sp",NA,"WC","N","20090619"
"6B","1st","","cyathula.orthacantha",NA,"WC","N","20090619"
"6B","1st","","dyscoriste.radicans",NA,"WC","N","20090619"
"6B","1st","","euphorbia.inaequilatera",NA,"WC","N","20090619"
"6B","1st","","evolvulus.alsinoides",NA,"WC","N","20090619"
"6B","1st","","fern",NA,"WC","N","20090619"
"6B","1st","","gutenbergia.sp",NA,"WC","N","20090619"
"6B","1st","","hermannia.uhligii",NA,"WC","N","20090619"
"6B","1st","","hibiscus.flavifolius",NA,"WC","N","20090619"
"6B","1st","","hibiscus.trionum",NA,"WC","N","20090619"
"6B","1st","","indigofera.brevicalyx",NA,"WC","N","20090619"
"6B","1st","","indigofera.schimperi",NA,"WC","N","20090619"
"6B","1st","","ipomea.sinensis",NA,"WC","N","20090619"
"6B","1st","","justicia.dichipteroides",NA,"WC","N","20090619"
"6B","1st","","k",NA,"WC","N","20090619"
"6B","1st","","kyllinga.sp",NA,"WC","N","20090619"
"6B","1st","","leucas.glabrata",NA,"WC","N","20090619"
"6B","1st","","leucas.martiniscensis",NA,"WC","N","20090619"
"6B","1st","","lily.a",NA,"WC","N","20090619"
"6B","1st","","lily.b",NA,"WC","N","20090619"
"6B","1st","","lippia.javanica",NA,"WC","N","20090619"
"6B","1st","","melhania.spp.",NA,"WC","N","20090619"
"6B","1st","","misopates.orontium",NA,"WC","N","20090619"
"6B","1st","","mollugo.nudicaulis",NA,"WC","N","20090619"
"6B","1st","","monechima.debile",NA,"WC","N","20090619"
"6B","1st","","monsonia.augustifolia",NA,"WC","N","20090619"
"6B","1st","","ocimum.sp",NA,"WC","N","20090619"
"6B","1st","","osteospermum.vaillantii",NA,"WC","N","20090619"
"6B","1st","","oxygonum.sinuatum",NA,"WC","N","20090619"
"6B","1st","","pavonia.patens",NA,"WC","N","20090619"
"6B","1st","","pelargonium.alchemilloides",NA,"WC","N","20090619"
"6B","1st","","pentanisia.ouranogyne",NA,"WC","N","20090619"
"6B","1st","","phyllanthus.maderaspatensis",NA,"WC","N","20090619"
"6B","1st","","plectranthus.spp",NA,"WC","N","20090619"
"6B","1st","","pollichia.campestris",NA,"WC","N","20090619"
"6B","1st","","polygala..l.",NA,"WC","N","20090619"
"6B","1st","","polygala.sphenoptera",NA,"WC","N","20090619"
"6B","1st","","portulaca.oleracea",NA,"WC","N","20090619"
"6B","1st","","portulaca.quadrifida",NA,"WC","N","20090619"
"6B","1st","","pseudognaphalium..helichrysum.glumaceum.",NA,"WC","N","20090619"
"6B","1st","","psilotrichum.schimperi",NA,"WC","N","20090619"
"6B","1st","","rhinacanthus.ndorensis",NA,"WC","N","20090619"
"6B","1st","","rhynchosia.holstii",NA,"WC","N","20090619"
"6B","1st","","schkuhria.pinnata",NA,"WC","N","20090619"
"6B","1st","","sida.2",NA,"WC","N","20090619"
"6B","1st","","sida.cuneifolia",NA,"WC","N","20090619"
"6B","1st","","solanum.incanum",NA,"WC","N","20090619"
"6B","1st","","solanum.indicum",NA,"WC","N","20090619"
"6B","1st","","tribulus.terrestris",NA,"WC","N","20090619"
"6B","1st","","u",NA,"WC","N","20090619"
"6B","1st","","w",NA,"WC","N","20090619"
"6B","1st","","x_4",NA,"WC","N","20090619"
"6B","1st","","x_5",NA,"WC","N","20090619"
"6B","1st","","x_6",NA,"WC","N","20090619"
"6B","1st","","x_7",NA,"WC","N","20090619"
"6B","1st","","x_8",NA,"WC","N","20090619"
"6B","All","Lvs","bracharia.lacnantha",NA,"WC","N","20090619"
"6B","All","Lvs","lintonia.nutans",NA,"WC","N","20090619"
"6B","All","Lvs","pennisetum.mezianum",NA,"WC","N","20090619"
"6B","All","Lvs","pennisetum.straminium",NA,"WC","N","20090619"
"6B","All","Lvs","themeda.triandra",2,"WC","N","20090619"
"6B","All","Lvs","bare",NA,"WC","N","20090619"
"6B","All","Lvs","x_2",NA,"WC","N","20090619"
"6B","All","Lvs","aristida.kenyensis",NA,"WC","N","20090619"
"6B","All","Lvs","bothriochloa.insculpta",NA,"WC","N","20090619"
"6B","All","Lvs","bracharia.3",NA,"WC","N","20090619"
"6B","All","Lvs","bracharia.eruciformis",NA,"WC","N","20090619"
"6B","All","Lvs","chloris.sp",NA,"WC","N","20090619"
"6B","All","Lvs","cynodon.dactylon",NA,"WC","N","20090619"
"6B","All","Lvs","cynodon.plectostachyus",NA,"WC","N","20090619"
"6B","All","Lvs","cyperus...mariscus.spp",NA,"WC","N","20090619"
"6B","All","Lvs","digitaria.2",NA,"WC","N","20090619"
"6B","All","Lvs","digitaria.milanjiana",NA,"WC","N","20090619"
"6B","All","Lvs","dinebra.retroflexa",NA,"WC","N","20090619"
"6B","All","Lvs","eragrostis.tenuifolia",NA,"WC","N","20090619"
"6B","All","Lvs","harpachne.schimperi",NA,"WC","N","20090619"
"6B","All","Lvs","microchloa.kunthii",NA,"WC","N","20090619"
"6B","All","Lvs","panicum.astrosanguinum",NA,"WC","N","20090619"
"6B","All","Lvs","setaria.acromelaena..small.",NA,"WC","N","20090619"
"6B","All","Lvs","setaria.sphaecealata..big.",NA,"WC","N","20090619"
"6B","All","Lvs","sporobolus.pyramidalis",NA,"WC","N","20090619"
"6B","All","Lvs","tragus.berteronianus",NA,"WC","N","20090619"
"6B","All","Lvs","x_3",NA,"WC","N","20090619"
"6B","All","Lvs","acalypha.crenata",NA,"WC","N","20090619"
"6B","All","Lvs","aerva.lanata",NA,"WC","N","20090619"
"6B","All","Lvs","amaranthus.hibridus",NA,"WC","N","20090619"
"6B","All","Lvs","aspilia.pluriseta",NA,"WC","N","20090619"
"6B","All","Lvs","asterolinon.adoense..v.",NA,"WC","N","20090619"
"6B","All","Lvs","caralluma.acutangula",NA,"WC","N","20090619"
"6B","All","Lvs","chenopodium.opulifolium",NA,"WC","N","20090619"
"6B","All","Lvs","chenopodium.schraderianum",NA,"WC","N","20090619"
"6B","All","Lvs","commelina.spp",NA,"WC","N","20090619"
"6B","All","Lvs","commicarpus.pedunculosus",NA,"WC","N","20090619"
"6B","All","Lvs","conyza.sp",NA,"WC","N","20090619"
"6B","All","Lvs","corchorus.sp",NA,"WC","N","20090619"
"6B","All","Lvs","crotelaria.sp",NA,"WC","N","20090619"
"6B","All","Lvs","cyathula.orthacantha",NA,"WC","N","20090619"
"6B","All","Lvs","dyscoriste.radicans",NA,"WC","N","20090619"
"6B","All","Lvs","euphorbia.inaequilatera",NA,"WC","N","20090619"
"6B","All","Lvs","evolvulus.alsinoides",NA,"WC","N","20090619"
"6B","All","Lvs","fern",NA,"WC","N","20090619"
"6B","All","Lvs","gutenbergia.sp",NA,"WC","N","20090619"
"6B","All","Lvs","hermannia.uhligii",NA,"WC","N","20090619"
"6B","All","Lvs","hibiscus.flavifolius",NA,"WC","N","20090619"
"6B","All","Lvs","hibiscus.trionum",NA,"WC","N","20090619"
"6B","All","Lvs","indigofera.brevicalyx",NA,"WC","N","20090619"
"6B","All","Lvs","indigofera.schimperi",NA,"WC","N","20090619"
"6B","All","Lvs","ipomea.sinensis",NA,"WC","N","20090619"
"6B","All","Lvs","justicia.dichipteroides",NA,"WC","N","20090619"
"6B","All","Lvs","k",NA,"WC","N","20090619"
"6B","All","Lvs","kyllinga.sp",NA,"WC","N","20090619"
"6B","All","Lvs","leucas.glabrata",NA,"WC","N","20090619"
"6B","All","Lvs","leucas.martiniscensis",NA,"WC","N","20090619"
"6B","All","Lvs","lily.a",NA,"WC","N","20090619"
"6B","All","Lvs","lily.b",NA,"WC","N","20090619"
"6B","All","Lvs","lippia.javanica",NA,"WC","N","20090619"
"6B","All","Lvs","melhania.spp.",NA,"WC","N","20090619"
"6B","All","Lvs","misopates.orontium",NA,"WC","N","20090619"
"6B","All","Lvs","mollugo.nudicaulis",NA,"WC","N","20090619"
"6B","All","Lvs","monechima.debile",NA,"WC","N","20090619"
"6B","All","Lvs","monsonia.augustifolia",NA,"WC","N","20090619"
"6B","All","Lvs","ocimum.sp",NA,"WC","N","20090619"
"6B","All","Lvs","osteospermum.vaillantii",NA,"WC","N","20090619"
"6B","All","Lvs","oxygonum.sinuatum",NA,"WC","N","20090619"
"6B","All","Lvs","pavonia.patens",NA,"WC","N","20090619"
"6B","All","Lvs","pelargonium.alchemilloides",NA,"WC","N","20090619"
"6B","All","Lvs","pentanisia.ouranogyne",NA,"WC","N","20090619"
"6B","All","Lvs","phyllanthus.maderaspatensis",NA,"WC","N","20090619"
"6B","All","Lvs","plectranthus.spp",NA,"WC","N","20090619"
"6B","All","Lvs","pollichia.campestris",NA,"WC","N","20090619"
"6B","All","Lvs","polygala..l.",NA,"WC","N","20090619"
"6B","All","Lvs","polygala.sphenoptera",NA,"WC","N","20090619"
"6B","All","Lvs","portulaca.oleracea",NA,"WC","N","20090619"
"6B","All","Lvs","portulaca.quadrifida",NA,"WC","N","20090619"
"6B","All","Lvs","pseudognaphalium..helichrysum.glumaceum.",NA,"WC","N","20090619"
"6B","All","Lvs","psilotrichum.schimperi",NA,"WC","N","20090619"
"6B","All","Lvs","rhinacanthus.ndorensis",NA,"WC","N","20090619"
"6B","All","Lvs","rhynchosia.holstii",NA,"WC","N","20090619"
"6B","All","Lvs","schkuhria.pinnata",NA,"WC","N","20090619"
"6B","All","Lvs","sida.2",NA,"WC","N","20090619"
"6B","All","Lvs","sida.cuneifolia",NA,"WC","N","20090619"
"6B","All","Lvs","solanum.incanum",NA,"WC","N","20090619"
"6B","All","Lvs","solanum.indicum",NA,"WC","N","20090619"
"6B","All","Lvs","tribulus.terrestris",NA,"WC","N","20090619"
"6B","All","Lvs","u",NA,"WC","N","20090619"
"6B","All","Lvs","w",NA,"WC","N","20090619"
"6B","All","Lvs","x_4",NA,"WC","N","20090619"
"6B","All","Lvs","x_5",NA,"WC","N","20090619"
"6B","All","Lvs","x_6",NA,"WC","N","20090619"
"6B","All","Lvs","x_7",NA,"WC","N","20090619"
"6B","All","Lvs","x_8",NA,"WC","N","20090619"
"6B","All","Stm","bracharia.lacnantha",NA,"WC","N","20090619"
"6B","All","Stm","lintonia.nutans",NA,"WC","N","20090619"
"6B","All","Stm","pennisetum.mezianum",NA,"WC","N","20090619"
"6B","All","Stm","pennisetum.straminium",NA,"WC","N","20090619"
"6B","All","Stm","themeda.triandra",1,"WC","N","20090619"
"6B","All","Stm","bare",NA,"WC","N","20090619"
"6B","All","Stm","x_2",NA,"WC","N","20090619"
"6B","All","Stm","aristida.kenyensis",NA,"WC","N","20090619"
"6B","All","Stm","bothriochloa.insculpta",NA,"WC","N","20090619"
"6B","All","Stm","bracharia.3",NA,"WC","N","20090619"
"6B","All","Stm","bracharia.eruciformis",NA,"WC","N","20090619"
"6B","All","Stm","chloris.sp",NA,"WC","N","20090619"
"6B","All","Stm","cynodon.dactylon",NA,"WC","N","20090619"
"6B","All","Stm","cynodon.plectostachyus",NA,"WC","N","20090619"
"6B","All","Stm","cyperus...mariscus.spp",NA,"WC","N","20090619"
"6B","All","Stm","digitaria.2",NA,"WC","N","20090619"
"6B","All","Stm","digitaria.milanjiana",NA,"WC","N","20090619"
"6B","All","Stm","dinebra.retroflexa",NA,"WC","N","20090619"
"6B","All","Stm","eragrostis.tenuifolia",NA,"WC","N","20090619"
"6B","All","Stm","harpachne.schimperi",NA,"WC","N","20090619"
"6B","All","Stm","microchloa.kunthii",NA,"WC","N","20090619"
"6B","All","Stm","panicum.astrosanguinum",NA,"WC","N","20090619"
"6B","All","Stm","setaria.acromelaena..small.",NA,"WC","N","20090619"
"6B","All","Stm","setaria.sphaecealata..big.",NA,"WC","N","20090619"
"6B","All","Stm","sporobolus.pyramidalis",NA,"WC","N","20090619"
"6B","All","Stm","tragus.berteronianus",NA,"WC","N","20090619"
"6B","All","Stm","x_3",NA,"WC","N","20090619"
"6B","All","Stm","acalypha.crenata",NA,"WC","N","20090619"
"6B","All","Stm","aerva.lanata",NA,"WC","N","20090619"
"6B","All","Stm","amaranthus.hibridus",NA,"WC","N","20090619"
"6B","All","Stm","aspilia.pluriseta",NA,"WC","N","20090619"
"6B","All","Stm","asterolinon.adoense..v.",NA,"WC","N","20090619"
"6B","All","Stm","caralluma.acutangula",NA,"WC","N","20090619"
"6B","All","Stm","chenopodium.opulifolium",NA,"WC","N","20090619"
"6B","All","Stm","chenopodium.schraderianum",NA,"WC","N","20090619"
"6B","All","Stm","commelina.spp",NA,"WC","N","20090619"
"6B","All","Stm","commicarpus.pedunculosus",NA,"WC","N","20090619"
"6B","All","Stm","conyza.sp",NA,"WC","N","20090619"
"6B","All","Stm","corchorus.sp",NA,"WC","N","20090619"
"6B","All","Stm","crotelaria.sp",NA,"WC","N","20090619"
"6B","All","Stm","cyathula.orthacantha",NA,"WC","N","20090619"
"6B","All","Stm","dyscoriste.radicans",NA,"WC","N","20090619"
"6B","All","Stm","euphorbia.inaequilatera",NA,"WC","N","20090619"
"6B","All","Stm","evolvulus.alsinoides",NA,"WC","N","20090619"
"6B","All","Stm","fern",NA,"WC","N","20090619"
"6B","All","Stm","gutenbergia.sp",NA,"WC","N","20090619"
"6B","All","Stm","hermannia.uhligii",NA,"WC","N","20090619"
"6B","All","Stm","hibiscus.flavifolius",NA,"WC","N","20090619"
"6B","All","Stm","hibiscus.trionum",NA,"WC","N","20090619"
"6B","All","Stm","indigofera.brevicalyx",NA,"WC","N","20090619"
"6B","All","Stm","indigofera.schimperi",NA,"WC","N","20090619"
"6B","All","Stm","ipomea.sinensis",NA,"WC","N","20090619"
"6B","All","Stm","justicia.dichipteroides",NA,"WC","N","20090619"
"6B","All","Stm","k",NA,"WC","N","20090619"
"6B","All","Stm","kyllinga.sp",NA,"WC","N","20090619"
"6B","All","Stm","leucas.glabrata",NA,"WC","N","20090619"
"6B","All","Stm","leucas.martiniscensis",NA,"WC","N","20090619"
"6B","All","Stm","lily.a",NA,"WC","N","20090619"
"6B","All","Stm","lily.b",NA,"WC","N","20090619"
"6B","All","Stm","lippia.javanica",NA,"WC","N","20090619"
"6B","All","Stm","melhania.spp.",NA,"WC","N","20090619"
"6B","All","Stm","misopates.orontium",NA,"WC","N","20090619"
"6B","All","Stm","mollugo.nudicaulis",NA,"WC","N","20090619"
"6B","All","Stm","monechima.debile",NA,"WC","N","20090619"
"6B","All","Stm","monsonia.augustifolia",NA,"WC","N","20090619"
"6B","All","Stm","ocimum.sp",NA,"WC","N","20090619"
"6B","All","Stm","osteospermum.vaillantii",NA,"WC","N","20090619"
"6B","All","Stm","oxygonum.sinuatum",NA,"WC","N","20090619"
"6B","All","Stm","pavonia.patens",NA,"WC","N","20090619"
"6B","All","Stm","pelargonium.alchemilloides",NA,"WC","N","20090619"
"6B","All","Stm","pentanisia.ouranogyne",NA,"WC","N","20090619"
"6B","All","Stm","phyllanthus.maderaspatensis",NA,"WC","N","20090619"
"6B","All","Stm","plectranthus.spp",NA,"WC","N","20090619"
"6B","All","Stm","pollichia.campestris",NA,"WC","N","20090619"
"6B","All","Stm","polygala..l.",NA,"WC","N","20090619"
"6B","All","Stm","polygala.sphenoptera",NA,"WC","N","20090619"
"6B","All","Stm","portulaca.oleracea",NA,"WC","N","20090619"
"6B","All","Stm","portulaca.quadrifida",NA,"WC","N","20090619"
"6B","All","Stm","pseudognaphalium..helichrysum.glumaceum.",NA,"WC","N","20090619"
"6B","All","Stm","psilotrichum.schimperi",NA,"WC","N","20090619"
"6B","All","Stm","rhinacanthus.ndorensis",NA,"WC","N","20090619"
"6B","All","Stm","rhynchosia.holstii",NA,"WC","N","20090619"
"6B","All","Stm","schkuhria.pinnata",NA,"WC","N","20090619"
"6B","All","Stm","sida.2",NA,"WC","N","20090619"
"6B","All","Stm","sida.cuneifolia",NA,"WC","N","20090619"
"6B","All","Stm","solanum.incanum",NA,"WC","N","20090619"
"6B","All","Stm","solanum.indicum",NA,"WC","N","20090619"
"6B","All","Stm","tribulus.terrestris",NA,"WC","N","20090619"
"6B","All","Stm","u",NA,"WC","N","20090619"
"6B","All","Stm","w",NA,"WC","N","20090619"
"6B","All","Stm","x_4",NA,"WC","N","20090619"
"6B","All","Stm","x_5",NA,"WC","N","20090619"
"6B","All","Stm","x_6",NA,"WC","N","20090619"
"6B","All","Stm","x_7",NA,"WC","N","20090619"
"6B","All","Stm","x_8",NA,"WC","N","20090619"
"7A","1st","","bracharia.lacnantha",NA,"WC","N","20090619"
"7A","1st","","lintonia.nutans",NA,"WC","N","20090619"
"7A","1st","","pennisetum.mezianum",NA,"WC","N","20090619"
"7A","1st","","pennisetum.straminium",NA,"WC","N","20090619"
"7A","1st","","themeda.triandra",NA,"WC","N","20090619"
"7A","1st","","bare",2,"WC","N","20090619"
"7A","1st","","x_2",NA,"WC","N","20090619"
"7A","1st","","aristida.kenyensis",NA,"WC","N","20090619"
"7A","1st","","bothriochloa.insculpta",NA,"WC","N","20090619"
"7A","1st","","bracharia.3",NA,"WC","N","20090619"
"7A","1st","","bracharia.eruciformis",NA,"WC","N","20090619"
"7A","1st","","chloris.sp",NA,"WC","N","20090619"
"7A","1st","","cynodon.dactylon",NA,"WC","N","20090619"
"7A","1st","","cynodon.plectostachyus",NA,"WC","N","20090619"
"7A","1st","","cyperus...mariscus.spp",NA,"WC","N","20090619"
"7A","1st","","digitaria.2",NA,"WC","N","20090619"
"7A","1st","","digitaria.milanjiana",NA,"WC","N","20090619"
"7A","1st","","dinebra.retroflexa",NA,"WC","N","20090619"
"7A","1st","","eragrostis.tenuifolia",NA,"WC","N","20090619"
"7A","1st","","harpachne.schimperi",NA,"WC","N","20090619"
"7A","1st","","microchloa.kunthii",NA,"WC","N","20090619"
"7A","1st","","panicum.astrosanguinum",NA,"WC","N","20090619"
"7A","1st","","setaria.acromelaena..small.",NA,"WC","N","20090619"
"7A","1st","","setaria.sphaecealata..big.",NA,"WC","N","20090619"
"7A","1st","","sporobolus.pyramidalis",NA,"WC","N","20090619"
"7A","1st","","tragus.berteronianus",NA,"WC","N","20090619"
"7A","1st","","x_3",NA,"WC","N","20090619"
"7A","1st","","acalypha.crenata",NA,"WC","N","20090619"
"7A","1st","","aerva.lanata",NA,"WC","N","20090619"
"7A","1st","","amaranthus.hibridus",NA,"WC","N","20090619"
"7A","1st","","aspilia.pluriseta",NA,"WC","N","20090619"
"7A","1st","","asterolinon.adoense..v.",NA,"WC","N","20090619"
"7A","1st","","caralluma.acutangula",NA,"WC","N","20090619"
"7A","1st","","chenopodium.opulifolium",NA,"WC","N","20090619"
"7A","1st","","chenopodium.schraderianum",NA,"WC","N","20090619"
"7A","1st","","commelina.spp",NA,"WC","N","20090619"
"7A","1st","","commicarpus.pedunculosus",NA,"WC","N","20090619"
"7A","1st","","conyza.sp",NA,"WC","N","20090619"
"7A","1st","","corchorus.sp",NA,"WC","N","20090619"
"7A","1st","","crotelaria.sp",NA,"WC","N","20090619"
"7A","1st","","cyathula.orthacantha",NA,"WC","N","20090619"
"7A","1st","","dyscoriste.radicans",NA,"WC","N","20090619"
"7A","1st","","euphorbia.inaequilatera",NA,"WC","N","20090619"
"7A","1st","","evolvulus.alsinoides",NA,"WC","N","20090619"
"7A","1st","","fern",NA,"WC","N","20090619"
"7A","1st","","gutenbergia.sp",NA,"WC","N","20090619"
"7A","1st","","hermannia.uhligii",NA,"WC","N","20090619"
"7A","1st","","hibiscus.flavifolius",NA,"WC","N","20090619"
"7A","1st","","hibiscus.trionum",NA,"WC","N","20090619"
"7A","1st","","indigofera.brevicalyx",NA,"WC","N","20090619"
"7A","1st","","indigofera.schimperi",NA,"WC","N","20090619"
"7A","1st","","ipomea.sinensis",NA,"WC","N","20090619"
"7A","1st","","justicia.dichipteroides",NA,"WC","N","20090619"
"7A","1st","","k",NA,"WC","N","20090619"
"7A","1st","","kyllinga.sp",NA,"WC","N","20090619"
"7A","1st","","leucas.glabrata",NA,"WC","N","20090619"
"7A","1st","","leucas.martiniscensis",NA,"WC","N","20090619"
"7A","1st","","lily.a",NA,"WC","N","20090619"
"7A","1st","","lily.b",NA,"WC","N","20090619"
"7A","1st","","lippia.javanica",NA,"WC","N","20090619"
"7A","1st","","melhania.spp.",NA,"WC","N","20090619"
"7A","1st","","misopates.orontium",NA,"WC","N","20090619"
"7A","1st","","mollugo.nudicaulis",NA,"WC","N","20090619"
"7A","1st","","monechima.debile",NA,"WC","N","20090619"
"7A","1st","","monsonia.augustifolia",NA,"WC","N","20090619"
"7A","1st","","ocimum.sp",NA,"WC","N","20090619"
"7A","1st","","osteospermum.vaillantii",NA,"WC","N","20090619"
"7A","1st","","oxygonum.sinuatum",NA,"WC","N","20090619"
"7A","1st","","pavonia.patens",NA,"WC","N","20090619"
"7A","1st","","pelargonium.alchemilloides",NA,"WC","N","20090619"
"7A","1st","","pentanisia.ouranogyne",NA,"WC","N","20090619"
"7A","1st","","phyllanthus.maderaspatensis",NA,"WC","N","20090619"
"7A","1st","","plectranthus.spp",NA,"WC","N","20090619"
"7A","1st","","pollichia.campestris",NA,"WC","N","20090619"
"7A","1st","","polygala..l.",NA,"WC","N","20090619"
"7A","1st","","polygala.sphenoptera",NA,"WC","N","20090619"
"7A","1st","","portulaca.oleracea",NA,"WC","N","20090619"
"7A","1st","","portulaca.quadrifida",NA,"WC","N","20090619"
"7A","1st","","pseudognaphalium..helichrysum.glumaceum.",NA,"WC","N","20090619"
"7A","1st","","psilotrichum.schimperi",NA,"WC","N","20090619"
"7A","1st","","rhinacanthus.ndorensis",NA,"WC","N","20090619"
"7A","1st","","rhynchosia.holstii",NA,"WC","N","20090619"
"7A","1st","","schkuhria.pinnata",NA,"WC","N","20090619"
"7A","1st","","sida.2",NA,"WC","N","20090619"
"7A","1st","","sida.cuneifolia",NA,"WC","N","20090619"
"7A","1st","","solanum.incanum",NA,"WC","N","20090619"
"7A","1st","","solanum.indicum",NA,"WC","N","20090619"
"7A","1st","","tribulus.terrestris",NA,"WC","N","20090619"
"7A","1st","","u",NA,"WC","N","20090619"
"7A","1st","","w",NA,"WC","N","20090619"
"7A","1st","","x_4",NA,"WC","N","20090619"
"7A","1st","","x_5",NA,"WC","N","20090619"
"7A","1st","","x_6",NA,"WC","N","20090619"
"7A","1st","","x_7",NA,"WC","N","20090619"
"7A","1st","","x_8",NA,"WC","N","20090619"
"7C","1st","","bracharia.lacnantha",NA,"WC","N","20090619"
"7C","1st","","lintonia.nutans",NA,"WC","N","20090619"
"7C","1st","","pennisetum.mezianum",NA,"WC","N","20090619"
"7C","1st","","pennisetum.straminium",NA,"WC","N","20090619"
"7C","1st","","themeda.triandra",NA,"WC","N","20090619"
"7C","1st","","bare",5,"WC","N","20090619"
"7C","1st","","x_2",NA,"WC","N","20090619"
"7C","1st","","aristida.kenyensis",NA,"WC","N","20090619"
"7C","1st","","bothriochloa.insculpta",NA,"WC","N","20090619"
"7C","1st","","bracharia.3",NA,"WC","N","20090619"
"7C","1st","","bracharia.eruciformis",NA,"WC","N","20090619"
"7C","1st","","chloris.sp",NA,"WC","N","20090619"
"7C","1st","","cynodon.dactylon",NA,"WC","N","20090619"
"7C","1st","","cynodon.plectostachyus",NA,"WC","N","20090619"
"7C","1st","","cyperus...mariscus.spp",NA,"WC","N","20090619"
"7C","1st","","digitaria.2",NA,"WC","N","20090619"
"7C","1st","","digitaria.milanjiana",NA,"WC","N","20090619"
"7C","1st","","dinebra.retroflexa",NA,"WC","N","20090619"
"7C","1st","","eragrostis.tenuifolia",NA,"WC","N","20090619"
"7C","1st","","harpachne.schimperi",NA,"WC","N","20090619"
"7C","1st","","microchloa.kunthii",NA,"WC","N","20090619"
"7C","1st","","panicum.astrosanguinum",NA,"WC","N","20090619"
"7C","1st","","setaria.acromelaena..small.",NA,"WC","N","20090619"
"7C","1st","","setaria.sphaecealata..big.",NA,"WC","N","20090619"
"7C","1st","","sporobolus.pyramidalis",NA,"WC","N","20090619"
"7C","1st","","tragus.berteronianus",NA,"WC","N","20090619"
"7C","1st","","x_3",NA,"WC","N","20090619"
"7C","1st","","acalypha.crenata",NA,"WC","N","20090619"
"7C","1st","","aerva.lanata",NA,"WC","N","20090619"
"7C","1st","","amaranthus.hibridus",NA,"WC","N","20090619"
"7C","1st","","aspilia.pluriseta",NA,"WC","N","20090619"
"7C","1st","","asterolinon.adoense..v.",NA,"WC","N","20090619"
"7C","1st","","caralluma.acutangula",NA,"WC","N","20090619"
"7C","1st","","chenopodium.opulifolium",NA,"WC","N","20090619"
"7C","1st","","chenopodium.schraderianum",NA,"WC","N","20090619"
"7C","1st","","commelina.spp",NA,"WC","N","20090619"
"7C","1st","","commicarpus.pedunculosus",NA,"WC","N","20090619"
"7C","1st","","conyza.sp",NA,"WC","N","20090619"
"7C","1st","","corchorus.sp",NA,"WC","N","20090619"
"7C","1st","","crotelaria.sp",NA,"WC","N","20090619"
"7C","1st","","cyathula.orthacantha",NA,"WC","N","20090619"
"7C","1st","","dyscoriste.radicans",NA,"WC","N","20090619"
"7C","1st","","euphorbia.inaequilatera",NA,"WC","N","20090619"
"7C","1st","","evolvulus.alsinoides",NA,"WC","N","20090619"
"7C","1st","","fern",NA,"WC","N","20090619"
"7C","1st","","gutenbergia.sp",NA,"WC","N","20090619"
"7C","1st","","hermannia.uhligii",NA,"WC","N","20090619"
"7C","1st","","hibiscus.flavifolius",NA,"WC","N","20090619"
"7C","1st","","hibiscus.trionum",NA,"WC","N","20090619"
"7C","1st","","indigofera.brevicalyx",NA,"WC","N","20090619"
"7C","1st","","indigofera.schimperi",NA,"WC","N","20090619"
"7C","1st","","ipomea.sinensis",NA,"WC","N","20090619"
"7C","1st","","justicia.dichipteroides",NA,"WC","N","20090619"
"7C","1st","","k",NA,"WC","N","20090619"
"7C","1st","","kyllinga.sp",NA,"WC","N","20090619"
"7C","1st","","leucas.glabrata",NA,"WC","N","20090619"
"7C","1st","","leucas.martiniscensis",NA,"WC","N","20090619"
"7C","1st","","lily.a",NA,"WC","N","20090619"
"7C","1st","","lily.b",NA,"WC","N","20090619"
"7C","1st","","lippia.javanica",NA,"WC","N","20090619"
"7C","1st","","melhania.spp.",NA,"WC","N","20090619"
"7C","1st","","misopates.orontium",NA,"WC","N","20090619"
"7C","1st","","mollugo.nudicaulis",NA,"WC","N","20090619"
"7C","1st","","monechima.debile",NA,"WC","N","20090619"
"7C","1st","","monsonia.augustifolia",NA,"WC","N","20090619"
"7C","1st","","ocimum.sp",NA,"WC","N","20090619"
"7C","1st","","osteospermum.vaillantii",NA,"WC","N","20090619"
"7C","1st","","oxygonum.sinuatum",NA,"WC","N","20090619"
"7C","1st","","pavonia.patens",NA,"WC","N","20090619"
"7C","1st","","pelargonium.alchemilloides",NA,"WC","N","20090619"
"7C","1st","","pentanisia.ouranogyne",NA,"WC","N","20090619"
"7C","1st","","phyllanthus.maderaspatensis",NA,"WC","N","20090619"
"7C","1st","","plectranthus.spp",NA,"WC","N","20090619"
"7C","1st","","pollichia.campestris",NA,"WC","N","20090619"
"7C","1st","","polygala..l.",NA,"WC","N","20090619"
"7C","1st","","polygala.sphenoptera",NA,"WC","N","20090619"
"7C","1st","","portulaca.oleracea",NA,"WC","N","20090619"
"7C","1st","","portulaca.quadrifida",NA,"WC","N","20090619"
"7C","1st","","pseudognaphalium..helichrysum.glumaceum.",NA,"WC","N","20090619"
"7C","1st","","psilotrichum.schimperi",NA,"WC","N","20090619"
"7C","1st","","rhinacanthus.ndorensis",NA,"WC","N","20090619"
"7C","1st","","rhynchosia.holstii",NA,"WC","N","20090619"
"7C","1st","","schkuhria.pinnata",NA,"WC","N","20090619"
"7C","1st","","sida.2",NA,"WC","N","20090619"
"7C","1st","","sida.cuneifolia",NA,"WC","N","20090619"
"7C","1st","","solanum.incanum",NA,"WC","N","20090619"
"7C","1st","","solanum.indicum",NA,"WC","N","20090619"
"7C","1st","","tribulus.terrestris",NA,"WC","N","20090619"
"7C","1st","","u",NA,"WC","N","20090619"
"7C","1st","","w",NA,"WC","N","20090619"
"7C","1st","","x_4",NA,"WC","N","20090619"
"7C","1st","","x_5",NA,"WC","N","20090619"
"7C","1st","","x_6",NA,"WC","N","20090619"
"7C","1st","","x_7",NA,"WC","N","20090619"
"7C","1st","","x_8",NA,"WC","N","20090619"
"7E","1st","","bracharia.lacnantha",NA,"WC","N","20090619"
"7E","1st","","lintonia.nutans",NA,"WC","N","20090619"
"7E","1st","","pennisetum.mezianum",NA,"WC","N","20090619"
"7E","1st","","pennisetum.straminium",NA,"WC","N","20090619"
"7E","1st","","themeda.triandra",NA,"WC","N","20090619"
"7E","1st","","bare",7,"WC","N","20090619"
"7E","1st","","x_2",NA,"WC","N","20090619"
"7E","1st","","aristida.kenyensis",NA,"WC","N","20090619"
"7E","1st","","bothriochloa.insculpta",NA,"WC","N","20090619"
"7E","1st","","bracharia.3",NA,"WC","N","20090619"
"7E","1st","","bracharia.eruciformis",NA,"WC","N","20090619"
"7E","1st","","chloris.sp",NA,"WC","N","20090619"
"7E","1st","","cynodon.dactylon",NA,"WC","N","20090619"
"7E","1st","","cynodon.plectostachyus",NA,"WC","N","20090619"
"7E","1st","","cyperus...mariscus.spp",NA,"WC","N","20090619"
"7E","1st","","digitaria.2",NA,"WC","N","20090619"
"7E","1st","","digitaria.milanjiana",NA,"WC","N","20090619"
"7E","1st","","dinebra.retroflexa",NA,"WC","N","20090619"
"7E","1st","","eragrostis.tenuifolia",NA,"WC","N","20090619"
"7E","1st","","harpachne.schimperi",NA,"WC","N","20090619"
"7E","1st","","microchloa.kunthii",NA,"WC","N","20090619"
"7E","1st","","panicum.astrosanguinum",NA,"WC","N","20090619"
"7E","1st","","setaria.acromelaena..small.",NA,"WC","N","20090619"
"7E","1st","","setaria.sphaecealata..big.",NA,"WC","N","20090619"
"7E","1st","","sporobolus.pyramidalis",NA,"WC","N","20090619"
"7E","1st","","tragus.berteronianus",NA,"WC","N","20090619"
"7E","1st","","x_3",NA,"WC","N","20090619"
"7E","1st","","acalypha.crenata",NA,"WC","N","20090619"
"7E","1st","","aerva.lanata",NA,"WC","N","20090619"
"7E","1st","","amaranthus.hibridus",NA,"WC","N","20090619"
"7E","1st","","aspilia.pluriseta",NA,"WC","N","20090619"
"7E","1st","","asterolinon.adoense..v.",NA,"WC","N","20090619"
"7E","1st","","caralluma.acutangula",NA,"WC","N","20090619"
"7E","1st","","chenopodium.opulifolium",NA,"WC","N","20090619"
"7E","1st","","chenopodium.schraderianum",NA,"WC","N","20090619"
"7E","1st","","commelina.spp",NA,"WC","N","20090619"
"7E","1st","","commicarpus.pedunculosus",NA,"WC","N","20090619"
"7E","1st","","conyza.sp",NA,"WC","N","20090619"
"7E","1st","","corchorus.sp",NA,"WC","N","20090619"
"7E","1st","","crotelaria.sp",NA,"WC","N","20090619"
"7E","1st","","cyathula.orthacantha",NA,"WC","N","20090619"
"7E","1st","","dyscoriste.radicans",NA,"WC","N","20090619"
"7E","1st","","euphorbia.inaequilatera",NA,"WC","N","20090619"
"7E","1st","","evolvulus.alsinoides",NA,"WC","N","20090619"
"7E","1st","","fern",NA,"WC","N","20090619"
"7E","1st","","gutenbergia.sp",NA,"WC","N","20090619"
"7E","1st","","hermannia.uhligii",NA,"WC","N","20090619"
"7E","1st","","hibiscus.flavifolius",NA,"WC","N","20090619"
"7E","1st","","hibiscus.trionum",NA,"WC","N","20090619"
"7E","1st","","indigofera.brevicalyx",NA,"WC","N","20090619"
"7E","1st","","indigofera.schimperi",NA,"WC","N","20090619"
"7E","1st","","ipomea.sinensis",NA,"WC","N","20090619"
"7E","1st","","justicia.dichipteroides",NA,"WC","N","20090619"
"7E","1st","","k",NA,"WC","N","20090619"
"7E","1st","","kyllinga.sp",NA,"WC","N","20090619"
"7E","1st","","leucas.glabrata",NA,"WC","N","20090619"
"7E","1st","","leucas.martiniscensis",NA,"WC","N","20090619"
"7E","1st","","lily.a",NA,"WC","N","20090619"
"7E","1st","","lily.b",NA,"WC","N","20090619"
"7E","1st","","lippia.javanica",NA,"WC","N","20090619"
"7E","1st","","melhania.spp.",NA,"WC","N","20090619"
"7E","1st","","misopates.orontium",NA,"WC","N","20090619"
"7E","1st","","mollugo.nudicaulis",NA,"WC","N","20090619"
"7E","1st","","monechima.debile",NA,"WC","N","20090619"
"7E","1st","","monsonia.augustifolia",NA,"WC","N","20090619"
"7E","1st","","ocimum.sp",NA,"WC","N","20090619"
"7E","1st","","osteospermum.vaillantii",NA,"WC","N","20090619"
"7E","1st","","oxygonum.sinuatum",NA,"WC","N","20090619"
"7E","1st","","pavonia.patens",NA,"WC","N","20090619"
"7E","1st","","pelargonium.alchemilloides",NA,"WC","N","20090619"
"7E","1st","","pentanisia.ouranogyne",NA,"WC","N","20090619"
"7E","1st","","phyllanthus.maderaspatensis",NA,"WC","N","20090619"
"7E","1st","","plectranthus.spp",NA,"WC","N","20090619"
"7E","1st","","pollichia.campestris",NA,"WC","N","20090619"
"7E","1st","","polygala..l.",NA,"WC","N","20090619"
"7E","1st","","polygala.sphenoptera",NA,"WC","N","20090619"
"7E","1st","","portulaca.oleracea",NA,"WC","N","20090619"
"7E","1st","","portulaca.quadrifida",NA,"WC","N","20090619"
"7E","1st","","pseudognaphalium..helichrysum.glumaceum.",NA,"WC","N","20090619"
"7E","1st","","psilotrichum.schimperi",NA,"WC","N","20090619"
"7E","1st","","rhinacanthus.ndorensis",NA,"WC","N","20090619"
"7E","1st","","rhynchosia.holstii",NA,"WC","N","20090619"
"7E","1st","","schkuhria.pinnata",NA,"WC","N","20090619"
"7E","1st","","sida.2",NA,"WC","N","20090619"
"7E","1st","","sida.cuneifolia",NA,"WC","N","20090619"
"7E","1st","","solanum.incanum",NA,"WC","N","20090619"
"7E","1st","","solanum.indicum",NA,"WC","N","20090619"
"7E","1st","","tribulus.terrestris",NA,"WC","N","20090619"
"7E","1st","","u",NA,"WC","N","20090619"
"7E","1st","","w",NA,"WC","N","20090619"
"7E","1st","","x_4",NA,"WC","N","20090619"
"7E","1st","","x_5",NA,"WC","N","20090619"
"7E","1st","","x_6",NA,"WC","N","20090619"
"7E","1st","","x_7",NA,"WC","N","20090619"
"7E","1st","","x_8",NA,"WC","N","20090619"
"7G","1st","","bracharia.lacnantha",NA,"WC","N","20090619"
"7G","1st","","lintonia.nutans",NA,"WC","N","20090619"
"7G","1st","","pennisetum.mezianum",NA,"WC","N","20090619"
"7G","1st","","pennisetum.straminium",NA,"WC","N","20090619"
"7G","1st","","themeda.triandra",NA,"WC","N","20090619"
"7G","1st","","bare",NA,"WC","N","20090619"
"7G","1st","","x_2",NA,"WC","N","20090619"
"7G","1st","","aristida.kenyensis",NA,"WC","N","20090619"
"7G","1st","","bothriochloa.insculpta",NA,"WC","N","20090619"
"7G","1st","","bracharia.3",NA,"WC","N","20090619"
"7G","1st","","bracharia.eruciformis",NA,"WC","N","20090619"
"7G","1st","","chloris.sp",NA,"WC","N","20090619"
"7G","1st","","cynodon.dactylon",NA,"WC","N","20090619"
"7G","1st","","cynodon.plectostachyus",NA,"WC","N","20090619"
"7G","1st","","cyperus...mariscus.spp",NA,"WC","N","20090619"
"7G","1st","","digitaria.2",NA,"WC","N","20090619"
"7G","1st","","digitaria.milanjiana",NA,"WC","N","20090619"
"7G","1st","","dinebra.retroflexa",NA,"WC","N","20090619"
"7G","1st","","eragrostis.tenuifolia",NA,"WC","N","20090619"
"7G","1st","","harpachne.schimperi",NA,"WC","N","20090619"
"7G","1st","","microchloa.kunthii",NA,"WC","N","20090619"
"7G","1st","","panicum.astrosanguinum",NA,"WC","N","20090619"
"7G","1st","","setaria.acromelaena..small.",NA,"WC","N","20090619"
"7G","1st","","setaria.sphaecealata..big.",NA,"WC","N","20090619"
"7G","1st","","sporobolus.pyramidalis",NA,"WC","N","20090619"
"7G","1st","","tragus.berteronianus",NA,"WC","N","20090619"
"7G","1st","","x_3",NA,"WC","N","20090619"
"7G","1st","","acalypha.crenata",NA,"WC","N","20090619"
"7G","1st","","aerva.lanata",NA,"WC","N","20090619"
"7G","1st","","amaranthus.hibridus",NA,"WC","N","20090619"
"7G","1st","","aspilia.pluriseta",NA,"WC","N","20090619"
"7G","1st","","asterolinon.adoense..v.",NA,"WC","N","20090619"
"7G","1st","","caralluma.acutangula",NA,"WC","N","20090619"
"7G","1st","","chenopodium.opulifolium",NA,"WC","N","20090619"
"7G","1st","","chenopodium.schraderianum",NA,"WC","N","20090619"
"7G","1st","","commelina.spp",NA,"WC","N","20090619"
"7G","1st","","commicarpus.pedunculosus",NA,"WC","N","20090619"
"7G","1st","","conyza.sp",NA,"WC","N","20090619"
"7G","1st","","corchorus.sp",NA,"WC","N","20090619"
"7G","1st","","crotelaria.sp",NA,"WC","N","20090619"
"7G","1st","","cyathula.orthacantha",NA,"WC","N","20090619"
"7G","1st","","dyscoriste.radicans",NA,"WC","N","20090619"
"7G","1st","","euphorbia.inaequilatera",NA,"WC","N","20090619"
"7G","1st","","evolvulus.alsinoides",NA,"WC","N","20090619"
"7G","1st","","fern",NA,"WC","N","20090619"
"7G","1st","","gutenbergia.sp",NA,"WC","N","20090619"
"7G","1st","","hermannia.uhligii",NA,"WC","N","20090619"
"7G","1st","","hibiscus.flavifolius",NA,"WC","N","20090619"
"7G","1st","","hibiscus.trionum",NA,"WC","N","20090619"
"7G","1st","","indigofera.brevicalyx",NA,"WC","N","20090619"
"7G","1st","","indigofera.schimperi",NA,"WC","N","20090619"
"7G","1st","","ipomea.sinensis",NA,"WC","N","20090619"
"7G","1st","","justicia.dichipteroides",NA,"WC","N","20090619"
"7G","1st","","k",NA,"WC","N","20090619"
"7G","1st","","kyllinga.sp",NA,"WC","N","20090619"
"7G","1st","","leucas.glabrata",NA,"WC","N","20090619"
"7G","1st","","leucas.martiniscensis",NA,"WC","N","20090619"
"7G","1st","","lily.a",NA,"WC","N","20090619"
"7G","1st","","lily.b",NA,"WC","N","20090619"
"7G","1st","","lippia.javanica",NA,"WC","N","20090619"
"7G","1st","","melhania.spp.",NA,"WC","N","20090619"
"7G","1st","","misopates.orontium",NA,"WC","N","20090619"
"7G","1st","","mollugo.nudicaulis",NA,"WC","N","20090619"
"7G","1st","","monechima.debile",NA,"WC","N","20090619"
"7G","1st","","monsonia.augustifolia",NA,"WC","N","20090619"
"7G","1st","","ocimum.sp",NA,"WC","N","20090619"
"7G","1st","","osteospermum.vaillantii",NA,"WC","N","20090619"
"7G","1st","","oxygonum.sinuatum",NA,"WC","N","20090619"
"7G","1st","","pavonia.patens",NA,"WC","N","20090619"
"7G","1st","","pelargonium.alchemilloides",NA,"WC","N","20090619"
"7G","1st","","pentanisia.ouranogyne",NA,"WC","N","20090619"
"7G","1st","","phyllanthus.maderaspatensis",NA,"WC","N","20090619"
"7G","1st","","plectranthus.spp",NA,"WC","N","20090619"
"7G","1st","","pollichia.campestris",NA,"WC","N","20090619"
"7G","1st","","polygala..l.",NA,"WC","N","20090619"
"7G","1st","","polygala.sphenoptera",NA,"WC","N","20090619"
"7G","1st","","portulaca.oleracea",NA,"WC","N","20090619"
"7G","1st","","portulaca.quadrifida",NA,"WC","N","20090619"
"7G","1st","","pseudognaphalium..helichrysum.glumaceum.",NA,"WC","N","20090619"
"7G","1st","","psilotrichum.schimperi",NA,"WC","N","20090619"
"7G","1st","","rhinacanthus.ndorensis",NA,"WC","N","20090619"
"7G","1st","","rhynchosia.holstii",NA,"WC","N","20090619"
"7G","1st","","schkuhria.pinnata",NA,"WC","N","20090619"
"7G","1st","","sida.2",NA,"WC","N","20090619"
"7G","1st","","sida.cuneifolia",NA,"WC","N","20090619"
"7G","1st","","solanum.incanum",NA,"WC","N","20090619"
"7G","1st","","solanum.indicum",NA,"WC","N","20090619"
"7G","1st","","tribulus.terrestris",NA,"WC","N","20090619"
"7G","1st","","u",NA,"WC","N","20090619"
"7G","1st","","w",NA,"WC","N","20090619"
"7G","1st","","x_4",NA,"WC","N","20090619"
"7G","1st","","x_5",NA,"WC","N","20090619"
"7G","1st","","x_6",NA,"WC","N","20090619"
"7G","1st","","x_7",NA,"WC","N","20090619"
"7G","1st","","x_8",NA,"WC","N","20090619"
"7I","1st","","bracharia.lacnantha",NA,"WC","N","20090619"
"7I","1st","","lintonia.nutans",NA,"WC","N","20090619"
"7I","1st","","pennisetum.mezianum",NA,"WC","N","20090619"
"7I","1st","","pennisetum.straminium",NA,"WC","N","20090619"
"7I","1st","","themeda.triandra",NA,"WC","N","20090619"
"7I","1st","","bare",6,"WC","N","20090619"
"7I","1st","","x_2",NA,"WC","N","20090619"
"7I","1st","","aristida.kenyensis",NA,"WC","N","20090619"
"7I","1st","","bothriochloa.insculpta",NA,"WC","N","20090619"
"7I","1st","","bracharia.3",NA,"WC","N","20090619"
"7I","1st","","bracharia.eruciformis",NA,"WC","N","20090619"
"7I","1st","","chloris.sp",NA,"WC","N","20090619"
"7I","1st","","cynodon.dactylon",NA,"WC","N","20090619"
"7I","1st","","cynodon.plectostachyus",NA,"WC","N","20090619"
"7I","1st","","cyperus...mariscus.spp",NA,"WC","N","20090619"
"7I","1st","","digitaria.2",NA,"WC","N","20090619"
"7I","1st","","digitaria.milanjiana",NA,"WC","N","20090619"
"7I","1st","","dinebra.retroflexa",NA,"WC","N","20090619"
"7I","1st","","eragrostis.tenuifolia",NA,"WC","N","20090619"
"7I","1st","","harpachne.schimperi",NA,"WC","N","20090619"
"7I","1st","","microchloa.kunthii",NA,"WC","N","20090619"
"7I","1st","","panicum.astrosanguinum",NA,"WC","N","20090619"
"7I","1st","","setaria.acromelaena..small.",NA,"WC","N","20090619"
"7I","1st","","setaria.sphaecealata..big.",NA,"WC","N","20090619"
"7I","1st","","sporobolus.pyramidalis",NA,"WC","N","20090619"
"7I","1st","","tragus.berteronianus",NA,"WC","N","20090619"
"7I","1st","","x_3",NA,"WC","N","20090619"
"7I","1st","","acalypha.crenata",NA,"WC","N","20090619"
"7I","1st","","aerva.lanata",1,"WC","N","20090619"
"7I","1st","","amaranthus.hibridus",NA,"WC","N","20090619"
"7I","1st","","aspilia.pluriseta",NA,"WC","N","20090619"
"7I","1st","","asterolinon.adoense..v.",NA,"WC","N","20090619"
"7I","1st","","caralluma.acutangula",NA,"WC","N","20090619"
"7I","1st","","chenopodium.opulifolium",NA,"WC","N","20090619"
"7I","1st","","chenopodium.schraderianum",NA,"WC","N","20090619"
"7I","1st","","commelina.spp",NA,"WC","N","20090619"
"7I","1st","","commicarpus.pedunculosus",NA,"WC","N","20090619"
"7I","1st","","conyza.sp",NA,"WC","N","20090619"
"7I","1st","","corchorus.sp",NA,"WC","N","20090619"
"7I","1st","","crotelaria.sp",NA,"WC","N","20090619"
"7I","1st","","cyathula.orthacantha",NA,"WC","N","20090619"
"7I","1st","","dyscoriste.radicans",NA,"WC","N","20090619"
"7I","1st","","euphorbia.inaequilatera",NA,"WC","N","20090619"
"7I","1st","","evolvulus.alsinoides",NA,"WC","N","20090619"
"7I","1st","","fern",NA,"WC","N","20090619"
"7I","1st","","gutenbergia.sp",NA,"WC","N","20090619"
"7I","1st","","hermannia.uhligii",NA,"WC","N","20090619"
"7I","1st","","hibiscus.flavifolius",NA,"WC","N","20090619"
"7I","1st","","hibiscus.trionum",NA,"WC","N","20090619"
"7I","1st","","indigofera.brevicalyx",NA,"WC","N","20090619"
"7I","1st","","indigofera.schimperi",NA,"WC","N","20090619"
"7I","1st","","ipomea.sinensis",NA,"WC","N","20090619"
"7I","1st","","justicia.dichipteroides",NA,"WC","N","20090619"
"7I","1st","","k",NA,"WC","N","20090619"
"7I","1st","","kyllinga.sp",NA,"WC","N","20090619"
"7I","1st","","leucas.glabrata",NA,"WC","N","20090619"
"7I","1st","","leucas.martiniscensis",NA,"WC","N","20090619"
"7I","1st","","lily.a",NA,"WC","N","20090619"
"7I","1st","","lily.b",NA,"WC","N","20090619"
"7I","1st","","lippia.javanica",NA,"WC","N","20090619"
"7I","1st","","melhania.spp.",NA,"WC","N","20090619"
"7I","1st","","misopates.orontium",NA,"WC","N","20090619"
"7I","1st","","mollugo.nudicaulis",NA,"WC","N","20090619"
"7I","1st","","monechima.debile",NA,"WC","N","20090619"
"7I","1st","","monsonia.augustifolia",NA,"WC","N","20090619"
"7I","1st","","ocimum.sp",NA,"WC","N","20090619"
"7I","1st","","osteospermum.vaillantii",NA,"WC","N","20090619"
"7I","1st","","oxygonum.sinuatum",NA,"WC","N","20090619"
"7I","1st","","pavonia.patens",NA,"WC","N","20090619"
"7I","1st","","pelargonium.alchemilloides",NA,"WC","N","20090619"
"7I","1st","","pentanisia.ouranogyne",NA,"WC","N","20090619"
"7I","1st","","phyllanthus.maderaspatensis",NA,"WC","N","20090619"
"7I","1st","","plectranthus.spp",NA,"WC","N","20090619"
"7I","1st","","pollichia.campestris",NA,"WC","N","20090619"
"7I","1st","","polygala..l.",NA,"WC","N","20090619"
"7I","1st","","polygala.sphenoptera",NA,"WC","N","20090619"
"7I","1st","","portulaca.oleracea",NA,"WC","N","20090619"
"7I","1st","","portulaca.quadrifida",NA,"WC","N","20090619"
"7I","1st","","pseudognaphalium..helichrysum.glumaceum.",NA,"WC","N","20090619"
"7I","1st","","psilotrichum.schimperi",NA,"WC","N","20090619"
"7I","1st","","rhinacanthus.ndorensis",NA,"WC","N","20090619"
"7I","1st","","rhynchosia.holstii",NA,"WC","N","20090619"
"7I","1st","","schkuhria.pinnata",NA,"WC","N","20090619"
"7I","1st","","sida.2",NA,"WC","N","20090619"
"7I","1st","","sida.cuneifolia",NA,"WC","N","20090619"
"7I","1st","","solanum.incanum",NA,"WC","N","20090619"
"7I","1st","","solanum.indicum",NA,"WC","N","20090619"
"7I","1st","","tribulus.terrestris",NA,"WC","N","20090619"
"7I","1st","","u",NA,"WC","N","20090619"
"7I","1st","","w",NA,"WC","N","20090619"
"7I","1st","","x_4",NA,"WC","N","20090619"
"7I","1st","","x_5",NA,"WC","N","20090619"
"7I","1st","","x_6",NA,"WC","N","20090619"
"7I","1st","","x_7",NA,"WC","N","20090619"
"7I","1st","","x_8",NA,"WC","N","20090619"
"8J","1st","","bracharia.lacnantha",NA,"WC","N","20090619"
"8J","1st","","lintonia.nutans",NA,"WC","N","20090619"
"8J","1st","","pennisetum.mezianum",NA,"WC","N","20090619"
"8J","1st","","pennisetum.straminium",5,"WC","N","20090619"
"8J","1st","","themeda.triandra",NA,"WC","N","20090619"
"8J","1st","","bare",5,"WC","N","20090619"
"8J","1st","","x_2",NA,"WC","N","20090619"
"8J","1st","","aristida.kenyensis",NA,"WC","N","20090619"
"8J","1st","","bothriochloa.insculpta",NA,"WC","N","20090619"
"8J","1st","","bracharia.3",NA,"WC","N","20090619"
"8J","1st","","bracharia.eruciformis",NA,"WC","N","20090619"
"8J","1st","","chloris.sp",NA,"WC","N","20090619"
"8J","1st","","cynodon.dactylon",NA,"WC","N","20090619"
"8J","1st","","cynodon.plectostachyus",NA,"WC","N","20090619"
"8J","1st","","cyperus...mariscus.spp",NA,"WC","N","20090619"
"8J","1st","","digitaria.2",NA,"WC","N","20090619"
"8J","1st","","digitaria.milanjiana",NA,"WC","N","20090619"
"8J","1st","","dinebra.retroflexa",NA,"WC","N","20090619"
"8J","1st","","eragrostis.tenuifolia",NA,"WC","N","20090619"
"8J","1st","","harpachne.schimperi",NA,"WC","N","20090619"
"8J","1st","","microchloa.kunthii",NA,"WC","N","20090619"
"8J","1st","","panicum.astrosanguinum",NA,"WC","N","20090619"
"8J","1st","","setaria.acromelaena..small.",NA,"WC","N","20090619"
"8J","1st","","setaria.sphaecealata..big.",NA,"WC","N","20090619"
"8J","1st","","sporobolus.pyramidalis",NA,"WC","N","20090619"
"8J","1st","","tragus.berteronianus",NA,"WC","N","20090619"
"8J","1st","","x_3",NA,"WC","N","20090619"
"8J","1st","","acalypha.crenata",NA,"WC","N","20090619"
"8J","1st","","aerva.lanata",NA,"WC","N","20090619"
"8J","1st","","amaranthus.hibridus",NA,"WC","N","20090619"
"8J","1st","","aspilia.pluriseta",NA,"WC","N","20090619"
"8J","1st","","asterolinon.adoense..v.",NA,"WC","N","20090619"
"8J","1st","","caralluma.acutangula",NA,"WC","N","20090619"
"8J","1st","","chenopodium.opulifolium",NA,"WC","N","20090619"
"8J","1st","","chenopodium.schraderianum",NA,"WC","N","20090619"
"8J","1st","","commelina.spp",NA,"WC","N","20090619"
"8J","1st","","commicarpus.pedunculosus",NA,"WC","N","20090619"
"8J","1st","","conyza.sp",NA,"WC","N","20090619"
"8J","1st","","corchorus.sp",NA,"WC","N","20090619"
"8J","1st","","crotelaria.sp",NA,"WC","N","20090619"
"8J","1st","","cyathula.orthacantha",NA,"WC","N","20090619"
"8J","1st","","dyscoriste.radicans",NA,"WC","N","20090619"
"8J","1st","","euphorbia.inaequilatera",NA,"WC","N","20090619"
"8J","1st","","evolvulus.alsinoides",NA,"WC","N","20090619"
"8J","1st","","fern",NA,"WC","N","20090619"
"8J","1st","","gutenbergia.sp",NA,"WC","N","20090619"
"8J","1st","","hermannia.uhligii",NA,"WC","N","20090619"
"8J","1st","","hibiscus.flavifolius",NA,"WC","N","20090619"
"8J","1st","","hibiscus.trionum",NA,"WC","N","20090619"
"8J","1st","","indigofera.brevicalyx",NA,"WC","N","20090619"
"8J","1st","","indigofera.schimperi",NA,"WC","N","20090619"
"8J","1st","","ipomea.sinensis",NA,"WC","N","20090619"
"8J","1st","","justicia.dichipteroides",NA,"WC","N","20090619"
"8J","1st","","k",NA,"WC","N","20090619"
"8J","1st","","kyllinga.sp",NA,"WC","N","20090619"
"8J","1st","","leucas.glabrata",NA,"WC","N","20090619"
"8J","1st","","leucas.martiniscensis",NA,"WC","N","20090619"
"8J","1st","","lily.a",NA,"WC","N","20090619"
"8J","1st","","lily.b",NA,"WC","N","20090619"
"8J","1st","","lippia.javanica",NA,"WC","N","20090619"
"8J","1st","","melhania.spp.",NA,"WC","N","20090619"
"8J","1st","","misopates.orontium",NA,"WC","N","20090619"
"8J","1st","","mollugo.nudicaulis",NA,"WC","N","20090619"
"8J","1st","","monechima.debile",NA,"WC","N","20090619"
"8J","1st","","monsonia.augustifolia",NA,"WC","N","20090619"
"8J","1st","","ocimum.sp",NA,"WC","N","20090619"
"8J","1st","","osteospermum.vaillantii",NA,"WC","N","20090619"
"8J","1st","","oxygonum.sinuatum",NA,"WC","N","20090619"
"8J","1st","","pavonia.patens",NA,"WC","N","20090619"
"8J","1st","","pelargonium.alchemilloides",NA,"WC","N","20090619"
"8J","1st","","pentanisia.ouranogyne",NA,"WC","N","20090619"
"8J","1st","","phyllanthus.maderaspatensis",NA,"WC","N","20090619"
"8J","1st","","plectranthus.spp",NA,"WC","N","20090619"
"8J","1st","","pollichia.campestris",NA,"WC","N","20090619"
"8J","1st","","polygala..l.",NA,"WC","N","20090619"
"8J","1st","","polygala.sphenoptera",NA,"WC","N","20090619"
"8J","1st","","portulaca.oleracea",NA,"WC","N","20090619"
"8J","1st","","portulaca.quadrifida",NA,"WC","N","20090619"
"8J","1st","","pseudognaphalium..helichrysum.glumaceum.",NA,"WC","N","20090619"
"8J","1st","","psilotrichum.schimperi",NA,"WC","N","20090619"
"8J","1st","","rhinacanthus.ndorensis",NA,"WC","N","20090619"
"8J","1st","","rhynchosia.holstii",NA,"WC","N","20090619"
"8J","1st","","schkuhria.pinnata",NA,"WC","N","20090619"
"8J","1st","","sida.2",NA,"WC","N","20090619"
"8J","1st","","sida.cuneifolia",NA,"WC","N","20090619"
"8J","1st","","solanum.incanum",NA,"WC","N","20090619"
"8J","1st","","solanum.indicum",NA,"WC","N","20090619"
"8J","1st","","tribulus.terrestris",NA,"WC","N","20090619"
"8J","1st","","u",NA,"WC","N","20090619"
"8J","1st","","w",NA,"WC","N","20090619"
"8J","1st","","x_4",NA,"WC","N","20090619"
"8J","1st","","x_5",NA,"WC","N","20090619"
"8J","1st","","x_6",NA,"WC","N","20090619"
"8J","1st","","x_7",NA,"WC","N","20090619"
"8J","1st","","x_8",NA,"WC","N","20090619"
"8H","1st","","bracharia.lacnantha",NA,"WC","N","20090619"
"8H","1st","","lintonia.nutans",NA,"WC","N","20090619"
"8H","1st","","pennisetum.mezianum",NA,"WC","N","20090619"
"8H","1st","","pennisetum.straminium",2,"WC","N","20090619"
"8H","1st","","themeda.triandra",3,"WC","N","20090619"
"8H","1st","","bare",7,"WC","N","20090619"
"8H","1st","","x_2",NA,"WC","N","20090619"
"8H","1st","","aristida.kenyensis",NA,"WC","N","20090619"
"8H","1st","","bothriochloa.insculpta",NA,"WC","N","20090619"
"8H","1st","","bracharia.3",NA,"WC","N","20090619"
"8H","1st","","bracharia.eruciformis",NA,"WC","N","20090619"
"8H","1st","","chloris.sp",NA,"WC","N","20090619"
"8H","1st","","cynodon.dactylon",NA,"WC","N","20090619"
"8H","1st","","cynodon.plectostachyus",NA,"WC","N","20090619"
"8H","1st","","cyperus...mariscus.spp",NA,"WC","N","20090619"
"8H","1st","","digitaria.2",NA,"WC","N","20090619"
"8H","1st","","digitaria.milanjiana",NA,"WC","N","20090619"
"8H","1st","","dinebra.retroflexa",NA,"WC","N","20090619"
"8H","1st","","eragrostis.tenuifolia",NA,"WC","N","20090619"
"8H","1st","","harpachne.schimperi",NA,"WC","N","20090619"
"8H","1st","","microchloa.kunthii",NA,"WC","N","20090619"
"8H","1st","","panicum.astrosanguinum",NA,"WC","N","20090619"
"8H","1st","","setaria.acromelaena..small.",NA,"WC","N","20090619"
"8H","1st","","setaria.sphaecealata..big.",NA,"WC","N","20090619"
"8H","1st","","sporobolus.pyramidalis",NA,"WC","N","20090619"
"8H","1st","","tragus.berteronianus",NA,"WC","N","20090619"
"8H","1st","","x_3",NA,"WC","N","20090619"
"8H","1st","","acalypha.crenata",NA,"WC","N","20090619"
"8H","1st","","aerva.lanata",NA,"WC","N","20090619"
"8H","1st","","amaranthus.hibridus",NA,"WC","N","20090619"
"8H","1st","","aspilia.pluriseta",NA,"WC","N","20090619"
"8H","1st","","asterolinon.adoense..v.",NA,"WC","N","20090619"
"8H","1st","","caralluma.acutangula",NA,"WC","N","20090619"
"8H","1st","","chenopodium.opulifolium",NA,"WC","N","20090619"
"8H","1st","","chenopodium.schraderianum",NA,"WC","N","20090619"
"8H","1st","","commelina.spp",NA,"WC","N","20090619"
"8H","1st","","commicarpus.pedunculosus",NA,"WC","N","20090619"
"8H","1st","","conyza.sp",NA,"WC","N","20090619"
"8H","1st","","corchorus.sp",NA,"WC","N","20090619"
"8H","1st","","crotelaria.sp",NA,"WC","N","20090619"
"8H","1st","","cyathula.orthacantha",NA,"WC","N","20090619"
"8H","1st","","dyscoriste.radicans",NA,"WC","N","20090619"
"8H","1st","","euphorbia.inaequilatera",NA,"WC","N","20090619"
"8H","1st","","evolvulus.alsinoides",NA,"WC","N","20090619"
"8H","1st","","fern",NA,"WC","N","20090619"
"8H","1st","","gutenbergia.sp",NA,"WC","N","20090619"
"8H","1st","","hermannia.uhligii",NA,"WC","N","20090619"
"8H","1st","","hibiscus.flavifolius",NA,"WC","N","20090619"
"8H","1st","","hibiscus.trionum",NA,"WC","N","20090619"
"8H","1st","","indigofera.brevicalyx",NA,"WC","N","20090619"
"8H","1st","","indigofera.schimperi",NA,"WC","N","20090619"
"8H","1st","","ipomea.sinensis",NA,"WC","N","20090619"
"8H","1st","","justicia.dichipteroides",NA,"WC","N","20090619"
"8H","1st","","k",NA,"WC","N","20090619"
"8H","1st","","kyllinga.sp",NA,"WC","N","20090619"
"8H","1st","","leucas.glabrata",NA,"WC","N","20090619"
"8H","1st","","leucas.martiniscensis",NA,"WC","N","20090619"
"8H","1st","","lily.a",NA,"WC","N","20090619"
"8H","1st","","lily.b",NA,"WC","N","20090619"
"8H","1st","","lippia.javanica",NA,"WC","N","20090619"
"8H","1st","","melhania.spp.",NA,"WC","N","20090619"
"8H","1st","","misopates.orontium",NA,"WC","N","20090619"
"8H","1st","","mollugo.nudicaulis",NA,"WC","N","20090619"
"8H","1st","","monechima.debile",NA,"WC","N","20090619"
"8H","1st","","monsonia.augustifolia",NA,"WC","N","20090619"
"8H","1st","","ocimum.sp",NA,"WC","N","20090619"
"8H","1st","","osteospermum.vaillantii",NA,"WC","N","20090619"
"8H","1st","","oxygonum.sinuatum",NA,"WC","N","20090619"
"8H","1st","","pavonia.patens",NA,"WC","N","20090619"
"8H","1st","","pelargonium.alchemilloides",NA,"WC","N","20090619"
"8H","1st","","pentanisia.ouranogyne",NA,"WC","N","20090619"
"8H","1st","","phyllanthus.maderaspatensis",NA,"WC","N","20090619"
"8H","1st","","plectranthus.spp",NA,"WC","N","20090619"
"8H","1st","","pollichia.campestris",NA,"WC","N","20090619"
"8H","1st","","polygala..l.",NA,"WC","N","20090619"
"8H","1st","","polygala.sphenoptera",NA,"WC","N","20090619"
"8H","1st","","portulaca.oleracea",NA,"WC","N","20090619"
"8H","1st","","portulaca.quadrifida",NA,"WC","N","20090619"
"8H","1st","","pseudognaphalium..helichrysum.glumaceum.",NA,"WC","N","20090619"
"8H","1st","","psilotrichum.schimperi",NA,"WC","N","20090619"
"8H","1st","","rhinacanthus.ndorensis",NA,"WC","N","20090619"
"8H","1st","","rhynchosia.holstii",NA,"WC","N","20090619"
"8H","1st","","schkuhria.pinnata",NA,"WC","N","20090619"
"8H","1st","","sida.2",NA,"WC","N","20090619"
"8H","1st","","sida.cuneifolia",NA,"WC","N","20090619"
"8H","1st","","solanum.incanum",NA,"WC","N","20090619"
"8H","1st","","solanum.indicum",NA,"WC","N","20090619"
"8H","1st","","tribulus.terrestris",NA,"WC","N","20090619"
"8H","1st","","u",NA,"WC","N","20090619"
"8H","1st","","w",NA,"WC","N","20090619"
"8H","1st","","x_4",NA,"WC","N","20090619"
"8H","1st","","x_5",NA,"WC","N","20090619"
"8H","1st","","x_6",NA,"WC","N","20090619"
"8H","1st","","x_7",NA,"WC","N","20090619"
"8H","1st","","x_8",NA,"WC","N","20090619"
"8F","1st","","bracharia.lacnantha",2,"WC","N","20090619"
"8F","1st","","lintonia.nutans",NA,"WC","N","20090619"
"8F","1st","","pennisetum.mezianum",NA,"WC","N","20090619"
"8F","1st","","pennisetum.straminium",NA,"WC","N","20090619"
"8F","1st","","themeda.triandra",1,"WC","N","20090619"
"8F","1st","","bare",6,"WC","N","20090619"
"8F","1st","","x_2",NA,"WC","N","20090619"
"8F","1st","","aristida.kenyensis",NA,"WC","N","20090619"
"8F","1st","","bothriochloa.insculpta",NA,"WC","N","20090619"
"8F","1st","","bracharia.3",NA,"WC","N","20090619"
"8F","1st","","bracharia.eruciformis",NA,"WC","N","20090619"
"8F","1st","","chloris.sp",NA,"WC","N","20090619"
"8F","1st","","cynodon.dactylon",NA,"WC","N","20090619"
"8F","1st","","cynodon.plectostachyus",NA,"WC","N","20090619"
"8F","1st","","cyperus...mariscus.spp",1,"WC","N","20090619"
"8F","1st","","digitaria.2",NA,"WC","N","20090619"
"8F","1st","","digitaria.milanjiana",NA,"WC","N","20090619"
"8F","1st","","dinebra.retroflexa",NA,"WC","N","20090619"
"8F","1st","","eragrostis.tenuifolia",NA,"WC","N","20090619"
"8F","1st","","harpachne.schimperi",NA,"WC","N","20090619"
"8F","1st","","microchloa.kunthii",NA,"WC","N","20090619"
"8F","1st","","panicum.astrosanguinum",NA,"WC","N","20090619"
"8F","1st","","setaria.acromelaena..small.",NA,"WC","N","20090619"
"8F","1st","","setaria.sphaecealata..big.",NA,"WC","N","20090619"
"8F","1st","","sporobolus.pyramidalis",NA,"WC","N","20090619"
"8F","1st","","tragus.berteronianus",NA,"WC","N","20090619"
"8F","1st","","x_3",NA,"WC","N","20090619"
"8F","1st","","acalypha.crenata",NA,"WC","N","20090619"
"8F","1st","","aerva.lanata",NA,"WC","N","20090619"
"8F","1st","","amaranthus.hibridus",NA,"WC","N","20090619"
"8F","1st","","aspilia.pluriseta",NA,"WC","N","20090619"
"8F","1st","","asterolinon.adoense..v.",NA,"WC","N","20090619"
"8F","1st","","caralluma.acutangula",NA,"WC","N","20090619"
"8F","1st","","chenopodium.opulifolium",NA,"WC","N","20090619"
"8F","1st","","chenopodium.schraderianum",NA,"WC","N","20090619"
"8F","1st","","commelina.spp",NA,"WC","N","20090619"
"8F","1st","","commicarpus.pedunculosus",NA,"WC","N","20090619"
"8F","1st","","conyza.sp",NA,"WC","N","20090619"
"8F","1st","","corchorus.sp",NA,"WC","N","20090619"
"8F","1st","","crotelaria.sp",NA,"WC","N","20090619"
"8F","1st","","cyathula.orthacantha",NA,"WC","N","20090619"
"8F","1st","","dyscoriste.radicans",NA,"WC","N","20090619"
"8F","1st","","euphorbia.inaequilatera",NA,"WC","N","20090619"
"8F","1st","","evolvulus.alsinoides",NA,"WC","N","20090619"
"8F","1st","","fern",NA,"WC","N","20090619"
"8F","1st","","gutenbergia.sp",NA,"WC","N","20090619"
"8F","1st","","hermannia.uhligii",NA,"WC","N","20090619"
"8F","1st","","hibiscus.flavifolius",NA,"WC","N","20090619"
"8F","1st","","hibiscus.trionum",NA,"WC","N","20090619"
"8F","1st","","indigofera.brevicalyx",NA,"WC","N","20090619"
"8F","1st","","indigofera.schimperi",NA,"WC","N","20090619"
"8F","1st","","ipomea.sinensis",NA,"WC","N","20090619"
"8F","1st","","justicia.dichipteroides",NA,"WC","N","20090619"
"8F","1st","","k",NA,"WC","N","20090619"
"8F","1st","","kyllinga.sp",NA,"WC","N","20090619"
"8F","1st","","leucas.glabrata",NA,"WC","N","20090619"
"8F","1st","","leucas.martiniscensis",NA,"WC","N","20090619"
"8F","1st","","lily.a",NA,"WC","N","20090619"
"8F","1st","","lily.b",NA,"WC","N","20090619"
"8F","1st","","lippia.javanica",NA,"WC","N","20090619"
"8F","1st","","melhania.spp.",NA,"WC","N","20090619"
"8F","1st","","misopates.orontium",NA,"WC","N","20090619"
"8F","1st","","mollugo.nudicaulis",NA,"WC","N","20090619"
"8F","1st","","monechima.debile",NA,"WC","N","20090619"
"8F","1st","","monsonia.augustifolia",NA,"WC","N","20090619"
"8F","1st","","ocimum.sp",NA,"WC","N","20090619"
"8F","1st","","osteospermum.vaillantii",NA,"WC","N","20090619"
"8F","1st","","oxygonum.sinuatum",NA,"WC","N","20090619"
"8F","1st","","pavonia.patens",NA,"WC","N","20090619"
"8F","1st","","pelargonium.alchemilloides",NA,"WC","N","20090619"
"8F","1st","","pentanisia.ouranogyne",NA,"WC","N","20090619"
"8F","1st","","phyllanthus.maderaspatensis",NA,"WC","N","20090619"
"8F","1st","","plectranthus.spp",NA,"WC","N","20090619"
"8F","1st","","pollichia.campestris",NA,"WC","N","20090619"
"8F","1st","","polygala..l.",NA,"WC","N","20090619"
"8F","1st","","polygala.sphenoptera",NA,"WC","N","20090619"
"8F","1st","","portulaca.oleracea",NA,"WC","N","20090619"
"8F","1st","","portulaca.quadrifida",NA,"WC","N","20090619"
"8F","1st","","pseudognaphalium..helichrysum.glumaceum.",NA,"WC","N","20090619"
"8F","1st","","psilotrichum.schimperi",NA,"WC","N","20090619"
"8F","1st","","rhinacanthus.ndorensis",NA,"WC","N","20090619"
"8F","1st","","rhynchosia.holstii",NA,"WC","N","20090619"
"8F","1st","","schkuhria.pinnata",NA,"WC","N","20090619"
"8F","1st","","sida.2",NA,"WC","N","20090619"
"8F","1st","","sida.cuneifolia",NA,"WC","N","20090619"
"8F","1st","","solanum.incanum",NA,"WC","N","20090619"
"8F","1st","","solanum.indicum",NA,"WC","N","20090619"
"8F","1st","","tribulus.terrestris",NA,"WC","N","20090619"
"8F","1st","","u",NA,"WC","N","20090619"
"8F","1st","","w",NA,"WC","N","20090619"
"8F","1st","","x_4",NA,"WC","N","20090619"
"8F","1st","","x_5",NA,"WC","N","20090619"
"8F","1st","","x_6",NA,"WC","N","20090619"
"8F","1st","","x_7",NA,"WC","N","20090619"
"8F","1st","","x_8",NA,"WC","N","20090619"
"8D","1st","","bracharia.lacnantha",NA,"WC","N","20090619"
"8D","1st","","lintonia.nutans",NA,"WC","N","20090619"
"8D","1st","","pennisetum.mezianum",NA,"WC","N","20090619"
"8D","1st","","pennisetum.straminium",NA,"WC","N","20090619"
"8D","1st","","themeda.triandra",3,"WC","N","20090619"
"8D","1st","","bare",5,"WC","N","20090619"
"8D","1st","","x_2",NA,"WC","N","20090619"
"8D","1st","","aristida.kenyensis",NA,"WC","N","20090619"
"8D","1st","","bothriochloa.insculpta",NA,"WC","N","20090619"
"8D","1st","","bracharia.3",NA,"WC","N","20090619"
"8D","1st","","bracharia.eruciformis",NA,"WC","N","20090619"
"8D","1st","","chloris.sp",NA,"WC","N","20090619"
"8D","1st","","cynodon.dactylon",NA,"WC","N","20090619"
"8D","1st","","cynodon.plectostachyus",NA,"WC","N","20090619"
"8D","1st","","cyperus...mariscus.spp",NA,"WC","N","20090619"
"8D","1st","","digitaria.2",NA,"WC","N","20090619"
"8D","1st","","digitaria.milanjiana",NA,"WC","N","20090619"
"8D","1st","","dinebra.retroflexa",NA,"WC","N","20090619"
"8D","1st","","eragrostis.tenuifolia",NA,"WC","N","20090619"
"8D","1st","","harpachne.schimperi",NA,"WC","N","20090619"
"8D","1st","","microchloa.kunthii",NA,"WC","N","20090619"
"8D","1st","","panicum.astrosanguinum",NA,"WC","N","20090619"
"8D","1st","","setaria.acromelaena..small.",NA,"WC","N","20090619"
"8D","1st","","setaria.sphaecealata..big.",NA,"WC","N","20090619"
"8D","1st","","sporobolus.pyramidalis",NA,"WC","N","20090619"
"8D","1st","","tragus.berteronianus",NA,"WC","N","20090619"
"8D","1st","","x_3",NA,"WC","N","20090619"
"8D","1st","","acalypha.crenata",NA,"WC","N","20090619"
"8D","1st","","aerva.lanata",NA,"WC","N","20090619"
"8D","1st","","amaranthus.hibridus",NA,"WC","N","20090619"
"8D","1st","","aspilia.pluriseta",NA,"WC","N","20090619"
"8D","1st","","asterolinon.adoense..v.",NA,"WC","N","20090619"
"8D","1st","","caralluma.acutangula",NA,"WC","N","20090619"
"8D","1st","","chenopodium.opulifolium",NA,"WC","N","20090619"
"8D","1st","","chenopodium.schraderianum",NA,"WC","N","20090619"
"8D","1st","","commelina.spp",NA,"WC","N","20090619"
"8D","1st","","commicarpus.pedunculosus",NA,"WC","N","20090619"
"8D","1st","","conyza.sp",NA,"WC","N","20090619"
"8D","1st","","corchorus.sp",NA,"WC","N","20090619"
"8D","1st","","crotelaria.sp",NA,"WC","N","20090619"
"8D","1st","","cyathula.orthacantha",NA,"WC","N","20090619"
"8D","1st","","dyscoriste.radicans",NA,"WC","N","20090619"
"8D","1st","","euphorbia.inaequilatera",NA,"WC","N","20090619"
"8D","1st","","evolvulus.alsinoides",2,"WC","N","20090619"
"8D","1st","","fern",NA,"WC","N","20090619"
"8D","1st","","gutenbergia.sp",NA,"WC","N","20090619"
"8D","1st","","hermannia.uhligii",NA,"WC","N","20090619"
"8D","1st","","hibiscus.flavifolius",NA,"WC","N","20090619"
"8D","1st","","hibiscus.trionum",NA,"WC","N","20090619"
"8D","1st","","indigofera.brevicalyx",NA,"WC","N","20090619"
"8D","1st","","indigofera.schimperi",NA,"WC","N","20090619"
"8D","1st","","ipomea.sinensis",NA,"WC","N","20090619"
"8D","1st","","justicia.dichipteroides",NA,"WC","N","20090619"
"8D","1st","","k",NA,"WC","N","20090619"
"8D","1st","","kyllinga.sp",NA,"WC","N","20090619"
"8D","1st","","leucas.glabrata",NA,"WC","N","20090619"
"8D","1st","","leucas.martiniscensis",NA,"WC","N","20090619"
"8D","1st","","lily.a",NA,"WC","N","20090619"
"8D","1st","","lily.b",NA,"WC","N","20090619"
"8D","1st","","lippia.javanica",NA,"WC","N","20090619"
"8D","1st","","melhania.spp.",NA,"WC","N","20090619"
"8D","1st","","misopates.orontium",NA,"WC","N","20090619"
"8D","1st","","mollugo.nudicaulis",NA,"WC","N","20090619"
"8D","1st","","monechima.debile",NA,"WC","N","20090619"
"8D","1st","","monsonia.augustifolia",NA,"WC","N","20090619"
"8D","1st","","ocimum.sp",NA,"WC","N","20090619"
"8D","1st","","osteospermum.vaillantii",NA,"WC","N","20090619"
"8D","1st","","oxygonum.sinuatum",NA,"WC","N","20090619"
"8D","1st","","pavonia.patens",NA,"WC","N","20090619"
"8D","1st","","pelargonium.alchemilloides",NA,"WC","N","20090619"
"8D","1st","","pentanisia.ouranogyne",NA,"WC","N","20090619"
"8D","1st","","phyllanthus.maderaspatensis",NA,"WC","N","20090619"
"8D","1st","","plectranthus.spp",NA,"WC","N","20090619"
"8D","1st","","pollichia.campestris",NA,"WC","N","20090619"
"8D","1st","","polygala..l.",NA,"WC","N","20090619"
"8D","1st","","polygala.sphenoptera",NA,"WC","N","20090619"
"8D","1st","","portulaca.oleracea",NA,"WC","N","20090619"
"8D","1st","","portulaca.quadrifida",NA,"WC","N","20090619"
"8D","1st","","pseudognaphalium..helichrysum.glumaceum.",NA,"WC","N","20090619"
"8D","1st","","psilotrichum.schimperi",NA,"WC","N","20090619"
"8D","1st","","rhinacanthus.ndorensis",NA,"WC","N","20090619"
"8D","1st","","rhynchosia.holstii",NA,"WC","N","20090619"
"8D","1st","","schkuhria.pinnata",NA,"WC","N","20090619"
"8D","1st","","sida.2",NA,"WC","N","20090619"
"8D","1st","","sida.cuneifolia",NA,"WC","N","20090619"
"8D","1st","","solanum.incanum",NA,"WC","N","20090619"
"8D","1st","","solanum.indicum",NA,"WC","N","20090619"
"8D","1st","","tribulus.terrestris",NA,"WC","N","20090619"
"8D","1st","","u",NA,"WC","N","20090619"
"8D","1st","","w",NA,"WC","N","20090619"
"8D","1st","","x_4",NA,"WC","N","20090619"
"8D","1st","","x_5",NA,"WC","N","20090619"
"8D","1st","","x_6",NA,"WC","N","20090619"
"8D","1st","","x_7",NA,"WC","N","20090619"
"8D","1st","","x_8",NA,"WC","N","20090619"
"8B","1st","","bracharia.lacnantha",NA,"WC","N","20090619"
"8B","1st","","lintonia.nutans",NA,"WC","N","20090619"
"8B","1st","","pennisetum.mezianum",NA,"WC","N","20090619"
"8B","1st","","pennisetum.straminium",NA,"WC","N","20090619"
"8B","1st","","themeda.triandra",2,"WC","N","20090619"
"8B","1st","","bare",8,"WC","N","20090619"
"8B","1st","","x_2",NA,"WC","N","20090619"
"8B","1st","","aristida.kenyensis",NA,"WC","N","20090619"
"8B","1st","","bothriochloa.insculpta",NA,"WC","N","20090619"
"8B","1st","","bracharia.3",NA,"WC","N","20090619"
"8B","1st","","bracharia.eruciformis",NA,"WC","N","20090619"
"8B","1st","","chloris.sp",NA,"WC","N","20090619"
"8B","1st","","cynodon.dactylon",NA,"WC","N","20090619"
"8B","1st","","cynodon.plectostachyus",NA,"WC","N","20090619"
"8B","1st","","cyperus...mariscus.spp",NA,"WC","N","20090619"
"8B","1st","","digitaria.2",NA,"WC","N","20090619"
"8B","1st","","digitaria.milanjiana",NA,"WC","N","20090619"
"8B","1st","","dinebra.retroflexa",NA,"WC","N","20090619"
"8B","1st","","eragrostis.tenuifolia",NA,"WC","N","20090619"
"8B","1st","","harpachne.schimperi",NA,"WC","N","20090619"
"8B","1st","","microchloa.kunthii",NA,"WC","N","20090619"
"8B","1st","","panicum.astrosanguinum",NA,"WC","N","20090619"
"8B","1st","","setaria.acromelaena..small.",NA,"WC","N","20090619"
"8B","1st","","setaria.sphaecealata..big.",NA,"WC","N","20090619"
"8B","1st","","sporobolus.pyramidalis",NA,"WC","N","20090619"
"8B","1st","","tragus.berteronianus",NA,"WC","N","20090619"
"8B","1st","","x_3",NA,"WC","N","20090619"
"8B","1st","","acalypha.crenata",NA,"WC","N","20090619"
"8B","1st","","aerva.lanata",NA,"WC","N","20090619"
"8B","1st","","amaranthus.hibridus",NA,"WC","N","20090619"
"8B","1st","","aspilia.pluriseta",NA,"WC","N","20090619"
"8B","1st","","asterolinon.adoense..v.",NA,"WC","N","20090619"
"8B","1st","","caralluma.acutangula",NA,"WC","N","20090619"
"8B","1st","","chenopodium.opulifolium",NA,"WC","N","20090619"
"8B","1st","","chenopodium.schraderianum",NA,"WC","N","20090619"
"8B","1st","","commelina.spp",NA,"WC","N","20090619"
"8B","1st","","commicarpus.pedunculosus",NA,"WC","N","20090619"
"8B","1st","","conyza.sp",NA,"WC","N","20090619"
"8B","1st","","corchorus.sp",NA,"WC","N","20090619"
"8B","1st","","crotelaria.sp",NA,"WC","N","20090619"
"8B","1st","","cyathula.orthacantha",NA,"WC","N","20090619"
"8B","1st","","dyscoriste.radicans",NA,"WC","N","20090619"
"8B","1st","","euphorbia.inaequilatera",NA,"WC","N","20090619"
"8B","1st","","evolvulus.alsinoides",NA,"WC","N","20090619"
"8B","1st","","fern",NA,"WC","N","20090619"
"8B","1st","","gutenbergia.sp",NA,"WC","N","20090619"
"8B","1st","","hermannia.uhligii",NA,"WC","N","20090619"
"8B","1st","","hibiscus.flavifolius",NA,"WC","N","20090619"
"8B","1st","","hibiscus.trionum",NA,"WC","N","20090619"
"8B","1st","","indigofera.brevicalyx",NA,"WC","N","20090619"
"8B","1st","","indigofera.schimperi",NA,"WC","N","20090619"
"8B","1st","","ipomea.sinensis",NA,"WC","N","20090619"
"8B","1st","","justicia.dichipteroides",NA,"WC","N","20090619"
"8B","1st","","k",NA,"WC","N","20090619"
"8B","1st","","kyllinga.sp",NA,"WC","N","20090619"
"8B","1st","","leucas.glabrata",NA,"WC","N","20090619"
"8B","1st","","leucas.martiniscensis",NA,"WC","N","20090619"
"8B","1st","","lily.a",NA,"WC","N","20090619"
"8B","1st","","lily.b",NA,"WC","N","20090619"
"8B","1st","","lippia.javanica",NA,"WC","N","20090619"
"8B","1st","","melhania.spp.",NA,"WC","N","20090619"
"8B","1st","","misopates.orontium",NA,"WC","N","20090619"
"8B","1st","","mollugo.nudicaulis",NA,"WC","N","20090619"
"8B","1st","","monechima.debile",NA,"WC","N","20090619"
"8B","1st","","monsonia.augustifolia",NA,"WC","N","20090619"
"8B","1st","","ocimum.sp",NA,"WC","N","20090619"
"8B","1st","","osteospermum.vaillantii",NA,"WC","N","20090619"
"8B","1st","","oxygonum.sinuatum",NA,"WC","N","20090619"
"8B","1st","","pavonia.patens",NA,"WC","N","20090619"
"8B","1st","","pelargonium.alchemilloides",NA,"WC","N","20090619"
"8B","1st","","pentanisia.ouranogyne",NA,"WC","N","20090619"
"8B","1st","","phyllanthus.maderaspatensis",NA,"WC","N","20090619"
"8B","1st","","plectranthus.spp",NA,"WC","N","20090619"
"8B","1st","","pollichia.campestris",NA,"WC","N","20090619"
"8B","1st","","polygala..l.",NA,"WC","N","20090619"
"8B","1st","","polygala.sphenoptera",NA,"WC","N","20090619"
"8B","1st","","portulaca.oleracea",NA,"WC","N","20090619"
"8B","1st","","portulaca.quadrifida",NA,"WC","N","20090619"
"8B","1st","","pseudognaphalium..helichrysum.glumaceum.",NA,"WC","N","20090619"
"8B","1st","","psilotrichum.schimperi",NA,"WC","N","20090619"
"8B","1st","","rhinacanthus.ndorensis",NA,"WC","N","20090619"
"8B","1st","","rhynchosia.holstii",NA,"WC","N","20090619"
"8B","1st","","schkuhria.pinnata",NA,"WC","N","20090619"
"8B","1st","","sida.2",NA,"WC","N","20090619"
"8B","1st","","sida.cuneifolia",NA,"WC","N","20090619"
"8B","1st","","solanum.incanum",NA,"WC","N","20090619"
"8B","1st","","solanum.indicum",NA,"WC","N","20090619"
"8B","1st","","tribulus.terrestris",NA,"WC","N","20090619"
"8B","1st","","u",NA,"WC","N","20090619"
"8B","1st","","w",NA,"WC","N","20090619"
"8B","1st","","x_4",NA,"WC","N","20090619"
"8B","1st","","x_5",NA,"WC","N","20090619"
"8B","1st","","x_6",NA,"WC","N","20090619"
"8B","1st","","x_7",NA,"WC","N","20090619"
"8B","1st","","x_8",NA,"WC","N","20090619"
"9A","1st","","bracharia.lacnantha",NA,"WC","N","20090619"
"9A","1st","","lintonia.nutans",NA,"WC","N","20090619"
"9A","1st","","pennisetum.mezianum",NA,"WC","N","20090619"
"9A","1st","","pennisetum.straminium",NA,"WC","N","20090619"
"9A","1st","","themeda.triandra",NA,"WC","N","20090619"
"9A","1st","","bare",4,"WC","N","20090619"
"9A","1st","","x_2",NA,"WC","N","20090619"
"9A","1st","","aristida.kenyensis",NA,"WC","N","20090619"
"9A","1st","","bothriochloa.insculpta",1,"WC","N","20090619"
"9A","1st","","bracharia.3",NA,"WC","N","20090619"
"9A","1st","","bracharia.eruciformis",NA,"WC","N","20090619"
"9A","1st","","chloris.sp",NA,"WC","N","20090619"
"9A","1st","","cynodon.dactylon",NA,"WC","N","20090619"
"9A","1st","","cynodon.plectostachyus",NA,"WC","N","20090619"
"9A","1st","","cyperus...mariscus.spp",NA,"WC","N","20090619"
"9A","1st","","digitaria.2",NA,"WC","N","20090619"
"9A","1st","","digitaria.milanjiana",NA,"WC","N","20090619"
"9A","1st","","dinebra.retroflexa",NA,"WC","N","20090619"
"9A","1st","","eragrostis.tenuifolia",NA,"WC","N","20090619"
"9A","1st","","harpachne.schimperi",NA,"WC","N","20090619"
"9A","1st","","microchloa.kunthii",NA,"WC","N","20090619"
"9A","1st","","panicum.astrosanguinum",NA,"WC","N","20090619"
"9A","1st","","setaria.acromelaena..small.",NA,"WC","N","20090619"
"9A","1st","","setaria.sphaecealata..big.",NA,"WC","N","20090619"
"9A","1st","","sporobolus.pyramidalis",NA,"WC","N","20090619"
"9A","1st","","tragus.berteronianus",NA,"WC","N","20090619"
"9A","1st","","x_3",NA,"WC","N","20090619"
"9A","1st","","acalypha.crenata",NA,"WC","N","20090619"
"9A","1st","","aerva.lanata",2,"WC","N","20090619"
"9A","1st","","amaranthus.hibridus",NA,"WC","N","20090619"
"9A","1st","","aspilia.pluriseta",NA,"WC","N","20090619"
"9A","1st","","asterolinon.adoense..v.",NA,"WC","N","20090619"
"9A","1st","","caralluma.acutangula",NA,"WC","N","20090619"
"9A","1st","","chenopodium.opulifolium",NA,"WC","N","20090619"
"9A","1st","","chenopodium.schraderianum",NA,"WC","N","20090619"
"9A","1st","","commelina.spp",NA,"WC","N","20090619"
"9A","1st","","commicarpus.pedunculosus",NA,"WC","N","20090619"
"9A","1st","","conyza.sp",NA,"WC","N","20090619"
"9A","1st","","corchorus.sp",NA,"WC","N","20090619"
"9A","1st","","crotelaria.sp",NA,"WC","N","20090619"
"9A","1st","","cyathula.orthacantha",NA,"WC","N","20090619"
"9A","1st","","dyscoriste.radicans",NA,"WC","N","20090619"
"9A","1st","","euphorbia.inaequilatera",NA,"WC","N","20090619"
"9A","1st","","evolvulus.alsinoides",NA,"WC","N","20090619"
"9A","1st","","fern",NA,"WC","N","20090619"
"9A","1st","","gutenbergia.sp",NA,"WC","N","20090619"
"9A","1st","","hermannia.uhligii",NA,"WC","N","20090619"
"9A","1st","","hibiscus.flavifolius",NA,"WC","N","20090619"
"9A","1st","","hibiscus.trionum",NA,"WC","N","20090619"
"9A","1st","","indigofera.brevicalyx",NA,"WC","N","20090619"
"9A","1st","","indigofera.schimperi",NA,"WC","N","20090619"
"9A","1st","","ipomea.sinensis",NA,"WC","N","20090619"
"9A","1st","","justicia.dichipteroides",NA,"WC","N","20090619"
"9A","1st","","k",NA,"WC","N","20090619"
"9A","1st","","kyllinga.sp",NA,"WC","N","20090619"
"9A","1st","","leucas.glabrata",NA,"WC","N","20090619"
"9A","1st","","leucas.martiniscensis",NA,"WC","N","20090619"
"9A","1st","","lily.a",NA,"WC","N","20090619"
"9A","1st","","lily.b",NA,"WC","N","20090619"
"9A","1st","","lippia.javanica",NA,"WC","N","20090619"
"9A","1st","","melhania.spp.",NA,"WC","N","20090619"
"9A","1st","","misopates.orontium",NA,"WC","N","20090619"
"9A","1st","","mollugo.nudicaulis",NA,"WC","N","20090619"
"9A","1st","","monechima.debile",NA,"WC","N","20090619"
"9A","1st","","monsonia.augustifolia",NA,"WC","N","20090619"
"9A","1st","","ocimum.sp",NA,"WC","N","20090619"
"9A","1st","","osteospermum.vaillantii",NA,"WC","N","20090619"
"9A","1st","","oxygonum.sinuatum",NA,"WC","N","20090619"
"9A","1st","","pavonia.patens",NA,"WC","N","20090619"
"9A","1st","","pelargonium.alchemilloides",NA,"WC","N","20090619"
"9A","1st","","pentanisia.ouranogyne",NA,"WC","N","20090619"
"9A","1st","","phyllanthus.maderaspatensis",NA,"WC","N","20090619"
"9A","1st","","plectranthus.spp",NA,"WC","N","20090619"
"9A","1st","","pollichia.campestris",NA,"WC","N","20090619"
"9A","1st","","polygala..l.",NA,"WC","N","20090619"
"9A","1st","","polygala.sphenoptera",NA,"WC","N","20090619"
"9A","1st","","portulaca.oleracea",NA,"WC","N","20090619"
"9A","1st","","portulaca.quadrifida",NA,"WC","N","20090619"
"9A","1st","","pseudognaphalium..helichrysum.glumaceum.",NA,"WC","N","20090619"
"9A","1st","","psilotrichum.schimperi",NA,"WC","N","20090619"
"9A","1st","","rhinacanthus.ndorensis",NA,"WC","N","20090619"
"9A","1st","","rhynchosia.holstii",NA,"WC","N","20090619"
"9A","1st","","schkuhria.pinnata",NA,"WC","N","20090619"
"9A","1st","","sida.2",NA,"WC","N","20090619"
"9A","1st","","sida.cuneifolia",NA,"WC","N","20090619"
"9A","1st","","solanum.incanum",NA,"WC","N","20090619"
"9A","1st","","solanum.indicum",NA,"WC","N","20090619"
"9A","1st","","tribulus.terrestris",NA,"WC","N","20090619"
"9A","1st","","u",NA,"WC","N","20090619"
"9A","1st","","w",NA,"WC","N","20090619"
"9A","1st","","x_4",NA,"WC","N","20090619"
"9A","1st","","x_5",NA,"WC","N","20090619"
"9A","1st","","x_6",NA,"WC","N","20090619"
"9A","1st","","x_7",NA,"WC","N","20090619"
"9A","1st","","x_8",NA,"WC","N","20090619"
"9C","1st","","bracharia.lacnantha",NA,"WC","N","20090619"
"9C","1st","","lintonia.nutans",NA,"WC","N","20090619"
"9C","1st","","pennisetum.mezianum",NA,"WC","N","20090619"
"9C","1st","","pennisetum.straminium",NA,"WC","N","20090619"
"9C","1st","","themeda.triandra",NA,"WC","N","20090619"
"9C","1st","","bare",5,"WC","N","20090619"
"9C","1st","","x_2",NA,"WC","N","20090619"
"9C","1st","","aristida.kenyensis",NA,"WC","N","20090619"
"9C","1st","","bothriochloa.insculpta",NA,"WC","N","20090619"
"9C","1st","","bracharia.3",NA,"WC","N","20090619"
"9C","1st","","bracharia.eruciformis",NA,"WC","N","20090619"
"9C","1st","","chloris.sp",NA,"WC","N","20090619"
"9C","1st","","cynodon.dactylon",NA,"WC","N","20090619"
"9C","1st","","cynodon.plectostachyus",NA,"WC","N","20090619"
"9C","1st","","cyperus...mariscus.spp",NA,"WC","N","20090619"
"9C","1st","","digitaria.2",NA,"WC","N","20090619"
"9C","1st","","digitaria.milanjiana",NA,"WC","N","20090619"
"9C","1st","","dinebra.retroflexa",NA,"WC","N","20090619"
"9C","1st","","eragrostis.tenuifolia",NA,"WC","N","20090619"
"9C","1st","","harpachne.schimperi",NA,"WC","N","20090619"
"9C","1st","","microchloa.kunthii",NA,"WC","N","20090619"
"9C","1st","","panicum.astrosanguinum",NA,"WC","N","20090619"
"9C","1st","","setaria.acromelaena..small.",NA,"WC","N","20090619"
"9C","1st","","setaria.sphaecealata..big.",NA,"WC","N","20090619"
"9C","1st","","sporobolus.pyramidalis",NA,"WC","N","20090619"
"9C","1st","","tragus.berteronianus",NA,"WC","N","20090619"
"9C","1st","","x_3",NA,"WC","N","20090619"
"9C","1st","","acalypha.crenata",NA,"WC","N","20090619"
"9C","1st","","aerva.lanata",NA,"WC","N","20090619"
"9C","1st","","amaranthus.hibridus",NA,"WC","N","20090619"
"9C","1st","","aspilia.pluriseta",NA,"WC","N","20090619"
"9C","1st","","asterolinon.adoense..v.",NA,"WC","N","20090619"
"9C","1st","","caralluma.acutangula",NA,"WC","N","20090619"
"9C","1st","","chenopodium.opulifolium",NA,"WC","N","20090619"
"9C","1st","","chenopodium.schraderianum",NA,"WC","N","20090619"
"9C","1st","","commelina.spp",NA,"WC","N","20090619"
"9C","1st","","commicarpus.pedunculosus",NA,"WC","N","20090619"
"9C","1st","","conyza.sp",NA,"WC","N","20090619"
"9C","1st","","corchorus.sp",NA,"WC","N","20090619"
"9C","1st","","crotelaria.sp",NA,"WC","N","20090619"
"9C","1st","","cyathula.orthacantha",NA,"WC","N","20090619"
"9C","1st","","dyscoriste.radicans",NA,"WC","N","20090619"
"9C","1st","","euphorbia.inaequilatera",NA,"WC","N","20090619"
"9C","1st","","evolvulus.alsinoides",NA,"WC","N","20090619"
"9C","1st","","fern",NA,"WC","N","20090619"
"9C","1st","","gutenbergia.sp",NA,"WC","N","20090619"
"9C","1st","","hermannia.uhligii",NA,"WC","N","20090619"
"9C","1st","","hibiscus.flavifolius",NA,"WC","N","20090619"
"9C","1st","","hibiscus.trionum",NA,"WC","N","20090619"
"9C","1st","","indigofera.brevicalyx",NA,"WC","N","20090619"
"9C","1st","","indigofera.schimperi",NA,"WC","N","20090619"
"9C","1st","","ipomea.sinensis",NA,"WC","N","20090619"
"9C","1st","","justicia.dichipteroides",NA,"WC","N","20090619"
"9C","1st","","k",NA,"WC","N","20090619"
"9C","1st","","kyllinga.sp",NA,"WC","N","20090619"
"9C","1st","","leucas.glabrata",NA,"WC","N","20090619"
"9C","1st","","leucas.martiniscensis",NA,"WC","N","20090619"
"9C","1st","","lily.a",NA,"WC","N","20090619"
"9C","1st","","lily.b",NA,"WC","N","20090619"
"9C","1st","","lippia.javanica",NA,"WC","N","20090619"
"9C","1st","","melhania.spp.",NA,"WC","N","20090619"
"9C","1st","","misopates.orontium",NA,"WC","N","20090619"
"9C","1st","","mollugo.nudicaulis",NA,"WC","N","20090619"
"9C","1st","","monechima.debile",NA,"WC","N","20090619"
"9C","1st","","monsonia.augustifolia",NA,"WC","N","20090619"
"9C","1st","","ocimum.sp",NA,"WC","N","20090619"
"9C","1st","","osteospermum.vaillantii",NA,"WC","N","20090619"
"9C","1st","","oxygonum.sinuatum",NA,"WC","N","20090619"
"9C","1st","","pavonia.patens",NA,"WC","N","20090619"
"9C","1st","","pelargonium.alchemilloides",NA,"WC","N","20090619"
"9C","1st","","pentanisia.ouranogyne",NA,"WC","N","20090619"
"9C","1st","","phyllanthus.maderaspatensis",NA,"WC","N","20090619"
"9C","1st","","plectranthus.spp",NA,"WC","N","20090619"
"9C","1st","","pollichia.campestris",NA,"WC","N","20090619"
"9C","1st","","polygala..l.",NA,"WC","N","20090619"
"9C","1st","","polygala.sphenoptera",NA,"WC","N","20090619"
"9C","1st","","portulaca.oleracea",NA,"WC","N","20090619"
"9C","1st","","portulaca.quadrifida",NA,"WC","N","20090619"
"9C","1st","","pseudognaphalium..helichrysum.glumaceum.",NA,"WC","N","20090619"
"9C","1st","","psilotrichum.schimperi",NA,"WC","N","20090619"
"9C","1st","","rhinacanthus.ndorensis",NA,"WC","N","20090619"
"9C","1st","","rhynchosia.holstii",NA,"WC","N","20090619"
"9C","1st","","schkuhria.pinnata",NA,"WC","N","20090619"
"9C","1st","","sida.2",NA,"WC","N","20090619"
"9C","1st","","sida.cuneifolia",NA,"WC","N","20090619"
"9C","1st","","solanum.incanum",NA,"WC","N","20090619"
"9C","1st","","solanum.indicum",NA,"WC","N","20090619"
"9C","1st","","tribulus.terrestris",NA,"WC","N","20090619"
"9C","1st","","u",NA,"WC","N","20090619"
"9C","1st","","w",NA,"WC","N","20090619"
"9C","1st","","x_4",NA,"WC","N","20090619"
"9C","1st","","x_5",NA,"WC","N","20090619"
"9C","1st","","x_6",NA,"WC","N","20090619"
"9C","1st","","x_7",NA,"WC","N","20090619"
"9C","1st","","x_8",NA,"WC","N","20090619"
"9E","1st","","bracharia.lacnantha",NA,"WC","N","20090619"
"9E","1st","","lintonia.nutans",NA,"WC","N","20090619"
"9E","1st","","pennisetum.mezianum",NA,"WC","N","20090619"
"9E","1st","","pennisetum.straminium",NA,"WC","N","20090619"
"9E","1st","","themeda.triandra",NA,"WC","N","20090619"
"9E","1st","","bare",4,"WC","N","20090619"
"9E","1st","","x_2",NA,"WC","N","20090619"
"9E","1st","","aristida.kenyensis",NA,"WC","N","20090619"
"9E","1st","","bothriochloa.insculpta",NA,"WC","N","20090619"
"9E","1st","","bracharia.3",NA,"WC","N","20090619"
"9E","1st","","bracharia.eruciformis",NA,"WC","N","20090619"
"9E","1st","","chloris.sp",NA,"WC","N","20090619"
"9E","1st","","cynodon.dactylon",NA,"WC","N","20090619"
"9E","1st","","cynodon.plectostachyus",NA,"WC","N","20090619"
"9E","1st","","cyperus...mariscus.spp",NA,"WC","N","20090619"
"9E","1st","","digitaria.2",NA,"WC","N","20090619"
"9E","1st","","digitaria.milanjiana",NA,"WC","N","20090619"
"9E","1st","","dinebra.retroflexa",NA,"WC","N","20090619"
"9E","1st","","eragrostis.tenuifolia",NA,"WC","N","20090619"
"9E","1st","","harpachne.schimperi",NA,"WC","N","20090619"
"9E","1st","","microchloa.kunthii",NA,"WC","N","20090619"
"9E","1st","","panicum.astrosanguinum",NA,"WC","N","20090619"
"9E","1st","","setaria.acromelaena..small.",NA,"WC","N","20090619"
"9E","1st","","setaria.sphaecealata..big.",NA,"WC","N","20090619"
"9E","1st","","sporobolus.pyramidalis",NA,"WC","N","20090619"
"9E","1st","","tragus.berteronianus",NA,"WC","N","20090619"
"9E","1st","","x_3",NA,"WC","N","20090619"
"9E","1st","","acalypha.crenata",NA,"WC","N","20090619"
"9E","1st","","aerva.lanata",NA,"WC","N","20090619"
"9E","1st","","amaranthus.hibridus",NA,"WC","N","20090619"
"9E","1st","","aspilia.pluriseta",NA,"WC","N","20090619"
"9E","1st","","asterolinon.adoense..v.",NA,"WC","N","20090619"
"9E","1st","","caralluma.acutangula",NA,"WC","N","20090619"
"9E","1st","","chenopodium.opulifolium",NA,"WC","N","20090619"
"9E","1st","","chenopodium.schraderianum",NA,"WC","N","20090619"
"9E","1st","","commelina.spp",NA,"WC","N","20090619"
"9E","1st","","commicarpus.pedunculosus",NA,"WC","N","20090619"
"9E","1st","","conyza.sp",NA,"WC","N","20090619"
"9E","1st","","corchorus.sp",NA,"WC","N","20090619"
"9E","1st","","crotelaria.sp",NA,"WC","N","20090619"
"9E","1st","","cyathula.orthacantha",NA,"WC","N","20090619"
"9E","1st","","dyscoriste.radicans",NA,"WC","N","20090619"
"9E","1st","","euphorbia.inaequilatera",NA,"WC","N","20090619"
"9E","1st","","evolvulus.alsinoides",NA,"WC","N","20090619"
"9E","1st","","fern",NA,"WC","N","20090619"
"9E","1st","","gutenbergia.sp",NA,"WC","N","20090619"
"9E","1st","","hermannia.uhligii",NA,"WC","N","20090619"
"9E","1st","","hibiscus.flavifolius",NA,"WC","N","20090619"
"9E","1st","","hibiscus.trionum",NA,"WC","N","20090619"
"9E","1st","","indigofera.brevicalyx",NA,"WC","N","20090619"
"9E","1st","","indigofera.schimperi",NA,"WC","N","20090619"
"9E","1st","","ipomea.sinensis",NA,"WC","N","20090619"
"9E","1st","","justicia.dichipteroides",NA,"WC","N","20090619"
"9E","1st","","k",NA,"WC","N","20090619"
"9E","1st","","kyllinga.sp",NA,"WC","N","20090619"
"9E","1st","","leucas.glabrata",NA,"WC","N","20090619"
"9E","1st","","leucas.martiniscensis",NA,"WC","N","20090619"
"9E","1st","","lily.a",NA,"WC","N","20090619"
"9E","1st","","lily.b",NA,"WC","N","20090619"
"9E","1st","","lippia.javanica",NA,"WC","N","20090619"
"9E","1st","","melhania.spp.",NA,"WC","N","20090619"
"9E","1st","","misopates.orontium",NA,"WC","N","20090619"
"9E","1st","","mollugo.nudicaulis",NA,"WC","N","20090619"
"9E","1st","","monechima.debile",NA,"WC","N","20090619"
"9E","1st","","monsonia.augustifolia",NA,"WC","N","20090619"
"9E","1st","","ocimum.sp",NA,"WC","N","20090619"
"9E","1st","","osteospermum.vaillantii",NA,"WC","N","20090619"
"9E","1st","","oxygonum.sinuatum",NA,"WC","N","20090619"
"9E","1st","","pavonia.patens",NA,"WC","N","20090619"
"9E","1st","","pelargonium.alchemilloides",NA,"WC","N","20090619"
"9E","1st","","pentanisia.ouranogyne",NA,"WC","N","20090619"
"9E","1st","","phyllanthus.maderaspatensis",NA,"WC","N","20090619"
"9E","1st","","plectranthus.spp",NA,"WC","N","20090619"
"9E","1st","","pollichia.campestris",NA,"WC","N","20090619"
"9E","1st","","polygala..l.",NA,"WC","N","20090619"
"9E","1st","","polygala.sphenoptera",NA,"WC","N","20090619"
"9E","1st","","portulaca.oleracea",NA,"WC","N","20090619"
"9E","1st","","portulaca.quadrifida",NA,"WC","N","20090619"
"9E","1st","","pseudognaphalium..helichrysum.glumaceum.",NA,"WC","N","20090619"
"9E","1st","","psilotrichum.schimperi",NA,"WC","N","20090619"
"9E","1st","","rhinacanthus.ndorensis",NA,"WC","N","20090619"
"9E","1st","","rhynchosia.holstii",NA,"WC","N","20090619"
"9E","1st","","schkuhria.pinnata",NA,"WC","N","20090619"
"9E","1st","","sida.2",NA,"WC","N","20090619"
"9E","1st","","sida.cuneifolia",NA,"WC","N","20090619"
"9E","1st","","solanum.incanum",NA,"WC","N","20090619"
"9E","1st","","solanum.indicum",NA,"WC","N","20090619"
"9E","1st","","tribulus.terrestris",NA,"WC","N","20090619"
"9E","1st","","u",NA,"WC","N","20090619"
"9E","1st","","w",NA,"WC","N","20090619"
"9E","1st","","x_4",NA,"WC","N","20090619"
"9E","1st","","x_5",NA,"WC","N","20090619"
"9E","1st","","x_6",NA,"WC","N","20090619"
"9E","1st","","x_7",NA,"WC","N","20090619"
"9E","1st","","x_8",NA,"WC","N","20090619"
"9G","1st","","bracharia.lacnantha",NA,"WC","N","20090619"
"9G","1st","","lintonia.nutans",NA,"WC","N","20090619"
"9G","1st","","pennisetum.mezianum",NA,"WC","N","20090619"
"9G","1st","","pennisetum.straminium",NA,"WC","N","20090619"
"9G","1st","","themeda.triandra",NA,"WC","N","20090619"
"9G","1st","","bare",2,"WC","N","20090619"
"9G","1st","","x_2",NA,"WC","N","20090619"
"9G","1st","","aristida.kenyensis",NA,"WC","N","20090619"
"9G","1st","","bothriochloa.insculpta",NA,"WC","N","20090619"
"9G","1st","","bracharia.3",NA,"WC","N","20090619"
"9G","1st","","bracharia.eruciformis",NA,"WC","N","20090619"
"9G","1st","","chloris.sp",NA,"WC","N","20090619"
"9G","1st","","cynodon.dactylon",NA,"WC","N","20090619"
"9G","1st","","cynodon.plectostachyus",NA,"WC","N","20090619"
"9G","1st","","cyperus...mariscus.spp",NA,"WC","N","20090619"
"9G","1st","","digitaria.2",NA,"WC","N","20090619"
"9G","1st","","digitaria.milanjiana",NA,"WC","N","20090619"
"9G","1st","","dinebra.retroflexa",NA,"WC","N","20090619"
"9G","1st","","eragrostis.tenuifolia",NA,"WC","N","20090619"
"9G","1st","","harpachne.schimperi",NA,"WC","N","20090619"
"9G","1st","","microchloa.kunthii",NA,"WC","N","20090619"
"9G","1st","","panicum.astrosanguinum",NA,"WC","N","20090619"
"9G","1st","","setaria.acromelaena..small.",NA,"WC","N","20090619"
"9G","1st","","setaria.sphaecealata..big.",NA,"WC","N","20090619"
"9G","1st","","sporobolus.pyramidalis",NA,"WC","N","20090619"
"9G","1st","","tragus.berteronianus",NA,"WC","N","20090619"
"9G","1st","","x_3",NA,"WC","N","20090619"
"9G","1st","","acalypha.crenata",NA,"WC","N","20090619"
"9G","1st","","aerva.lanata",NA,"WC","N","20090619"
"9G","1st","","amaranthus.hibridus",NA,"WC","N","20090619"
"9G","1st","","aspilia.pluriseta",NA,"WC","N","20090619"
"9G","1st","","asterolinon.adoense..v.",NA,"WC","N","20090619"
"9G","1st","","caralluma.acutangula",NA,"WC","N","20090619"
"9G","1st","","chenopodium.opulifolium",NA,"WC","N","20090619"
"9G","1st","","chenopodium.schraderianum",NA,"WC","N","20090619"
"9G","1st","","commelina.spp",NA,"WC","N","20090619"
"9G","1st","","commicarpus.pedunculosus",NA,"WC","N","20090619"
"9G","1st","","conyza.sp",NA,"WC","N","20090619"
"9G","1st","","corchorus.sp",NA,"WC","N","20090619"
"9G","1st","","crotelaria.sp",NA,"WC","N","20090619"
"9G","1st","","cyathula.orthacantha",NA,"WC","N","20090619"
"9G","1st","","dyscoriste.radicans",NA,"WC","N","20090619"
"9G","1st","","euphorbia.inaequilatera",NA,"WC","N","20090619"
"9G","1st","","evolvulus.alsinoides",NA,"WC","N","20090619"
"9G","1st","","fern",NA,"WC","N","20090619"
"9G","1st","","gutenbergia.sp",NA,"WC","N","20090619"
"9G","1st","","hermannia.uhligii",NA,"WC","N","20090619"
"9G","1st","","hibiscus.flavifolius",NA,"WC","N","20090619"
"9G","1st","","hibiscus.trionum",NA,"WC","N","20090619"
"9G","1st","","indigofera.brevicalyx",NA,"WC","N","20090619"
"9G","1st","","indigofera.schimperi",NA,"WC","N","20090619"
"9G","1st","","ipomea.sinensis",NA,"WC","N","20090619"
"9G","1st","","justicia.dichipteroides",NA,"WC","N","20090619"
"9G","1st","","k",NA,"WC","N","20090619"
"9G","1st","","kyllinga.sp",NA,"WC","N","20090619"
"9G","1st","","leucas.glabrata",NA,"WC","N","20090619"
"9G","1st","","leucas.martiniscensis",NA,"WC","N","20090619"
"9G","1st","","lily.a",NA,"WC","N","20090619"
"9G","1st","","lily.b",NA,"WC","N","20090619"
"9G","1st","","lippia.javanica",NA,"WC","N","20090619"
"9G","1st","","melhania.spp.",NA,"WC","N","20090619"
"9G","1st","","misopates.orontium",NA,"WC","N","20090619"
"9G","1st","","mollugo.nudicaulis",NA,"WC","N","20090619"
"9G","1st","","monechima.debile",NA,"WC","N","20090619"
"9G","1st","","monsonia.augustifolia",NA,"WC","N","20090619"
"9G","1st","","ocimum.sp",NA,"WC","N","20090619"
"9G","1st","","osteospermum.vaillantii",NA,"WC","N","20090619"
"9G","1st","","oxygonum.sinuatum",NA,"WC","N","20090619"
"9G","1st","","pavonia.patens",NA,"WC","N","20090619"
"9G","1st","","pelargonium.alchemilloides",NA,"WC","N","20090619"
"9G","1st","","pentanisia.ouranogyne",NA,"WC","N","20090619"
"9G","1st","","phyllanthus.maderaspatensis",NA,"WC","N","20090619"
"9G","1st","","plectranthus.spp",NA,"WC","N","20090619"
"9G","1st","","pollichia.campestris",NA,"WC","N","20090619"
"9G","1st","","polygala..l.",NA,"WC","N","20090619"
"9G","1st","","polygala.sphenoptera",NA,"WC","N","20090619"
"9G","1st","","portulaca.oleracea",NA,"WC","N","20090619"
"9G","1st","","portulaca.quadrifida",NA,"WC","N","20090619"
"9G","1st","","pseudognaphalium..helichrysum.glumaceum.",NA,"WC","N","20090619"
"9G","1st","","psilotrichum.schimperi",NA,"WC","N","20090619"
"9G","1st","","rhinacanthus.ndorensis",NA,"WC","N","20090619"
"9G","1st","","rhynchosia.holstii",NA,"WC","N","20090619"
"9G","1st","","schkuhria.pinnata",NA,"WC","N","20090619"
"9G","1st","","sida.2",NA,"WC","N","20090619"
"9G","1st","","sida.cuneifolia",NA,"WC","N","20090619"
"9G","1st","","solanum.incanum",NA,"WC","N","20090619"
"9G","1st","","solanum.indicum",NA,"WC","N","20090619"
"9G","1st","","tribulus.terrestris",NA,"WC","N","20090619"
"9G","1st","","u",NA,"WC","N","20090619"
"9G","1st","","w",NA,"WC","N","20090619"
"9G","1st","","x_4",NA,"WC","N","20090619"
"9G","1st","","x_5",NA,"WC","N","20090619"
"9G","1st","","x_6",NA,"WC","N","20090619"
"9G","1st","","x_7",NA,"WC","N","20090619"
"9G","1st","","x_8",NA,"WC","N","20090619"
"9I","1st","","bracharia.lacnantha",NA,"WC","N","20090619"
"9I","1st","","lintonia.nutans",NA,"WC","N","20090619"
"9I","1st","","pennisetum.mezianum",NA,"WC","N","20090619"
"9I","1st","","pennisetum.straminium",NA,"WC","N","20090619"
"9I","1st","","themeda.triandra",NA,"WC","N","20090619"
"9I","1st","","bare",2,"WC","N","20090619"
"9I","1st","","x_2",NA,"WC","N","20090619"
"9I","1st","","aristida.kenyensis",NA,"WC","N","20090619"
"9I","1st","","bothriochloa.insculpta",NA,"WC","N","20090619"
"9I","1st","","bracharia.3",NA,"WC","N","20090619"
"9I","1st","","bracharia.eruciformis",NA,"WC","N","20090619"
"9I","1st","","chloris.sp",NA,"WC","N","20090619"
"9I","1st","","cynodon.dactylon",NA,"WC","N","20090619"
"9I","1st","","cynodon.plectostachyus",NA,"WC","N","20090619"
"9I","1st","","cyperus...mariscus.spp",NA,"WC","N","20090619"
"9I","1st","","digitaria.2",NA,"WC","N","20090619"
"9I","1st","","digitaria.milanjiana",NA,"WC","N","20090619"
"9I","1st","","dinebra.retroflexa",NA,"WC","N","20090619"
"9I","1st","","eragrostis.tenuifolia",NA,"WC","N","20090619"
"9I","1st","","harpachne.schimperi",NA,"WC","N","20090619"
"9I","1st","","microchloa.kunthii",NA,"WC","N","20090619"
"9I","1st","","panicum.astrosanguinum",NA,"WC","N","20090619"
"9I","1st","","setaria.acromelaena..small.",NA,"WC","N","20090619"
"9I","1st","","setaria.sphaecealata..big.",NA,"WC","N","20090619"
"9I","1st","","sporobolus.pyramidalis",NA,"WC","N","20090619"
"9I","1st","","tragus.berteronianus",NA,"WC","N","20090619"
"9I","1st","","x_3",NA,"WC","N","20090619"
"9I","1st","","acalypha.crenata",NA,"WC","N","20090619"
"9I","1st","","aerva.lanata",NA,"WC","N","20090619"
"9I","1st","","amaranthus.hibridus",NA,"WC","N","20090619"
"9I","1st","","aspilia.pluriseta",NA,"WC","N","20090619"
"9I","1st","","asterolinon.adoense..v.",NA,"WC","N","20090619"
"9I","1st","","caralluma.acutangula",NA,"WC","N","20090619"
"9I","1st","","chenopodium.opulifolium",NA,"WC","N","20090619"
"9I","1st","","chenopodium.schraderianum",NA,"WC","N","20090619"
"9I","1st","","commelina.spp",NA,"WC","N","20090619"
"9I","1st","","commicarpus.pedunculosus",NA,"WC","N","20090619"
"9I","1st","","conyza.sp",NA,"WC","N","20090619"
"9I","1st","","corchorus.sp",NA,"WC","N","20090619"
"9I","1st","","crotelaria.sp",NA,"WC","N","20090619"
"9I","1st","","cyathula.orthacantha",NA,"WC","N","20090619"
"9I","1st","","dyscoriste.radicans",NA,"WC","N","20090619"
"9I","1st","","euphorbia.inaequilatera",NA,"WC","N","20090619"
"9I","1st","","evolvulus.alsinoides",NA,"WC","N","20090619"
"9I","1st","","fern",NA,"WC","N","20090619"
"9I","1st","","gutenbergia.sp",NA,"WC","N","20090619"
"9I","1st","","hermannia.uhligii",NA,"WC","N","20090619"
"9I","1st","","hibiscus.flavifolius",NA,"WC","N","20090619"
"9I","1st","","hibiscus.trionum",NA,"WC","N","20090619"
"9I","1st","","indigofera.brevicalyx",NA,"WC","N","20090619"
"9I","1st","","indigofera.schimperi",NA,"WC","N","20090619"
"9I","1st","","ipomea.sinensis",NA,"WC","N","20090619"
"9I","1st","","justicia.dichipteroides",NA,"WC","N","20090619"
"9I","1st","","k",NA,"WC","N","20090619"
"9I","1st","","kyllinga.sp",NA,"WC","N","20090619"
"9I","1st","","leucas.glabrata",NA,"WC","N","20090619"
"9I","1st","","leucas.martiniscensis",NA,"WC","N","20090619"
"9I","1st","","lily.a",NA,"WC","N","20090619"
"9I","1st","","lily.b",NA,"WC","N","20090619"
"9I","1st","","lippia.javanica",NA,"WC","N","20090619"
"9I","1st","","melhania.spp.",NA,"WC","N","20090619"
"9I","1st","","misopates.orontium",NA,"WC","N","20090619"
"9I","1st","","mollugo.nudicaulis",NA,"WC","N","20090619"
"9I","1st","","monechima.debile",NA,"WC","N","20090619"
"9I","1st","","monsonia.augustifolia",NA,"WC","N","20090619"
"9I","1st","","ocimum.sp",NA,"WC","N","20090619"
"9I","1st","","osteospermum.vaillantii",NA,"WC","N","20090619"
"9I","1st","","oxygonum.sinuatum",NA,"WC","N","20090619"
"9I","1st","","pavonia.patens",NA,"WC","N","20090619"
"9I","1st","","pelargonium.alchemilloides",NA,"WC","N","20090619"
"9I","1st","","pentanisia.ouranogyne",NA,"WC","N","20090619"
"9I","1st","","phyllanthus.maderaspatensis",NA,"WC","N","20090619"
"9I","1st","","plectranthus.spp",NA,"WC","N","20090619"
"9I","1st","","pollichia.campestris",NA,"WC","N","20090619"
"9I","1st","","polygala..l.",NA,"WC","N","20090619"
"9I","1st","","polygala.sphenoptera",NA,"WC","N","20090619"
"9I","1st","","portulaca.oleracea",NA,"WC","N","20090619"
"9I","1st","","portulaca.quadrifida",NA,"WC","N","20090619"
"9I","1st","","pseudognaphalium..helichrysum.glumaceum.",2,"WC","N","20090619"
"9I","1st","","psilotrichum.schimperi",NA,"WC","N","20090619"
"9I","1st","","rhinacanthus.ndorensis",NA,"WC","N","20090619"
"9I","1st","","rhynchosia.holstii",NA,"WC","N","20090619"
"9I","1st","","schkuhria.pinnata",NA,"WC","N","20090619"
"9I","1st","","sida.2",NA,"WC","N","20090619"
"9I","1st","","sida.cuneifolia",NA,"WC","N","20090619"
"9I","1st","","solanum.incanum",NA,"WC","N","20090619"
"9I","1st","","solanum.indicum",NA,"WC","N","20090619"
"9I","1st","","tribulus.terrestris",NA,"WC","N","20090619"
"9I","1st","","u",NA,"WC","N","20090619"
"9I","1st","","w",NA,"WC","N","20090619"
"9I","1st","","x_4",NA,"WC","N","20090619"
"9I","1st","","x_5",NA,"WC","N","20090619"
"9I","1st","","x_6",NA,"WC","N","20090619"
"9I","1st","","x_7",NA,"WC","N","20090619"
"9I","1st","","x_8",NA,"WC","N","20090619"
"10J","1st","","bracharia.lacnantha",NA,"WC","N","20090619"
"10J","1st","","lintonia.nutans",NA,"WC","N","20090619"
"10J","1st","","pennisetum.mezianum",NA,"WC","N","20090619"
"10J","1st","","pennisetum.straminium",NA,"WC","N","20090619"
"10J","1st","","themeda.triandra",NA,"WC","N","20090619"
"10J","1st","","bare",3,"WC","N","20090619"
"10J","1st","","x_2",NA,"WC","N","20090619"
"10J","1st","","aristida.kenyensis",NA,"WC","N","20090619"
"10J","1st","","bothriochloa.insculpta",NA,"WC","N","20090619"
"10J","1st","","bracharia.3",NA,"WC","N","20090619"
"10J","1st","","bracharia.eruciformis",NA,"WC","N","20090619"
"10J","1st","","chloris.sp",NA,"WC","N","20090619"
"10J","1st","","cynodon.dactylon",NA,"WC","N","20090619"
"10J","1st","","cynodon.plectostachyus",NA,"WC","N","20090619"
"10J","1st","","cyperus...mariscus.spp",NA,"WC","N","20090619"
"10J","1st","","digitaria.2",NA,"WC","N","20090619"
"10J","1st","","digitaria.milanjiana",NA,"WC","N","20090619"
"10J","1st","","dinebra.retroflexa",NA,"WC","N","20090619"
"10J","1st","","eragrostis.tenuifolia",NA,"WC","N","20090619"
"10J","1st","","harpachne.schimperi",NA,"WC","N","20090619"
"10J","1st","","microchloa.kunthii",NA,"WC","N","20090619"
"10J","1st","","panicum.astrosanguinum",NA,"WC","N","20090619"
"10J","1st","","setaria.acromelaena..small.",NA,"WC","N","20090619"
"10J","1st","","setaria.sphaecealata..big.",NA,"WC","N","20090619"
"10J","1st","","sporobolus.pyramidalis",NA,"WC","N","20090619"
"10J","1st","","tragus.berteronianus",NA,"WC","N","20090619"
"10J","1st","","x_3",NA,"WC","N","20090619"
"10J","1st","","acalypha.crenata",NA,"WC","N","20090619"
"10J","1st","","aerva.lanata",NA,"WC","N","20090619"
"10J","1st","","amaranthus.hibridus",NA,"WC","N","20090619"
"10J","1st","","aspilia.pluriseta",NA,"WC","N","20090619"
"10J","1st","","asterolinon.adoense..v.",NA,"WC","N","20090619"
"10J","1st","","caralluma.acutangula",NA,"WC","N","20090619"
"10J","1st","","chenopodium.opulifolium",NA,"WC","N","20090619"
"10J","1st","","chenopodium.schraderianum",NA,"WC","N","20090619"
"10J","1st","","commelina.spp",NA,"WC","N","20090619"
"10J","1st","","commicarpus.pedunculosus",NA,"WC","N","20090619"
"10J","1st","","conyza.sp",NA,"WC","N","20090619"
"10J","1st","","corchorus.sp",NA,"WC","N","20090619"
"10J","1st","","crotelaria.sp",NA,"WC","N","20090619"
"10J","1st","","cyathula.orthacantha",NA,"WC","N","20090619"
"10J","1st","","dyscoriste.radicans",NA,"WC","N","20090619"
"10J","1st","","euphorbia.inaequilatera",NA,"WC","N","20090619"
"10J","1st","","evolvulus.alsinoides",NA,"WC","N","20090619"
"10J","1st","","fern",NA,"WC","N","20090619"
"10J","1st","","gutenbergia.sp",NA,"WC","N","20090619"
"10J","1st","","hermannia.uhligii",NA,"WC","N","20090619"
"10J","1st","","hibiscus.flavifolius",NA,"WC","N","20090619"
"10J","1st","","hibiscus.trionum",NA,"WC","N","20090619"
"10J","1st","","indigofera.brevicalyx",NA,"WC","N","20090619"
"10J","1st","","indigofera.schimperi",NA,"WC","N","20090619"
"10J","1st","","ipomea.sinensis",NA,"WC","N","20090619"
"10J","1st","","justicia.dichipteroides",NA,"WC","N","20090619"
"10J","1st","","k",NA,"WC","N","20090619"
"10J","1st","","kyllinga.sp",NA,"WC","N","20090619"
"10J","1st","","leucas.glabrata",NA,"WC","N","20090619"
"10J","1st","","leucas.martiniscensis",NA,"WC","N","20090619"
"10J","1st","","lily.a",NA,"WC","N","20090619"
"10J","1st","","lily.b",NA,"WC","N","20090619"
"10J","1st","","lippia.javanica",NA,"WC","N","20090619"
"10J","1st","","melhania.spp.",NA,"WC","N","20090619"
"10J","1st","","misopates.orontium",NA,"WC","N","20090619"
"10J","1st","","mollugo.nudicaulis",NA,"WC","N","20090619"
"10J","1st","","monechima.debile",NA,"WC","N","20090619"
"10J","1st","","monsonia.augustifolia",NA,"WC","N","20090619"
"10J","1st","","ocimum.sp",NA,"WC","N","20090619"
"10J","1st","","osteospermum.vaillantii",NA,"WC","N","20090619"
"10J","1st","","oxygonum.sinuatum",NA,"WC","N","20090619"
"10J","1st","","pavonia.patens",NA,"WC","N","20090619"
"10J","1st","","pelargonium.alchemilloides",NA,"WC","N","20090619"
"10J","1st","","pentanisia.ouranogyne",NA,"WC","N","20090619"
"10J","1st","","phyllanthus.maderaspatensis",NA,"WC","N","20090619"
"10J","1st","","plectranthus.spp",NA,"WC","N","20090619"
"10J","1st","","pollichia.campestris",NA,"WC","N","20090619"
"10J","1st","","polygala..l.",NA,"WC","N","20090619"
"10J","1st","","polygala.sphenoptera",NA,"WC","N","20090619"
"10J","1st","","portulaca.oleracea",NA,"WC","N","20090619"
"10J","1st","","portulaca.quadrifida",NA,"WC","N","20090619"
"10J","1st","","pseudognaphalium..helichrysum.glumaceum.",NA,"WC","N","20090619"
"10J","1st","","psilotrichum.schimperi",NA,"WC","N","20090619"
"10J","1st","","rhinacanthus.ndorensis",NA,"WC","N","20090619"
"10J","1st","","rhynchosia.holstii",NA,"WC","N","20090619"
"10J","1st","","schkuhria.pinnata",NA,"WC","N","20090619"
"10J","1st","","sida.2",NA,"WC","N","20090619"
"10J","1st","","sida.cuneifolia",NA,"WC","N","20090619"
"10J","1st","","solanum.incanum",NA,"WC","N","20090619"
"10J","1st","","solanum.indicum",NA,"WC","N","20090619"
"10J","1st","","tribulus.terrestris",NA,"WC","N","20090619"
"10J","1st","","u",NA,"WC","N","20090619"
"10J","1st","","w",NA,"WC","N","20090619"
"10J","1st","","x_4",NA,"WC","N","20090619"
"10J","1st","","x_5",NA,"WC","N","20090619"
"10J","1st","","x_6",NA,"WC","N","20090619"
"10J","1st","","x_7",NA,"WC","N","20090619"
"10J","1st","","x_8",NA,"WC","N","20090619"
"10H","1st","","bracharia.lacnantha",NA,"WC","N","20090619"
"10H","1st","","lintonia.nutans",NA,"WC","N","20090619"
"10H","1st","","pennisetum.mezianum",NA,"WC","N","20090619"
"10H","1st","","pennisetum.straminium",NA,"WC","N","20090619"
"10H","1st","","themeda.triandra",NA,"WC","N","20090619"
"10H","1st","","bare",9,"WC","N","20090619"
"10H","1st","","x_2",NA,"WC","N","20090619"
"10H","1st","","aristida.kenyensis",NA,"WC","N","20090619"
"10H","1st","","bothriochloa.insculpta",NA,"WC","N","20090619"
"10H","1st","","bracharia.3",NA,"WC","N","20090619"
"10H","1st","","bracharia.eruciformis",NA,"WC","N","20090619"
"10H","1st","","chloris.sp",NA,"WC","N","20090619"
"10H","1st","","cynodon.dactylon",NA,"WC","N","20090619"
"10H","1st","","cynodon.plectostachyus",NA,"WC","N","20090619"
"10H","1st","","cyperus...mariscus.spp",NA,"WC","N","20090619"
"10H","1st","","digitaria.2",NA,"WC","N","20090619"
"10H","1st","","digitaria.milanjiana",NA,"WC","N","20090619"
"10H","1st","","dinebra.retroflexa",NA,"WC","N","20090619"
"10H","1st","","eragrostis.tenuifolia",NA,"WC","N","20090619"
"10H","1st","","harpachne.schimperi",NA,"WC","N","20090619"
"10H","1st","","microchloa.kunthii",NA,"WC","N","20090619"
"10H","1st","","panicum.astrosanguinum",NA,"WC","N","20090619"
"10H","1st","","setaria.acromelaena..small.",NA,"WC","N","20090619"
"10H","1st","","setaria.sphaecealata..big.",NA,"WC","N","20090619"
"10H","1st","","sporobolus.pyramidalis",NA,"WC","N","20090619"
"10H","1st","","tragus.berteronianus",NA,"WC","N","20090619"
"10H","1st","","x_3",NA,"WC","N","20090619"
"10H","1st","","acalypha.crenata",NA,"WC","N","20090619"
"10H","1st","","aerva.lanata",NA,"WC","N","20090619"
"10H","1st","","amaranthus.hibridus",NA,"WC","N","20090619"
"10H","1st","","aspilia.pluriseta",NA,"WC","N","20090619"
"10H","1st","","asterolinon.adoense..v.",NA,"WC","N","20090619"
"10H","1st","","caralluma.acutangula",NA,"WC","N","20090619"
"10H","1st","","chenopodium.opulifolium",NA,"WC","N","20090619"
"10H","1st","","chenopodium.schraderianum",NA,"WC","N","20090619"
"10H","1st","","commelina.spp",NA,"WC","N","20090619"
"10H","1st","","commicarpus.pedunculosus",NA,"WC","N","20090619"
"10H","1st","","conyza.sp",NA,"WC","N","20090619"
"10H","1st","","corchorus.sp",NA,"WC","N","20090619"
"10H","1st","","crotelaria.sp",NA,"WC","N","20090619"
"10H","1st","","cyathula.orthacantha",NA,"WC","N","20090619"
"10H","1st","","dyscoriste.radicans",NA,"WC","N","20090619"
"10H","1st","","euphorbia.inaequilatera",NA,"WC","N","20090619"
"10H","1st","","evolvulus.alsinoides",NA,"WC","N","20090619"
"10H","1st","","fern",NA,"WC","N","20090619"
"10H","1st","","gutenbergia.sp",NA,"WC","N","20090619"
"10H","1st","","hermannia.uhligii",NA,"WC","N","20090619"
"10H","1st","","hibiscus.flavifolius",NA,"WC","N","20090619"
"10H","1st","","hibiscus.trionum",NA,"WC","N","20090619"
"10H","1st","","indigofera.brevicalyx",NA,"WC","N","20090619"
"10H","1st","","indigofera.schimperi",NA,"WC","N","20090619"
"10H","1st","","ipomea.sinensis",NA,"WC","N","20090619"
"10H","1st","","justicia.dichipteroides",NA,"WC","N","20090619"
"10H","1st","","k",NA,"WC","N","20090619"
"10H","1st","","kyllinga.sp",NA,"WC","N","20090619"
"10H","1st","","leucas.glabrata",NA,"WC","N","20090619"
"10H","1st","","leucas.martiniscensis",NA,"WC","N","20090619"
"10H","1st","","lily.a",NA,"WC","N","20090619"
"10H","1st","","lily.b",NA,"WC","N","20090619"
"10H","1st","","lippia.javanica",NA,"WC","N","20090619"
"10H","1st","","melhania.spp.",NA,"WC","N","20090619"
"10H","1st","","misopates.orontium",NA,"WC","N","20090619"
"10H","1st","","mollugo.nudicaulis",NA,"WC","N","20090619"
"10H","1st","","monechima.debile",NA,"WC","N","20090619"
"10H","1st","","monsonia.augustifolia",NA,"WC","N","20090619"
"10H","1st","","ocimum.sp",NA,"WC","N","20090619"
"10H","1st","","osteospermum.vaillantii",NA,"WC","N","20090619"
"10H","1st","","oxygonum.sinuatum",NA,"WC","N","20090619"
"10H","1st","","pavonia.patens",NA,"WC","N","20090619"
"10H","1st","","pelargonium.alchemilloides",NA,"WC","N","20090619"
"10H","1st","","pentanisia.ouranogyne",NA,"WC","N","20090619"
"10H","1st","","phyllanthus.maderaspatensis",NA,"WC","N","20090619"
"10H","1st","","plectranthus.spp",NA,"WC","N","20090619"
"10H","1st","","pollichia.campestris",NA,"WC","N","20090619"
"10H","1st","","polygala..l.",NA,"WC","N","20090619"
"10H","1st","","polygala.sphenoptera",NA,"WC","N","20090619"
"10H","1st","","portulaca.oleracea",NA,"WC","N","20090619"
"10H","1st","","portulaca.quadrifida",NA,"WC","N","20090619"
"10H","1st","","pseudognaphalium..helichrysum.glumaceum.",NA,"WC","N","20090619"
"10H","1st","","psilotrichum.schimperi",NA,"WC","N","20090619"
"10H","1st","","rhinacanthus.ndorensis",NA,"WC","N","20090619"
"10H","1st","","rhynchosia.holstii",NA,"WC","N","20090619"
"10H","1st","","schkuhria.pinnata",NA,"WC","N","20090619"
"10H","1st","","sida.2",NA,"WC","N","20090619"
"10H","1st","","sida.cuneifolia",NA,"WC","N","20090619"
"10H","1st","","solanum.incanum",NA,"WC","N","20090619"
"10H","1st","","solanum.indicum",NA,"WC","N","20090619"
"10H","1st","","tribulus.terrestris",NA,"WC","N","20090619"
"10H","1st","","u",NA,"WC","N","20090619"
"10H","1st","","w",NA,"WC","N","20090619"
"10H","1st","","x_4",NA,"WC","N","20090619"
"10H","1st","","x_5",NA,"WC","N","20090619"
"10H","1st","","x_6",NA,"WC","N","20090619"
"10H","1st","","x_7",NA,"WC","N","20090619"
"10H","1st","","x_8",NA,"WC","N","20090619"
"10F","1st","","bracharia.lacnantha",NA,"WC","N","20090619"
"10F","1st","","lintonia.nutans",NA,"WC","N","20090619"
"10F","1st","","pennisetum.mezianum",NA,"WC","N","20090619"
"10F","1st","","pennisetum.straminium",NA,"WC","N","20090619"
"10F","1st","","themeda.triandra",NA,"WC","N","20090619"
"10F","1st","","bare",3,"WC","N","20090619"
"10F","1st","","x_2",NA,"WC","N","20090619"
"10F","1st","","aristida.kenyensis",NA,"WC","N","20090619"
"10F","1st","","bothriochloa.insculpta",NA,"WC","N","20090619"
"10F","1st","","bracharia.3",NA,"WC","N","20090619"
"10F","1st","","bracharia.eruciformis",2,"WC","N","20090619"
"10F","1st","","chloris.sp",NA,"WC","N","20090619"
"10F","1st","","cynodon.dactylon",NA,"WC","N","20090619"
"10F","1st","","cynodon.plectostachyus",NA,"WC","N","20090619"
"10F","1st","","cyperus...mariscus.spp",NA,"WC","N","20090619"
"10F","1st","","digitaria.2",NA,"WC","N","20090619"
"10F","1st","","digitaria.milanjiana",NA,"WC","N","20090619"
"10F","1st","","dinebra.retroflexa",NA,"WC","N","20090619"
"10F","1st","","eragrostis.tenuifolia",NA,"WC","N","20090619"
"10F","1st","","harpachne.schimperi",NA,"WC","N","20090619"
"10F","1st","","microchloa.kunthii",NA,"WC","N","20090619"
"10F","1st","","panicum.astrosanguinum",NA,"WC","N","20090619"
"10F","1st","","setaria.acromelaena..small.",NA,"WC","N","20090619"
"10F","1st","","setaria.sphaecealata..big.",NA,"WC","N","20090619"
"10F","1st","","sporobolus.pyramidalis",NA,"WC","N","20090619"
"10F","1st","","tragus.berteronianus",NA,"WC","N","20090619"
"10F","1st","","x_3",NA,"WC","N","20090619"
"10F","1st","","acalypha.crenata",NA,"WC","N","20090619"
"10F","1st","","aerva.lanata",NA,"WC","N","20090619"
"10F","1st","","amaranthus.hibridus",NA,"WC","N","20090619"
"10F","1st","","aspilia.pluriseta",NA,"WC","N","20090619"
"10F","1st","","asterolinon.adoense..v.",NA,"WC","N","20090619"
"10F","1st","","caralluma.acutangula",NA,"WC","N","20090619"
"10F","1st","","chenopodium.opulifolium",NA,"WC","N","20090619"
"10F","1st","","chenopodium.schraderianum",NA,"WC","N","20090619"
"10F","1st","","commelina.spp",NA,"WC","N","20090619"
"10F","1st","","commicarpus.pedunculosus",NA,"WC","N","20090619"
"10F","1st","","conyza.sp",NA,"WC","N","20090619"
"10F","1st","","corchorus.sp",NA,"WC","N","20090619"
"10F","1st","","crotelaria.sp",NA,"WC","N","20090619"
"10F","1st","","cyathula.orthacantha",NA,"WC","N","20090619"
"10F","1st","","dyscoriste.radicans",NA,"WC","N","20090619"
"10F","1st","","euphorbia.inaequilatera",NA,"WC","N","20090619"
"10F","1st","","evolvulus.alsinoides",NA,"WC","N","20090619"
"10F","1st","","fern",NA,"WC","N","20090619"
"10F","1st","","gutenbergia.sp",NA,"WC","N","20090619"
"10F","1st","","hermannia.uhligii",NA,"WC","N","20090619"
"10F","1st","","hibiscus.flavifolius",NA,"WC","N","20090619"
"10F","1st","","hibiscus.trionum",NA,"WC","N","20090619"
"10F","1st","","indigofera.brevicalyx",NA,"WC","N","20090619"
"10F","1st","","indigofera.schimperi",NA,"WC","N","20090619"
"10F","1st","","ipomea.sinensis",NA,"WC","N","20090619"
"10F","1st","","justicia.dichipteroides",NA,"WC","N","20090619"
"10F","1st","","k",NA,"WC","N","20090619"
"10F","1st","","kyllinga.sp",NA,"WC","N","20090619"
"10F","1st","","leucas.glabrata",NA,"WC","N","20090619"
"10F","1st","","leucas.martiniscensis",NA,"WC","N","20090619"
"10F","1st","","lily.a",NA,"WC","N","20090619"
"10F","1st","","lily.b",NA,"WC","N","20090619"
"10F","1st","","lippia.javanica",NA,"WC","N","20090619"
"10F","1st","","melhania.spp.",NA,"WC","N","20090619"
"10F","1st","","misopates.orontium",NA,"WC","N","20090619"
"10F","1st","","mollugo.nudicaulis",NA,"WC","N","20090619"
"10F","1st","","monechima.debile",NA,"WC","N","20090619"
"10F","1st","","monsonia.augustifolia",NA,"WC","N","20090619"
"10F","1st","","ocimum.sp",NA,"WC","N","20090619"
"10F","1st","","osteospermum.vaillantii",NA,"WC","N","20090619"
"10F","1st","","oxygonum.sinuatum",NA,"WC","N","20090619"
"10F","1st","","pavonia.patens",NA,"WC","N","20090619"
"10F","1st","","pelargonium.alchemilloides",NA,"WC","N","20090619"
"10F","1st","","pentanisia.ouranogyne",NA,"WC","N","20090619"
"10F","1st","","phyllanthus.maderaspatensis",NA,"WC","N","20090619"
"10F","1st","","plectranthus.spp",NA,"WC","N","20090619"
"10F","1st","","pollichia.campestris",NA,"WC","N","20090619"
"10F","1st","","polygala..l.",NA,"WC","N","20090619"
"10F","1st","","polygala.sphenoptera",NA,"WC","N","20090619"
"10F","1st","","portulaca.oleracea",NA,"WC","N","20090619"
"10F","1st","","portulaca.quadrifida",NA,"WC","N","20090619"
"10F","1st","","pseudognaphalium..helichrysum.glumaceum.",NA,"WC","N","20090619"
"10F","1st","","psilotrichum.schimperi",NA,"WC","N","20090619"
"10F","1st","","rhinacanthus.ndorensis",NA,"WC","N","20090619"
"10F","1st","","rhynchosia.holstii",NA,"WC","N","20090619"
"10F","1st","","schkuhria.pinnata",NA,"WC","N","20090619"
"10F","1st","","sida.2",NA,"WC","N","20090619"
"10F","1st","","sida.cuneifolia",NA,"WC","N","20090619"
"10F","1st","","solanum.incanum",NA,"WC","N","20090619"
"10F","1st","","solanum.indicum",NA,"WC","N","20090619"
"10F","1st","","tribulus.terrestris",NA,"WC","N","20090619"
"10F","1st","","u",NA,"WC","N","20090619"
"10F","1st","","w",NA,"WC","N","20090619"
"10F","1st","","x_4",NA,"WC","N","20090619"
"10F","1st","","x_5",NA,"WC","N","20090619"
"10F","1st","","x_6",NA,"WC","N","20090619"
"10F","1st","","x_7",NA,"WC","N","20090619"
"10F","1st","","x_8",NA,"WC","N","20090619"
"10D","1st","","bracharia.lacnantha",NA,"WC","N","20090619"
"10D","1st","","lintonia.nutans",NA,"WC","N","20090619"
"10D","1st","","pennisetum.mezianum",NA,"WC","N","20090619"
"10D","1st","","pennisetum.straminium",NA,"WC","N","20090619"
"10D","1st","","themeda.triandra",NA,"WC","N","20090619"
"10D","1st","","bare",4,"WC","N","20090619"
"10D","1st","","x_2",NA,"WC","N","20090619"
"10D","1st","","aristida.kenyensis",NA,"WC","N","20090619"
"10D","1st","","bothriochloa.insculpta",NA,"WC","N","20090619"
"10D","1st","","bracharia.3",NA,"WC","N","20090619"
"10D","1st","","bracharia.eruciformis",NA,"WC","N","20090619"
"10D","1st","","chloris.sp",NA,"WC","N","20090619"
"10D","1st","","cynodon.dactylon",NA,"WC","N","20090619"
"10D","1st","","cynodon.plectostachyus",NA,"WC","N","20090619"
"10D","1st","","cyperus...mariscus.spp",NA,"WC","N","20090619"
"10D","1st","","digitaria.2",NA,"WC","N","20090619"
"10D","1st","","digitaria.milanjiana",NA,"WC","N","20090619"
"10D","1st","","dinebra.retroflexa",NA,"WC","N","20090619"
"10D","1st","","eragrostis.tenuifolia",NA,"WC","N","20090619"
"10D","1st","","harpachne.schimperi",NA,"WC","N","20090619"
"10D","1st","","microchloa.kunthii",NA,"WC","N","20090619"
"10D","1st","","panicum.astrosanguinum",NA,"WC","N","20090619"
"10D","1st","","setaria.acromelaena..small.",NA,"WC","N","20090619"
"10D","1st","","setaria.sphaecealata..big.",NA,"WC","N","20090619"
"10D","1st","","sporobolus.pyramidalis",NA,"WC","N","20090619"
"10D","1st","","tragus.berteronianus",NA,"WC","N","20090619"
"10D","1st","","x_3",NA,"WC","N","20090619"
"10D","1st","","acalypha.crenata",NA,"WC","N","20090619"
"10D","1st","","aerva.lanata",NA,"WC","N","20090619"
"10D","1st","","amaranthus.hibridus",NA,"WC","N","20090619"
"10D","1st","","aspilia.pluriseta",NA,"WC","N","20090619"
"10D","1st","","asterolinon.adoense..v.",NA,"WC","N","20090619"
"10D","1st","","caralluma.acutangula",NA,"WC","N","20090619"
"10D","1st","","chenopodium.opulifolium",NA,"WC","N","20090619"
"10D","1st","","chenopodium.schraderianum",NA,"WC","N","20090619"
"10D","1st","","commelina.spp",NA,"WC","N","20090619"
"10D","1st","","commicarpus.pedunculosus",NA,"WC","N","20090619"
"10D","1st","","conyza.sp",NA,"WC","N","20090619"
"10D","1st","","corchorus.sp",NA,"WC","N","20090619"
"10D","1st","","crotelaria.sp",NA,"WC","N","20090619"
"10D","1st","","cyathula.orthacantha",NA,"WC","N","20090619"
"10D","1st","","dyscoriste.radicans",NA,"WC","N","20090619"
"10D","1st","","euphorbia.inaequilatera",NA,"WC","N","20090619"
"10D","1st","","evolvulus.alsinoides",NA,"WC","N","20090619"
"10D","1st","","fern",NA,"WC","N","20090619"
"10D","1st","","gutenbergia.sp",NA,"WC","N","20090619"
"10D","1st","","hermannia.uhligii",NA,"WC","N","20090619"
"10D","1st","","hibiscus.flavifolius",NA,"WC","N","20090619"
"10D","1st","","hibiscus.trionum",NA,"WC","N","20090619"
"10D","1st","","indigofera.brevicalyx",NA,"WC","N","20090619"
"10D","1st","","indigofera.schimperi",NA,"WC","N","20090619"
"10D","1st","","ipomea.sinensis",NA,"WC","N","20090619"
"10D","1st","","justicia.dichipteroides",NA,"WC","N","20090619"
"10D","1st","","k",NA,"WC","N","20090619"
"10D","1st","","kyllinga.sp",NA,"WC","N","20090619"
"10D","1st","","leucas.glabrata",NA,"WC","N","20090619"
"10D","1st","","leucas.martiniscensis",NA,"WC","N","20090619"
"10D","1st","","lily.a",NA,"WC","N","20090619"
"10D","1st","","lily.b",NA,"WC","N","20090619"
"10D","1st","","lippia.javanica",NA,"WC","N","20090619"
"10D","1st","","melhania.spp.",NA,"WC","N","20090619"
"10D","1st","","misopates.orontium",NA,"WC","N","20090619"
"10D","1st","","mollugo.nudicaulis",NA,"WC","N","20090619"
"10D","1st","","monechima.debile",NA,"WC","N","20090619"
"10D","1st","","monsonia.augustifolia",NA,"WC","N","20090619"
"10D","1st","","ocimum.sp",NA,"WC","N","20090619"
"10D","1st","","osteospermum.vaillantii",NA,"WC","N","20090619"
"10D","1st","","oxygonum.sinuatum",NA,"WC","N","20090619"
"10D","1st","","pavonia.patens",NA,"WC","N","20090619"
"10D","1st","","pelargonium.alchemilloides",NA,"WC","N","20090619"
"10D","1st","","pentanisia.ouranogyne",NA,"WC","N","20090619"
"10D","1st","","phyllanthus.maderaspatensis",NA,"WC","N","20090619"
"10D","1st","","plectranthus.spp",NA,"WC","N","20090619"
"10D","1st","","pollichia.campestris",NA,"WC","N","20090619"
"10D","1st","","polygala..l.",NA,"WC","N","20090619"
"10D","1st","","polygala.sphenoptera",NA,"WC","N","20090619"
"10D","1st","","portulaca.oleracea",NA,"WC","N","20090619"
"10D","1st","","portulaca.quadrifida",NA,"WC","N","20090619"
"10D","1st","","pseudognaphalium..helichrysum.glumaceum.",NA,"WC","N","20090619"
"10D","1st","","psilotrichum.schimperi",NA,"WC","N","20090619"
"10D","1st","","rhinacanthus.ndorensis",NA,"WC","N","20090619"
"10D","1st","","rhynchosia.holstii",NA,"WC","N","20090619"
"10D","1st","","schkuhria.pinnata",NA,"WC","N","20090619"
"10D","1st","","sida.2",NA,"WC","N","20090619"
"10D","1st","","sida.cuneifolia",NA,"WC","N","20090619"
"10D","1st","","solanum.incanum",NA,"WC","N","20090619"
"10D","1st","","solanum.indicum",NA,"WC","N","20090619"
"10D","1st","","tribulus.terrestris",NA,"WC","N","20090619"
"10D","1st","","u",NA,"WC","N","20090619"
"10D","1st","","w",NA,"WC","N","20090619"
"10D","1st","","x_4",NA,"WC","N","20090619"
"10D","1st","","x_5",NA,"WC","N","20090619"
"10D","1st","","x_6",NA,"WC","N","20090619"
"10D","1st","","x_7",NA,"WC","N","20090619"
"10D","1st","","x_8",NA,"WC","N","20090619"
"10B","1st","","bracharia.lacnantha",NA,"WC","N","20090619"
"10B","1st","","lintonia.nutans",NA,"WC","N","20090619"
"10B","1st","","pennisetum.mezianum",NA,"WC","N","20090619"
"10B","1st","","pennisetum.straminium",NA,"WC","N","20090619"
"10B","1st","","themeda.triandra",NA,"WC","N","20090619"
"10B","1st","","bare",9,"WC","N","20090619"
"10B","1st","","x_2",NA,"WC","N","20090619"
"10B","1st","","aristida.kenyensis",NA,"WC","N","20090619"
"10B","1st","","bothriochloa.insculpta",NA,"WC","N","20090619"
"10B","1st","","bracharia.3",NA,"WC","N","20090619"
"10B","1st","","bracharia.eruciformis",NA,"WC","N","20090619"
"10B","1st","","chloris.sp",NA,"WC","N","20090619"
"10B","1st","","cynodon.dactylon",NA,"WC","N","20090619"
"10B","1st","","cynodon.plectostachyus",NA,"WC","N","20090619"
"10B","1st","","cyperus...mariscus.spp",NA,"WC","N","20090619"
"10B","1st","","digitaria.2",NA,"WC","N","20090619"
"10B","1st","","digitaria.milanjiana",NA,"WC","N","20090619"
"10B","1st","","dinebra.retroflexa",NA,"WC","N","20090619"
"10B","1st","","eragrostis.tenuifolia",NA,"WC","N","20090619"
"10B","1st","","harpachne.schimperi",NA,"WC","N","20090619"
"10B","1st","","microchloa.kunthii",NA,"WC","N","20090619"
"10B","1st","","panicum.astrosanguinum",NA,"WC","N","20090619"
"10B","1st","","setaria.acromelaena..small.",NA,"WC","N","20090619"
"10B","1st","","setaria.sphaecealata..big.",NA,"WC","N","20090619"
"10B","1st","","sporobolus.pyramidalis",NA,"WC","N","20090619"
"10B","1st","","tragus.berteronianus",NA,"WC","N","20090619"
"10B","1st","","x_3",NA,"WC","N","20090619"
"10B","1st","","acalypha.crenata",NA,"WC","N","20090619"
"10B","1st","","aerva.lanata",NA,"WC","N","20090619"
"10B","1st","","amaranthus.hibridus",NA,"WC","N","20090619"
"10B","1st","","aspilia.pluriseta",NA,"WC","N","20090619"
"10B","1st","","asterolinon.adoense..v.",NA,"WC","N","20090619"
"10B","1st","","caralluma.acutangula",NA,"WC","N","20090619"
"10B","1st","","chenopodium.opulifolium",NA,"WC","N","20090619"
"10B","1st","","chenopodium.schraderianum",NA,"WC","N","20090619"
"10B","1st","","commelina.spp",NA,"WC","N","20090619"
"10B","1st","","commicarpus.pedunculosus",NA,"WC","N","20090619"
"10B","1st","","conyza.sp",NA,"WC","N","20090619"
"10B","1st","","corchorus.sp",NA,"WC","N","20090619"
"10B","1st","","crotelaria.sp",NA,"WC","N","20090619"
"10B","1st","","cyathula.orthacantha",NA,"WC","N","20090619"
"10B","1st","","dyscoriste.radicans",NA,"WC","N","20090619"
"10B","1st","","euphorbia.inaequilatera",NA,"WC","N","20090619"
"10B","1st","","evolvulus.alsinoides",NA,"WC","N","20090619"
"10B","1st","","fern",NA,"WC","N","20090619"
"10B","1st","","gutenbergia.sp",NA,"WC","N","20090619"
"10B","1st","","hermannia.uhligii",NA,"WC","N","20090619"
"10B","1st","","hibiscus.flavifolius",NA,"WC","N","20090619"
"10B","1st","","hibiscus.trionum",NA,"WC","N","20090619"
"10B","1st","","indigofera.brevicalyx",NA,"WC","N","20090619"
"10B","1st","","indigofera.schimperi",NA,"WC","N","20090619"
"10B","1st","","ipomea.sinensis",NA,"WC","N","20090619"
"10B","1st","","justicia.dichipteroides",NA,"WC","N","20090619"
"10B","1st","","k",NA,"WC","N","20090619"
"10B","1st","","kyllinga.sp",NA,"WC","N","20090619"
"10B","1st","","leucas.glabrata",NA,"WC","N","20090619"
"10B","1st","","leucas.martiniscensis",NA,"WC","N","20090619"
"10B","1st","","lily.a",NA,"WC","N","20090619"
"10B","1st","","lily.b",NA,"WC","N","20090619"
"10B","1st","","lippia.javanica",NA,"WC","N","20090619"
"10B","1st","","melhania.spp.",NA,"WC","N","20090619"
"10B","1st","","misopates.orontium",NA,"WC","N","20090619"
"10B","1st","","mollugo.nudicaulis",NA,"WC","N","20090619"
"10B","1st","","monechima.debile",NA,"WC","N","20090619"
"10B","1st","","monsonia.augustifolia",NA,"WC","N","20090619"
"10B","1st","","ocimum.sp",NA,"WC","N","20090619"
"10B","1st","","osteospermum.vaillantii",NA,"WC","N","20090619"
"10B","1st","","oxygonum.sinuatum",NA,"WC","N","20090619"
"10B","1st","","pavonia.patens",NA,"WC","N","20090619"
"10B","1st","","pelargonium.alchemilloides",NA,"WC","N","20090619"
"10B","1st","","pentanisia.ouranogyne",NA,"WC","N","20090619"
"10B","1st","","phyllanthus.maderaspatensis",NA,"WC","N","20090619"
"10B","1st","","plectranthus.spp",NA,"WC","N","20090619"
"10B","1st","","pollichia.campestris",NA,"WC","N","20090619"
"10B","1st","","polygala..l.",NA,"WC","N","20090619"
"10B","1st","","polygala.sphenoptera",NA,"WC","N","20090619"
"10B","1st","","portulaca.oleracea",NA,"WC","N","20090619"
"10B","1st","","portulaca.quadrifida",NA,"WC","N","20090619"
"10B","1st","","pseudognaphalium..helichrysum.glumaceum.",NA,"WC","N","20090619"
"10B","1st","","psilotrichum.schimperi",NA,"WC","N","20090619"
"10B","1st","","rhinacanthus.ndorensis",NA,"WC","N","20090619"
"10B","1st","","rhynchosia.holstii",NA,"WC","N","20090619"
"10B","1st","","schkuhria.pinnata",NA,"WC","N","20090619"
"10B","1st","","sida.2",NA,"WC","N","20090619"
"10B","1st","","sida.cuneifolia",NA,"WC","N","20090619"
"10B","1st","","solanum.incanum",NA,"WC","N","20090619"
"10B","1st","","solanum.indicum",NA,"WC","N","20090619"
"10B","1st","","tribulus.terrestris",NA,"WC","N","20090619"
"10B","1st","","u",NA,"WC","N","20090619"
"10B","1st","","w",NA,"WC","N","20090619"
"10B","1st","","x_4",NA,"WC","N","20090619"
"10B","1st","","x_5",NA,"WC","N","20090619"
"10B","1st","","x_6",NA,"WC","N","20090619"
"10B","1st","","x_7",NA,"WC","N","20090619"
"10B","1st","","x_8",NA,"WC","N","20090619"
